  -2.00000   0.00000    0.2153828425E-01   -0.7355098243E-08    0.1226025322E-02
  -1.98998   0.00000    0.2179736268E-01   -0.7471723870E-08    0.1228382778E-02
  -1.97995   0.00000    0.2206115230E-01   -0.7590559906E-08    0.1230542917E-02
  -1.96992   0.00000    0.2232953175E-01   -0.7711506924E-08    0.1232482046E-02
  -1.95990   0.00000    0.2260237177E-01   -0.7834448661E-08    0.1234174764E-02
  -1.94988   0.00000    0.2288009269E-01   -0.7959513091E-08    0.1235596830E-02
  -1.93985   0.00000    0.2316314349E-01   -0.8086846531E-08    0.1236720543E-02
  -1.92982   0.00000    0.2345142222E-01   -0.8216352004E-08    0.1237513400E-02
  -1.91980   0.00000    0.2374481165E-01   -0.8347934838E-08    0.1237942570E-02
  -1.90977   0.00000    0.2404407599E-01   -0.8481902309E-08    0.1237975871E-02
  -1.89975   0.00000    0.2434879342E-01   -0.8618045825E-08    0.1237580536E-02
  -1.88972   0.00000    0.2465974119E-01   -0.8756713603E-08    0.1236723739E-02
  -1.87970   0.00000    0.2497646000E-01   -0.8897720788E-08    0.1235376172E-02
  -1.86967   0.00000    0.2529973328E-01   -0.9041463718E-08    0.1233505240E-02
  -1.85965   0.00000    0.2562905668E-01   -0.9187799352E-08    0.1231086011E-02
  -1.84962   0.00000    0.2596521663E-01   -0.9337172878E-08    0.1228085999E-02
  -1.83960   0.00000    0.2630766086E-01   -0.9489433707E-08    0.1224484116E-02
  -1.82957   0.00000    0.2665718108E-01   -0.9645026432E-08    0.1220245900E-02
  -1.81955   0.00000    0.2701318037E-01   -0.9803771573E-08    0.1215350850E-02
  -1.80952   0.00000    0.2737646459E-01   -0.9966100877E-08    0.1209755748E-02
  -1.79950   0.00000    0.2774640213E-01   -0.1013179891E-07    0.1203432201E-02
  -1.78947   0.00000    0.2812382375E-01   -0.1030128611E-07    0.1196321156E-02
  -1.77945   0.00000    0.2850807013E-01   -0.1047429834E-07    0.1188383607E-02
  -1.76942   0.00000    0.2890000432E-01   -0.1065123459E-07    0.1179544191E-02
  -1.75940   0.00000    0.2929894565E-01   -0.1083177613E-07    0.1169755881E-02
  -1.74937   0.00000    0.2970579868E-01   -0.1101629575E-07    0.1158930581E-02
  -1.73935   0.00000    0.3011987000E-01   -0.1120442380E-07    0.1147019405E-02
  -1.72932   0.00000    0.3054211594E-01   -0.1139652195E-07    0.1133928053E-02
  -1.71930   0.00000    0.3097183815E-01   -0.1159218487E-07    0.1119615499E-02
  -1.70927   0.00000    0.3141005480E-01   -0.1179176684E-07    0.1103994341E-02
  -1.69925   0.00000    0.3185607066E-01   -0.1199482941E-07    0.1087048790E-02
  -1.68922   0.00000    0.3231097460E-01   -0.1220172024E-07    0.1068711931E-02
  -1.67920   0.00000    0.3277407933E-01   -0.1241197631E-07    0.1049002527E-02
  -1.66917   0.00000    0.3324655300E-01   -0.1262594713E-07    0.1027879567E-02
  -1.65915   0.00000    0.3372772329E-01   -0.1284312821E-07    0.1005400179E-02
  -1.64912   0.00000    0.3421884998E-01   -0.1306386122E-07    0.9815514952E-03
  -1.63910   0.00000    0.3471928433E-01   -0.1328760229E-07    0.9564298839E-03
  -1.62907   0.00000    0.3523038956E-01   -0.1351469851E-07    0.9300501733E-03
  -1.61905   0.00000    0.3575154714E-01   -0.1374459276E-07    0.9025420000E-03
  -1.60902   0.00000    0.3628424231E-01   -0.1397764608E-07    0.8739316048E-03
  -1.59900   0.00000    0.3682790396E-01   -0.1421330166E-07    0.8443553344E-03
  -1.58897   0.00000    0.3738415586E-01   -0.1445193874E-07    0.8138279733E-03
  -1.57895   0.00000    0.3795247316E-01   -0.1469299083E-07    0.7824755102E-03
  -1.56892   0.00000    0.3853461987E-01   -0.1493684013E-07    0.7502899035E-03
  -1.55890   0.00000    0.3913010530E-01   -0.1518288046E-07    0.7173777615E-03
  -1.54887   0.00000    0.3974082511E-01   -0.1543145629E-07    0.6837041815E-03
  -1.53885   0.00000    0.4036629982E-01   -0.1568187552E-07    0.6493546235E-03
  -1.52882   0.00000    0.4100854354E-01   -0.1593446971E-07    0.6142652803E-03
  -1.51880   0.00000    0.4166704672E-01   -0.1618859723E-07    0.5785009689E-03
  -1.50877   0.00000    0.4234386556E-01   -0.1644468460E-07    0.5419840368E-03
  -1.49875   0.00000    0.4303833365E-01   -0.1670221398E-07    0.5047847574E-03
  -1.48872   0.00000    0.4375244413E-01   -0.1696178965E-07    0.4668313963E-03
  -1.47870   0.00000    0.4448528798E-01   -0.1722309915E-07    0.4282067289E-03
  -1.46867   0.00000    0.4523874196E-01   -0.1748703559E-07    0.3888435117E-03
  -1.45865   0.00000    0.4601160845E-01   -0.1775359818E-07    0.3488304331E-03
  -1.44862   0.00000    0.4680562073E-01   -0.1802404578E-07    0.3080962948E-03
  -1.43860   0.00000    0.4761926625E-01   -0.1829876587E-07    0.2667288733E-03
  -1.42857   0.00000    0.4845411887E-01   -0.1857942733E-07    0.2246502523E-03
  -1.41855   0.00000    0.4930840555E-01   -0.1886659742E-07    0.1819319338E-03
  -1.40852   0.00000    0.5018381210E-01   -0.1916182733E-07    0.1384228857E-03
  -1.39850   0.00000    0.5107876922E-01   -0.1946528194E-07    0.9406696146E-04
  -1.38847   0.00000    0.5199550930E-01   -0.1977793702E-07    0.4854075302E-04
  -1.37845   0.00000    0.5293296887E-01   -0.2009900767E-07    0.1599871795E-05
  -1.36842   0.00000    0.5389401611E-01   -0.2042827378E-07   -0.4726733091E-04
  -1.35840   0.00000    0.5487770689E-01   -0.2076340676E-07   -0.9841289474E-04
  -1.34837   0.00000    0.5588678818E-01   -0.2110263533E-07   -0.1523925261E-03
  -1.33835   0.00000    0.5691974605E-01   -0.2144215709E-07   -0.2095437310E-03
  -1.32832   0.00000    0.5797880736E-01   -0.2177898677E-07   -0.2704159008E-03
  -1.31830   0.00000    0.5906181738E-01   -0.2210858899E-07   -0.3353297982E-03
  -1.30827   0.00000    0.6017100240E-01   -0.2242865694E-07   -0.4049004515E-03
  -1.29825   0.00000    0.6130451814E-01   -0.2273704402E-07   -0.4795311386E-03
  -1.28822   0.00000    0.6246540819E-01   -0.2303431513E-07   -0.5599700796E-03
  -1.27819   0.00000    0.6365381355E-01   -0.2332154830E-07   -0.6467922099E-03
  -1.26817   0.00000    0.6487016056E-01   -0.2360131194E-07   -0.7405971904E-03
  -1.25815   0.00000    0.6611742576E-01   -0.2387720637E-07   -0.8422373173E-03
  -1.24812   0.00000    0.6739871712E-01   -0.2415124020E-07   -0.9526796714E-03
  -1.23809   0.00000    0.6871454036E-01   -0.2442269277E-07   -0.1072764615E-02
  -1.22807   0.00000    0.7006510159E-01   -0.2468856975E-07   -0.1203369764E-02
  -1.21805   0.00000    0.7145311607E-01   -0.2494398099E-07   -0.1345616551E-02
  -1.20802   0.00000    0.7288143641E-01   -0.2518153195E-07   -0.1500507792E-02
  -1.19799   0.00000    0.7435019578E-01   -0.2539276323E-07   -0.1668487658E-02
  -1.18797   0.00000    0.7585950693E-01   -0.2557097247E-07   -0.1849628488E-02
  -1.17795   0.00000    0.7741260995E-01   -0.2571185629E-07   -0.2044005292E-02
  -1.16792   0.00000    0.7901307243E-01   -0.2581305364E-07   -0.2251552100E-02
  -1.15789   0.00000    0.8066143316E-01   -0.2587405707E-07   -0.2471956471E-02
  -1.14787   0.00000    0.8235814166E-01   -0.2589639096E-07   -0.2705276186E-02
  -1.13784   0.00000    0.8410883980E-01   -0.2588156299E-07   -0.2952863031E-02
  -1.12782   0.00000    0.8591237917E-01   -0.2582952196E-07   -0.3215797001E-02
  -1.11779   0.00000    0.8777479936E-01   -0.2573828383E-07   -0.3496709176E-02
  -1.10777   0.00000    0.8969489616E-01   -0.2560421627E-07   -0.3797239454E-02
  -1.09774   0.00000    0.9167903337E-01   -0.2542130985E-07   -0.4119982913E-02
  -1.08772   0.00000    0.9372575431E-01   -0.2518243288E-07   -0.4465864605E-02
  -1.07769   0.00000    0.9584162823E-01   -0.2487902444E-07   -0.4836575054E-02
  -1.06767   0.00000    0.9802491938E-01   -0.2450385534E-07   -0.5231976100E-02
  -1.05764   0.00000    0.1002825228E+00   -0.2404856859E-07   -0.5653501362E-02
  -1.04762   0.00000    0.1026125217E+00   -0.2350681466E-07   -0.6101207034E-02
  -1.03759   0.00000    0.1050222350E+00   -0.2287041770E-07   -0.6577305216E-02
  -1.02757   0.00000    0.1075096271E+00   -0.2213354260E-07   -0.7082715203E-02
  -1.01754   0.00000    0.1100824995E+00   -0.2128721107E-07   -0.7620747813E-02
  -1.00752   0.00000    0.1127385336E+00   -0.2032508894E-07   -0.8192713668E-02
  -0.99749   0.00000    0.1154857872E+00   -0.1923636126E-07   -0.8802050539E-02
  -0.98747   0.00000    0.1183214386E+00   -0.1801340739E-07   -0.9449672280E-02
  -0.97744   0.00000    0.1212536334E+00   -0.1664276485E-07   -0.1013880207E-01
  -0.96742   0.00000    0.1242788839E+00   -0.1511529109E-07   -0.1086992444E-01
  -0.95739   0.00000    0.1274055986E+00   -0.1341521095E-07   -0.1164663906E-01
  -0.94737   0.00000    0.1306300329E+00   -0.1153220048E-07   -0.1247008629E-01
  -0.93734   0.00000    0.1339612875E+00   -0.9447794827E-08   -0.1334525582E-01
  -0.92732   0.00000    0.1373955755E+00   -0.7150469795E-08   -0.1427439841E-01
  -0.91729   0.00000    0.1409426655E+00   -0.4618612632E-08   -0.1526365832E-01
  -0.90727   0.00000    0.1445987391E+00   -0.1838774196E-08   -0.1631531426E-01
  -0.89724   0.00000    0.1483753543E+00    0.1214948009E-08   -0.1743647093E-01
  -0.88722   0.00000    0.1522695993E+00    0.4558486954E-08   -0.1863170138E-01
  -0.87719   0.00000    0.1562928249E+00    0.8221828108E-08   -0.1991177183E-01
  -0.86717   0.00000    0.1604388430E+00    0.1222177124E-07   -0.2128231961E-01
  -0.85714   0.00000    0.1647170397E+00    0.1659118802E-07   -0.2275251515E-01
  -0.84712   0.00000    0.1691208758E+00    0.2134675768E-07   -0.2432429961E-01
  -0.83709   0.00000    0.1736626127E+00    0.2652438519E-07   -0.2600571375E-01
  -0.82707   0.00000    0.1783374799E+00    0.3214123735E-07   -0.2779954781E-01
  -0.81704   0.00000    0.1831588844E+00    0.3823748195E-07   -0.2971700455E-01
  -0.80702   0.00000    0.1881203370E+00    0.4483106824E-07   -0.3176276961E-01
  -0.79699   0.00000    0.1932340374E+00    0.5196604384E-07   -0.3394960872E-01
  -0.78697   0.00000    0.1984918552E+00    0.5965971869E-07   -0.3628260799E-01
  -0.77694   0.00000    0.2039052659E+00    0.6796016395E-07   -0.3877768751E-01
  -0.76692   0.00000    0.2094614998E+00    0.7688342125E-07   -0.4144258378E-01
  -0.75689   0.00000    0.2151663785E+00    0.8647839764E-07   -0.4429449912E-01
  -0.74687   0.00000    0.2210021494E+00    0.9675359857E-07   -0.4733596788E-01
  -0.73684   0.00000    0.2269762590E+00    0.1077534376E-06   -0.5057866188E-01
  -0.72682   0.00000    0.2330752030E+00    0.1194767830E-06   -0.5402256066E-01
  -0.71679   0.00000    0.2393089607E+00    0.1319659543E-06   -0.5768372174E-01
  -0.70677   0.00000    0.2456586744E+00    0.1452113955E-06   -0.6156446251E-01
  -0.69674   0.00000    0.2521259543E+00    0.1592506158E-06   -0.6567838799E-01
  -0.68672   0.00000    0.2586852051E+00    0.1740613242E-06   -0.7001821768E-01
  -0.67669   0.00000    0.2653368723E+00    0.1896719224E-06   -0.7459272312E-01
  -0.66667   0.00000    0.2720514502E+00    0.2060420179E-06   -0.7939648759E-01
  -0.65664   0.00000    0.2788165518E+00    0.2231841035E-06   -0.8444449756E-01
  -0.64662   0.00000    0.2855822567E+00    0.2410284289E-06   -0.8972642494E-01
  -0.63659   0.00000    0.2923200725E+00    0.2595533314E-06   -0.9524175278E-01
  -0.62657   0.00000    0.2989743647E+00    0.2786412623E-06   -0.1009595557E+00
  -0.61654   0.00000    0.3055149355E+00    0.2982226700E-06   -0.1068663527E+00
  -0.60652   0.00000    0.3118793522E+00    0.3181228647E-06   -0.1129184178E+00
  -0.59649   0.00000    0.3180249391E+00    0.3382156772E-06   -0.1190810650E+00
  -0.58647   0.00000    0.3238850076E+00    0.3582682251E-06   -0.1252772583E+00
  -0.57644   0.00000    0.3294228258E+00    0.3781055003E-06   -0.1314420752E+00
  -0.56642   0.00000    0.3345824720E+00    0.3974600629E-06   -0.1374801229E+00
  -0.55639   0.00000    0.3393275415E+00    0.4161325511E-06   -0.1433118907E+00
  -0.54637   0.00000    0.3436019492E+00    0.4338403276E-06   -0.1488177673E+00
  -0.53634   0.00000    0.3473765976E+00    0.4503644426E-06   -0.1538809624E+00
  -0.52632   0.00000    0.3506239926E+00    0.4654116890E-06   -0.1583480675E+00
  -0.51629   0.00000    0.3533523546E+00    0.4787481263E-06   -0.1620761959E+00
  -0.50627   0.00000    0.3555798769E+00    0.4900836268E-06   -0.1649055346E+00
  -0.49624   0.00000    0.3573547514E+00    0.4991843526E-06   -0.1666925750E+00
  -0.48622   0.00000    0.3587376035E+00    0.5057885088E-06   -0.1672896154E+00
  -0.47619   0.00000    0.3598196994E+00    0.5096885203E-06   -0.1665657231E+00
  -0.46616   0.00000    0.3607127720E+00    0.5106941460E-06   -0.1644119458E+00
  -0.45614   0.00000    0.3615480087E+00    0.5086772962E-06   -0.1607605644E+00
  -0.44611   0.00000    0.3624685687E+00    0.5035632406E-06   -0.1555745654E+00
  -0.43609   0.00000    0.3636139996E+00    0.4953548697E-06   -0.1488760195E+00
  -0.42607   0.00000    0.3651249780E+00    0.4841119492E-06   -0.1407106145E+00
  -0.41604   0.00000    0.3671353177E+00    0.4699481253E-06   -0.1311576491E+00
  -0.40602   0.00000    0.3697612799E+00    0.4530799908E-06   -0.1203636506E+00
  -0.39599   0.00000    0.3731056859E+00    0.4337163756E-06   -0.1084714003E+00
  -0.38597   0.00000    0.3772262868E+00    0.4121792674E-06   -0.9569219278E-01
  -0.37594   0.00000    0.3821609881E+00    0.3887372977E-06   -0.8219757777E-01
  -0.36591   0.00000    0.3879059379E+00    0.3637360458E-06   -0.6819461415E-01
  -0.35589   0.00000    0.3944310008E+00    0.3375326792E-06   -0.5388488163E-01
  -0.34586   0.00000    0.4017068875E+00    0.3103994299E-06   -0.3942004483E-01
  -0.33584   0.00000    0.4096590779E+00    0.2827122550E-06   -0.2499929534E-01
  -0.32582   0.00000    0.4182185004E+00    0.2547478845E-06   -0.1075997635E-01
  -0.31579   0.00000    0.4273085738E+00    0.2267477817E-06    0.3187504651E-02
  -0.30576   0.00000    0.4368342769E+00    0.1989804189E-06    0.1673584857E-01
  -0.29574   0.00000    0.4467048384E+00    0.1716788269E-06    0.2980669930E-01
  -0.28571   0.00000    0.4568640330E+00    0.1449550921E-06    0.4237865588E-01
  -0.27569   0.00000    0.4672156372E+00    0.1189915704E-06    0.5439158632E-01
  -0.26566   0.00000    0.4777038955E+00    0.9384357839E-07    0.6584791436E-01
  -0.25564   0.00000    0.4882381383E+00    0.6964778004E-07    0.7671656150E-01
  -0.24561   0.00000    0.4987834079E+00    0.4642080307E-07    0.8701702379E-01
  -0.23559   0.00000    0.5092748467E+00    0.2427144681E-07    0.9672595750E-01
  -0.22556   0.00000    0.5196920737E+00    0.3208045325E-08    0.1058640666E+00
  -0.21554   0.00000    0.5299725214E+00   -0.1668504388E-07    0.1144280534E+00
  -0.20551   0.00000    0.5400990082E+00   -0.3542884180E-07    0.1224646945E+00
  -0.19549   0.00000    0.5500203511E+00   -0.5299050604E-07    0.1299953067E+00
  -0.18546   0.00000    0.5597307402E+00   -0.6944813426E-07    0.1370706100E+00
  -0.17544   0.00000    0.5691878671E+00   -0.8483635548E-07    0.1437048671E+00
  -0.16541   0.00000    0.5783905015E+00   -0.9927819812E-07    0.1499362875E+00
  -0.15539   0.00000    0.5873110164E+00   -0.1128712800E-06    0.1557788720E+00
  -0.14536   0.00000    0.5959769286E+00   -0.1257665832E-06    0.1612656957E+00
  -0.13534   0.00000    0.6043965896E+00   -0.1380496810E-06    0.1663967456E+00
  -0.12531   0.00000    0.6126132990E+00   -0.1498374151E-06    0.1711903996E+00
  -0.11529   0.00000    0.6206187662E+00   -0.1611698561E-06    0.1756581348E+00
  -0.10526   0.00000    0.6284133701E+00   -0.1721117556E-06    0.1798482847E+00
  -0.09524   0.00000    0.6359583825E+00   -0.1826608020E-06    0.1837997556E+00
  -0.08521   0.00000    0.6432678380E+00   -0.1928416458E-06    0.1875475631E+00
  -0.07519   0.00000    0.6503646356E+00   -0.2026327936E-06    0.1910571354E+00
  -0.06516   0.00000    0.6572958483E+00   -0.2120484434E-06    0.1942883749E+00
  -0.05514   0.00000    0.6640269298E+00   -0.2210838882E-06    0.1973134287E+00
  -0.04511   0.00000    0.6705472909E+00   -0.2298052231E-06    0.2002168105E+00
  -0.03509   0.00000    0.6768988672E+00   -0.2382590972E-06    0.2029389384E+00
  -0.02506   0.00000    0.6831097508E+00   -0.2465288446E-06    0.2055434374E+00
  -0.01504   0.00000    0.6891608058E+00   -0.2546373643E-06    0.2079642970E+00
  -0.00501   0.00000    0.6950179389E+00   -0.2626462527E-06    0.2102314841E+00
   0.00501   0.00000    0.7007108631E+00   -0.2705574392E-06    0.2123556762E+00
   0.01504   0.00000    0.7062173011E+00   -0.2784037340E-06    0.2144248408E+00
   0.02506   0.00000    0.7115725284E+00   -0.2861671430E-06    0.2163662183E+00
   0.03509   0.00000    0.7168530907E+00   -0.2938072419E-06    0.2181645156E+00
   0.04511   0.00000    0.7219126700E+00   -0.3012690212E-06    0.2198801750E+00
   0.05514   0.00000    0.7267580025E+00   -0.3085220195E-06    0.2215267838E+00
   0.06516   0.00000    0.7314904850E+00   -0.3154979966E-06    0.2230394977E+00
   0.07519   0.00000    0.7361752265E+00   -0.3221680628E-06    0.2244505643E+00
   0.08521   0.00000    0.7407166768E+00   -0.3285376922E-06    0.2257466479E+00
   0.09524   0.00000    0.7450770451E+00   -0.3347328854E-06    0.2269515241E+00
   0.10526   0.00000    0.7492976006E+00   -0.3409127190E-06    0.2281331859E+00
   0.11529   0.00000    0.7534544788E+00   -0.3472279108E-06    0.2292491493E+00
   0.12531   0.00000    0.7574917759E+00   -0.3537934230E-06    0.2302459276E+00
   0.13534   0.00000    0.7614539118E+00   -0.3607289687E-06    0.2311329499E+00
   0.14536   0.00000    0.7653300319E+00   -0.3680010565E-06    0.2320075621E+00
   0.15539   0.00000    0.7690809464E+00   -0.3756347408E-06    0.2328540912E+00
   0.16541   0.00000    0.7729125639E+00   -0.3834958735E-06    0.2337117149E+00
   0.17544   0.00000    0.7766767520E+00   -0.3913580625E-06    0.2345069954E+00
   0.18546   0.00000    0.7802186498E+00   -0.3990544179E-06    0.2352161634E+00
   0.19549   0.00000    0.7835352710E+00   -0.4064430201E-06    0.2357559669E+00
   0.20551   0.00000    0.7868362888E+00   -0.4136334542E-06    0.2363815382E+00
   0.21554   0.00000    0.7901072743E+00   -0.4205303814E-06    0.2370814001E+00
   0.22556   0.00000    0.7931844709E+00   -0.4272958953E-06    0.2376932674E+00
   0.23559   0.00000    0.7962994380E+00   -0.4336313758E-06    0.2384758952E+00
   0.24561   0.00000    0.7996648075E+00   -0.4392051374E-06    0.2392442661E+00
   0.25564   0.00000    0.8031693302E+00   -0.4442486475E-06    0.2398426927E+00
   0.26566   0.00000    0.8066884035E+00   -0.4483045773E-06    0.2398059646E+00
   0.27569   0.00000    0.8095363754E+00   -0.4526829583E-06    0.2393928332E+00
   0.28571   0.00000    0.8115084124E+00   -0.4565141221E-06    0.2390675711E+00
   0.29574   0.00000    0.8131636188E+00   -0.4608145329E-06    0.2389155615E+00
   0.30576   0.00000    0.8145486280E+00   -0.4657513406E-06    0.2394166372E+00
   0.31579   0.00000    0.8163559464E+00   -0.4598059822E-06    0.2406544695E+00
   0.32582   0.00000    0.8192038709E+00   -0.4634292715E-06    0.2414620781E+00
   0.33584   0.00000    0.8227607178E+00   -0.4712034364E-06    0.2421013899E+00
   0.34586   0.00000    0.8268849587E+00   -0.4623206385E-06    0.2429836914E+00
   0.35589   0.00000    0.8309607861E+00   -0.4512192971E-06    0.2420779936E+00
   0.36591   0.00000    0.8313818603E+00   -0.4421809639E-06    0.2404502408E+00
   0.37594   0.00000    0.8304319077E+00   -0.4243207565E-06    0.2403515709E+00
   0.38597   0.00000    0.8315947643E+00   -0.4289423218E-06    0.2417059558E+00
   0.39599   0.00000    0.8345861636E+00   -0.4036366961E-06    0.2411995477E+00
   0.40602   0.00000    0.8348916687E+00   -0.3768546691E-06    0.2397468340E+00
   0.41604   0.00000    0.8330001458E+00   -0.2969790061E-06    0.2340461896E+00
   0.42607   0.00000    0.7606145115E+00    0.1964020794E-06    0.1731638352E+00
   0.43609   0.00000    0.1929653519E+00   -0.1102673079E-04    0.9977324442E-01
   0.44611   0.00000   -0.8226031038E-01   -0.1950795245E-06    0.1757294158E-01
   0.45614   0.00000   -0.1033091164E+00   -0.1295360758E-06    0.1603330305E-01
   0.46616   0.00000   -0.1075120475E+00   -0.8830940316E-07    0.1555289441E-01
   0.47619   0.00000   -0.1079856035E+00   -0.5688608122E-07    0.1604987362E-01
   0.48622   0.00000   -0.1074913097E+00   -0.3227573759E-07    0.1565847353E-01
   0.49624   0.00000   -0.1067345992E+00   -0.1275313103E-07    0.1517168744E-01
   0.50627   0.00000   -0.1054465264E+00    0.2872179490E-08    0.1517266422E-01
   0.51629   0.00000   -0.1040618693E+00    0.1543883981E-07    0.1516406799E-01
   0.52632   0.00000   -0.1025775228E+00    0.2568980263E-07    0.1487051690E-01
   0.53634   0.00000   -0.1009334292E+00    0.3395674963E-07    0.1452537715E-01
   0.54637   0.00000   -0.9939078064E-01    0.4077320605E-07    0.1426177502E-01
   0.55639   0.00000   -0.9771861305E-01    0.4619515040E-07    0.1406693491E-01
   0.56642   0.00000   -0.9598434590E-01    0.5035726326E-07    0.1383168450E-01
   0.57644   0.00000   -0.9429044608E-01    0.5323689349E-07    0.1382015386E-01
   0.58647   0.00000   -0.9270611551E-01    0.5478631675E-07    0.1349009080E-01
   0.59649   0.00000   -0.9114179490E-01    0.5513441899E-07    0.1314718859E-01
   0.60652   0.00000   -0.8948504254E-01    0.5473304009E-07    0.1302452650E-01
   0.61654   0.00000   -0.8788329641E-01    0.5378156222E-07    0.1291939084E-01
   0.62657   0.00000   -0.8630718114E-01    0.5233332259E-07    0.1269571078E-01
   0.63659   0.00000   -0.8476293017E-01    0.5045310467E-07    0.1241980797E-01
   0.64662   0.00000   -0.8338422660E-01    0.4839211325E-07    0.1235175962E-01
   0.65664   0.00000   -0.8193033256E-01    0.4632752006E-07    0.1218564541E-01
   0.66667   0.00000   -0.8046718445E-01    0.4433150410E-07    0.1192452999E-01
   0.67669   0.00000   -0.7901437500E-01    0.4239693827E-07    0.1166190287E-01
   0.68672   0.00000   -0.7762122096E-01    0.4049999623E-07    0.1140648431E-01
   0.69674   0.00000   -0.7622501721E-01    0.3864577314E-07    0.1119998703E-01
   0.70677   0.00000   -0.7484773741E-01    0.3674227866E-07    0.1105890547E-01
   0.71679   0.00000   -0.7357834545E-01    0.3479704581E-07    0.1083596064E-01
   0.72682   0.00000   -0.7225135128E-01    0.3273797758E-07    0.1052613363E-01
   0.73684   0.00000   -0.7095918006E-01    0.3061755017E-07    0.1025556656E-01
   0.74687   0.00000   -0.6970707960E-01    0.2840724817E-07    0.1009413250E-01
   0.75689   0.00000   -0.6844327216E-01    0.2613716982E-07    0.9897208362E-02
   0.76692   0.00000   -0.6714221258E-01    0.2387146907E-07    0.9677840211E-02
   0.77694   0.00000   -0.6592401269E-01    0.2167582313E-07    0.9484230179E-02
   0.78697   0.00000   -0.6477131901E-01    0.1956344863E-07    0.9305351914E-02
   0.79699   0.00000   -0.6361947922E-01    0.1755856646E-07    0.9160783634E-02
   0.80702   0.00000   -0.6242346167E-01    0.1568926474E-07    0.8983392280E-02
   0.81704   0.00000   -0.6126831457E-01    0.1396987950E-07    0.8807864086E-02
   0.82707   0.00000   -0.6015608215E-01    0.1238113496E-07    0.8645815335E-02
   0.83709   0.00000   -0.5905289511E-01    0.1089881817E-07    0.8577884272E-02
   0.84712   0.00000   -0.5803268504E-01    0.9475500695E-08    0.8467930116E-02
   0.85714   0.00000   -0.5700949562E-01    0.8072510255E-08    0.8336172935E-02
   0.86717   0.00000   -0.5599776863E-01    0.6693023231E-08    0.8184841053E-02
   0.87719   0.00000   -0.5509448198E-01    0.5324364580E-08    0.8068369629E-02
   0.88722   0.00000   -0.5425104490E-01    0.3950458269E-08    0.7943421628E-02
   0.89724   0.00000   -0.5336200597E-01    0.2601047325E-08    0.7789673314E-02
   0.90727   0.00000   -0.5245490920E-01    0.1335888810E-08    0.7655363967E-02
   0.91729   0.00000   -0.5158077424E-01    0.2040342301E-09    0.7436400950E-02
   0.92732   0.00000   -0.5074518532E-01   -0.7855742658E-09    0.7223415321E-02
   0.93734   0.00000   -0.4989443631E-01   -0.1621223389E-08    0.7065603978E-02
   0.94737   0.00000   -0.4906136801E-01   -0.2301922125E-08    0.6934851487E-02
   0.95739   0.00000   -0.4825325541E-01   -0.2847486624E-08    0.6821429608E-02
   0.96742   0.00000   -0.4746591841E-01   -0.3292488498E-08    0.6715905943E-02
   0.97744   0.00000   -0.4669947079E-01   -0.3679066026E-08    0.6609317080E-02
   0.98747   0.00000   -0.4594946654E-01   -0.4048468471E-08    0.6496764544E-02
   0.99749   0.00000   -0.4521362291E-01   -0.4424460188E-08    0.6378741989E-02
   1.00752   0.00000   -0.4449273970E-01   -0.4823358900E-08    0.6257303824E-02
   1.01754   0.00000   -0.4379117392E-01   -0.5249453455E-08    0.6137458303E-02
   1.02757   0.00000   -0.4310896171E-01   -0.5697849101E-08    0.6024850874E-02
   1.03759   0.00000   -0.4244775795E-01   -0.6152112844E-08    0.5924195170E-02
   1.04762   0.00000   -0.4180437122E-01   -0.6588098875E-08    0.5836942280E-02
   1.05764   0.00000   -0.4117464885E-01   -0.6990882759E-08    0.5762410973E-02
   1.06767   0.00000   -0.4055169948E-01   -0.7350764341E-08    0.5696973745E-02
   1.07769   0.00000   -0.3993234804E-01   -0.7662091213E-08    0.5635652824E-02
   1.08772   0.00000   -0.3931289203E-01   -0.7928277878E-08    0.5573083201E-02
   1.09774   0.00000   -0.3869541103E-01   -0.8159264223E-08    0.5505472909E-02
   1.10777   0.00000   -0.3808291366E-01   -0.8376489167E-08    0.5430896035E-02
   1.11779   0.00000   -0.3748178494E-01   -0.8587556854E-08    0.5350020840E-02
   1.12782   0.00000   -0.3689575424E-01   -0.8796056745E-08    0.5265064118E-02
   1.13784   0.00000   -0.3632969994E-01   -0.9001707018E-08    0.5179596922E-02
   1.14787   0.00000   -0.3578368292E-01   -0.9200354147E-08    0.5096729034E-02
   1.15789   0.00000   -0.3525704039E-01   -0.9379456281E-08    0.5018628895E-02
   1.16792   0.00000   -0.3474564412E-01   -0.9516865483E-08    0.4945690550E-02
   1.17795   0.00000   -0.3424650105E-01   -0.9605069038E-08    0.4877120227E-02
   1.18797   0.00000   -0.3375685764E-01   -0.9641968301E-08    0.4811009582E-02
   1.19799   0.00000   -0.3327441686E-01   -0.9627690924E-08    0.4744846474E-02
   1.20802   0.00000   -0.3279907726E-01   -0.9565433589E-08    0.4676627151E-02
   1.21805   0.00000   -0.3233257156E-01   -0.9466210240E-08    0.4605221503E-02
   1.22807   0.00000   -0.3187697248E-01   -0.9352063435E-08    0.4530505447E-02
   1.23809   0.00000   -0.3143338957E-01   -0.9232417620E-08    0.4453527880E-02
   1.24812   0.00000   -0.3100160910E-01   -0.9115199267E-08    0.4376702086E-02
   1.25815   0.00000   -0.3058025183E-01   -0.9007586580E-08    0.4303095895E-02
   1.26817   0.00000   -0.3016721234E-01   -0.8915643685E-08    0.4235748042E-02
   1.27819   0.00000   -0.2975921033E-01   -0.8838320597E-08    0.4176908043E-02
   1.28822   0.00000   -0.2935279750E-01   -0.8770100881E-08    0.4127442202E-02
   1.29825   0.00000   -0.2894658156E-01   -0.8712549986E-08    0.4086471943E-02
   1.30827   0.00000   -0.2854128207E-01   -0.8665782751E-08    0.4051872785E-02
   1.31830   0.00000   -0.2813720205E-01   -0.8629050359E-08    0.4020731862E-02
   1.32832   0.00000   -0.2773689177E-01   -0.8600134116E-08    0.3990208171E-02
   1.33835   0.00000   -0.2734206180E-01   -0.8579616815E-08    0.3957922632E-02
   1.34837   0.00000   -0.2695576968E-01   -0.8565063110E-08    0.3922595994E-02
   1.35840   0.00000   -0.2657811969E-01   -0.8552493418E-08    0.3883791266E-02
   1.36842   0.00000   -0.2621040571E-01   -0.8538845306E-08    0.3841952881E-02
   1.37845   0.00000   -0.2585217581E-01   -0.8521760325E-08    0.3797862417E-02
   1.38847   0.00000   -0.2550385313E-01   -0.8499488679E-08    0.3752797930E-02
   1.39850   0.00000   -0.2516430003E-01   -0.8470364350E-08    0.3707965091E-02
   1.40852   0.00000   -0.2483444028E-01   -0.8432977278E-08    0.3664406264E-02
   1.41855   0.00000   -0.2451369441E-01   -0.8386014558E-08    0.3622772708E-02
   1.42857   0.00000   -0.2420250901E-01   -0.8328646598E-08    0.3583625696E-02
   1.43860   0.00000   -0.2389995135E-01   -0.8260951584E-08    0.3546980355E-02
   1.44862   0.00000   -0.2360610059E-01   -0.8183828822E-08    0.3512647735E-02
   1.45865   0.00000   -0.2331938559E-01   -0.8099177353E-08    0.3480236533E-02
   1.46867   0.00000   -0.2303942064E-01   -0.8009259958E-08    0.3449361126E-02
   1.47870   0.00000   -0.2276474915E-01   -0.7915447416E-08    0.3419423756E-02
   1.48872   0.00000   -0.2249507961E-01   -0.7819114942E-08    0.3389942772E-02
   1.49875   0.00000   -0.2222909701E-01   -0.7721178948E-08    0.3360376531E-02
   1.50877   0.00000   -0.2196663683E-01   -0.7623137351E-08    0.3330374245E-02
   1.51880   0.00000   -0.2170659836E-01   -0.7526424857E-08    0.3299513255E-02
   1.52882   0.00000   -0.2144912263E-01   -0.7433127444E-08    0.3267572916E-02
   1.53885   0.00000   -0.2119352670E-01   -0.7344755821E-08    0.3234331712E-02
   1.54887   0.00000   -0.2094036343E-01   -0.7262166807E-08    0.3199798932E-02
   1.55890   0.00000   -0.2068933792E-01   -0.7184665116E-08    0.3163870587E-02
   1.56892   0.00000   -0.2044120718E-01   -0.7110851396E-08    0.3126638699E-02
   1.57895   0.00000   -0.2019578846E-01   -0.7039040805E-08    0.3088125791E-02
   1.58897   0.00000   -0.1995394814E-01   -0.6967987276E-08    0.3048581172E-02
   1.59900   0.00000   -0.1971562818E-01   -0.6896292876E-08    0.3008171031E-02
   1.60902   0.00000   -0.1948172541E-01   -0.6822973998E-08    0.2967305970E-02
   1.61905   0.00000   -0.1925211021E-01   -0.6746906198E-08    0.2926327491E-02
   1.62907   0.00000   -0.1902738165E-01   -0.6667391474E-08    0.2885768602E-02
   1.63910   0.00000   -0.1880698178E-01   -0.6583458913E-08    0.2846001875E-02
   1.64912   0.00000   -0.1859100467E-01   -0.6494813974E-08    0.2807555760E-02
   1.65915   0.00000   -0.1837855101E-01   -0.6401684353E-08    0.2770816002E-02
   1.66917   0.00000   -0.1816953443E-01   -0.6305924952E-08    0.2736284658E-02
   1.67920   0.00000   -0.1796301825E-01   -0.6209556655E-08    0.2704247681E-02
   1.68922   0.00000   -0.1775892258E-01   -0.6114925186E-08    0.2675024933E-02
   1.69925   0.00000   -0.1755641700E-01   -0.6023823623E-08    0.2648705101E-02
   1.70927   0.00000   -0.1735559281E-01   -0.5938064408E-08    0.2625371842E-02
   1.71930   0.00000   -0.1715589020E-01   -0.5858523330E-08    0.2604911347E-02
   1.72932   0.00000   -0.1695777621E-01   -0.5785695786E-08    0.2587267445E-02
   1.73935   0.00000   -0.1676119164E-01   -0.5719264220E-08    0.2572265805E-02
   1.74937   0.00000   -0.1656710118E-01   -0.5659059977E-08    0.2559760861E-02
   1.75940   0.00000   -0.1637578557E-01   -0.5604368894E-08    0.2549505648E-02
   1.76942   0.00000   -0.1618829964E-01   -0.5554154362E-08    0.2541260661E-02
   1.77945   0.00000   -0.1600487668E-01   -0.5506382724E-08    0.2534714838E-02
   1.78947   0.00000   -0.1582634759E-01   -0.5459186769E-08    0.2529545115E-02
   1.79950   0.00000   -0.1565263242E-01   -0.5410654962E-08    0.2525360869E-02
   1.80952   0.00000   -0.1548415750E-01   -0.5359338203E-08    0.2521763452E-02
   1.81955   0.00000   -0.1532048668E-01   -0.5304083256E-08    0.2518321754E-02
   1.82957   0.00000   -0.1516164430E-01   -0.5244639274E-08    0.2514569952E-02
   1.83960   0.00000   -0.1500679555E-01   -0.5181170775E-08    0.2510019492E-02
   1.84962   0.00000   -0.1485554030E-01   -0.5114336368E-08    0.2504206693E-02
   1.85965   0.00000   -0.1470680582E-01   -0.5044552953E-08    0.2496678402E-02
   1.86967   0.00000   -0.1456013769E-01   -0.4972567865E-08    0.2487074811E-02
   1.87970   0.00000   -0.1441457477E-01   -0.4899245018E-08    0.2475106726E-02
   1.88972   0.00000   -0.1426989127E-01   -0.4825847498E-08    0.2460670771E-02
   1.89975   0.00000   -0.1412546311E-01   -0.4753190308E-08    0.2443763517E-02
   1.90977   0.00000   -0.1398140554E-01   -0.4682221927E-08    0.2424565040E-02
   1.91980   0.00000   -0.1383737822E-01   -0.4613394859E-08    0.2403260013E-02
   1.92982   0.00000   -0.1369373463E-01   -0.4547151083E-08    0.2380189506E-02
   1.93985   0.00000   -0.1355037962E-01   -0.4483365216E-08    0.2355651657E-02
   1.94988   0.00000   -0.1340776721E-01   -0.4421937501E-08    0.2330038936E-02
   1.95990   0.00000   -0.1326637791E-01   -0.4362759242E-08    0.2303749216E-02
   1.96992   0.00000   -0.1312639835E-01   -0.4305613209E-08    0.2277104792E-02
   1.97995   0.00000   -0.1298798565E-01   -0.4250240139E-08    0.2250376143E-02
   1.98998   0.00000   -0.1285151371E-01   -0.4196400278E-08    0.2223813904E-02
   2.00000   0.00000   -0.1271727764E-01   -0.4143927517E-08    0.2197588896E-02
