-128	51	0
-127.889	50.9431	10
-127.779	50.886	20
-127.669	50.8288	30
-127.559	50.7716	40
-127.45	50.7142	50
-127.341	50.6568	60
-127.232	50.5992	70
-127.123	50.5415	80
-127.015	50.4838	90
-126.907	50.4259	100
-126.799	50.3679	110
-126.691	50.3098	120
-126.584	50.2517	130
-126.477	50.1934	140
-126.37	50.1351	150
-126.264	50.0766	160
-126.157	50.018	170
-126.051	49.9594	180
-125.945	49.9006	190
-125.84	49.8418	200
-125.735	49.7828	210
-125.63	49.7238	220
-125.525	49.6647	230
-125.42	49.6054	240
-125.316	49.5461	250
-125.212	49.4867	260
-125.108	49.4272	270
-125.005	49.3676	280
-124.902	49.3079	290
-124.799	49.2481	300
-124.696	49.1882	310
-124.594	49.1283	320
-124.491	49.0682	330
-124.389	49.0081	340
-124.288	48.9478	350
-124.186	48.8875	360
-124.085	48.8271	370
-123.984	48.7666	380
-123.883	48.706	390
-123.783	48.6453	400
-123.682	48.5845	410
-123.582	48.5237	420
-123.482	48.4627	430
-123.429	48.43	435.368
