ALBH  48.389781422  -123.487470112  31.7682625	    -2.17      1.99         0.98       1.38
BAMF  48.835329253  -125.135104681  10.7466224      -3.59      1.64         1.35       1.50
BCLC  49.103818832  -122.657374447  3.6394913       -2.32      2.70         1.59       1.61
BCMR  49.221155426  -122.538536069  73.4952822      -1.08      1.19         1.37       1.44
BCNS  48.648497088  -123.450994390  3.6470122       -2.06      2.06         1.82       2.12
BCOV  50.544281094  -126.842642383  37.3201896      -8.84      2.25         1.18       1.13
BCPH  50.685563288  -127.375351894  1.3502759       -9.20      5.30         1.44       1.56
BCSF  49.192086774  -122.860086739  83.4640522      -1.63      1.64         1.40       1.38
BCVC  49.275764217  -123.089345660  11.1812467      -2.46      1.65         1.57       1.46
CHWK  49.156608030  -122.008427046  173.9880889     -3.53      1.45         1.34       1.38
CLRS  48.820304264  -124.130884816  175.6345114     -2.37      4.06         1.57       1.86
ELIZ  49.873053362  -127.122664089  164.6825002     -4.86      6.36         1.97       2.13
ESQM  48.429263923  -123.428707897  21.1759         -2.54      2.08         1.45       1.93
GLDR  49.681485495  -126.127331934  -9.3548161      -6.26      3.37         2.09       1.95
HOLB  50.640353746  -128.134996932  559.5990253     -7.21      8.62         2.00       2.27
JORD  48.433063823  -124.053857082  88.7465         -2.08      4.25         2.33       2.45
NANO  49.294810454  -124.086479160  6.5811745       -4.16      2.32         1.23       1.21
NTKA  49.592363140  -126.616611314  -1.5568254      -8.38      5.88         1.20       1.39
PGC5  48.648532919  -123.451128471  3.5834494       -2.68      2.28         1.24       1.37
PTAL  49.256329325  -124.860955583  92.7470891      -4.19      5.26         1.35       1.41
PTRF  48.544268360  -124.413059029  172.8141988     -6.97      6.56         1.56       2.06
QUAD  50.132494793  -125.330830824  -7.4874128      -5.04      2.63         1.20       1.20
SC04  48.923163912  -123.704129376  14.8303266      -3.44      1.80         1.18       1.28
TFNO  49.154142857  -125.907839042  -3.9141747      -3.81      5.44         2.90       3.01
UCLU  48.925637606  -125.541640830  10.0779692      -4.76      3.73         1.10       1.30
WILL  52.236867571  -122.167812379  1095.7069951    -0.97     -1.90         2.08       2.04 
WOST  50.212360961  -126.604953064  136.6377145     -6.35     -0.72         2.45       2.29
WSLR  50.126539211  -122.921190021  909.2816984     -3.97      4.67         0.98       1.11
