  -1.2716850e+02   5.0076900e+01   5.0900000e+00   4.9700000e+00   2.7000000e-01   2.8000000e-01
  -1.2712270e+02   4.9873100e+01   6.9800000e+00   5.1100000e+00   2.2000000e-01   2.3000000e-01
  -1.2661660e+02   4.9592400e+01   9.1300000e+00   6.7600000e+00   3.1000000e-01   2.7000000e-01
  -1.2654700e+02   4.9789000e+01   5.3800000e+00   4.0700000e+00   5.9000000e-01   6.0000000e-01
  -1.2612190e+02   4.9619000e+01   6.7400000e+00   3.1300000e+00   6.0000000e-01   6.2000000e-01
  -1.2605820e+02   5.0104400e+01   4.2500000e+00   1.9800000e+00   6.1000000e-01   6.4000000e-01
  -1.2595780e+02   4.9956300e+01   4.4700000e+00   2.3600000e+00   9.3000000e-01   9.4000000e-01
  -1.2584130e+02   4.9084100e+01   9.6060286e+00   5.2330267e+00   4.8000000e-01   5.3000000e-01
  -1.2584070e+02   5.0334900e+01   2.8000000e+00   2.7300000e+00   5.9000000e-01   6.3000000e-01
  -1.2569800e+02   4.9882800e+01   3.8000000e+00   2.5500000e+00   6.2000000e-01   6.6000000e-01
  -1.2564000e+02   5.0124700e+01   3.9400000e+00   2.5600000e+00   6.1000000e-01   6.6000000e-01
  -1.2554560e+02   4.8939500e+01   1.0410898e+01   5.7159799e+00   2.3000000e-01   2.2000000e-01
  -1.2554160e+02   4.8925600e+01   1.0420202e+01   5.6990151e+00   2.3000000e-01   2.2000000e-01
  -1.2558260e+02   4.9994800e+01   3.0900000e+00   3.2500000e+00   6.0000000e-01   6.5000000e-01
  -1.2550690e+02   4.8985100e+01   9.2957416e+00   5.7800676e+00   6.6000000e-01   7.5000000e-01
  -1.2549280e+02   4.9738000e+01   5.2800000e+00   3.9900000e+00   9.9000000e-01   1.0100000e+00
  -1.2549690e+02   5.0230600e+01   2.2000000e+00   2.8800000e+00   5.6000000e-01   5.8000000e-01
  -1.2539950e+02   4.9823300e+01   5.2400000e+00   2.3500000e+00   6.3000000e-01   6.7000000e-01
  -1.2539740e+02   5.0032600e+01   4.1900000e+00   3.5000000e+00   4.6000000e-01   4.7000000e-01
  -1.2536440e+02   4.9552200e+01   4.9700000e+00   2.3900000e+00   7.1000000e-01   7.6000000e-01
  -1.2533080e+02   5.0132500e+01   4.5700000e+00   3.8700000e+00   4.0000000e-01   4.0000000e-01
  -1.2528230e+02   4.9191700e+01   7.0596170e+00   3.0744840e+00   4.4000000e-01   4.7000000e-01
  -1.2529700e+02   4.9752400e+01   4.1900000e+00   4.5700000e+00   1.6400000e+00   1.6400000e+00
  -1.2529630e+02   4.9753300e+01   4.1900000e+00   4.5700000e+00   1.6400000e+00   1.6400000e+00
  -1.2531530e+02   5.0490700e+01   2.4200000e+00   1.1600000e+00   6.9000000e-01   7.5000000e-01
  -1.2522350e+02   4.9649900e+01   4.5900000e+00   3.7500000e+00   6.4000000e-01   6.9000000e-01
  -1.2513510e+02   4.8835300e+01   9.5944719e+00   4.6740182e+00   3.2000000e-01   3.1000000e-01
  -1.2513360e+02   4.8828200e+01   9.1747427e+00   4.7941179e+00   6.6000000e-01   8.0000000e-01
  -1.2504320e+02   4.8864800e+01   8.6810615e+00   4.3368367e+00   4.6000000e-01   4.9000000e-01
  -1.2503350e+02   4.9204300e+01   7.7355815e+00   4.3342436e+00   5.0000000e-01   5.4000000e-01
  -1.2499870e+02   4.9949100e+01   4.0000000e+00   3.3900000e+00   5.9000000e-01   6.4000000e-01
  -1.2495890e+02   4.9069300e+01   6.6403061e+00   3.3381441e+00   4.4000000e-01   4.7000000e-01
  -1.2492010e+02   4.9415200e+01   5.6115442e+00   2.6691980e+00   5.4000000e-01   5.8000000e-01
  -1.2486100e+02   4.9256300e+01   6.3599441e+00   2.9100984e+00   2.4000000e-01   2.3000000e-01
  -1.2456530e+02   4.2836600e+01   1.1635377e+01   4.7604527e+00   5.7000000e-01   5.8000000e-01
  -1.2456340e+02   4.2836100e+01   1.1263695e+01   5.0713266e+00   3.4000000e-01   3.3000000e-01
  -1.2456340e+02   4.2836100e+01   1.1593695e+01   4.8613266e+00   2.4000000e-01   2.4000000e-01
  -1.2471620e+02   4.8593900e+01   9.3695345e+00   3.6353274e+00   1.0100000e+00   1.1000000e+00
  -1.2473410e+02   4.9364000e+01   5.3809362e+00   2.5865462e+00   5.1000000e-01   5.5000000e-01
  -1.2471510e+02   4.9138100e+01   7.3716547e+00   4.1360763e+00   5.2000000e-01   5.8000000e-01
  -1.2470430e+02   4.8995500e+01   7.3075414e+00   3.8570336e+00   4.5000000e-01   4.9000000e-01
  -1.2448570e+02   4.2801100e+01   9.7508605e+00   3.9955750e+00   4.7000000e-01   5.2000000e-01
  -1.2466430e+02   4.9489800e+01   5.1600000e+00   4.2800000e+00   8.8000000e-01   9.0000000e-01
  -1.2462490e+02   4.8297900e+01   1.1538652e+01   4.9739933e+00   2.1000000e-01   2.0000000e-01
  -1.2462410e+02   4.8300500e+01   1.1537668e+01   4.9750847e+00   2.1000000e-01   2.0000000e-01
  -1.2459890e+02   4.8370200e+01   1.0365269e+01   4.3824989e+00   5.8000000e-01   5.6000000e-01
  -1.2459880e+02   4.8370200e+01   1.0365301e+01   4.3824120e+00   5.8000000e-01   5.6000000e-01
  -1.2442840e+02   4.2429600e+01   1.1496323e+01   4.5560737e+00   6.6000000e-01   7.0000000e-01
  -1.2442760e+02   4.2420700e+01   1.1177465e+01   4.0947131e+00   5.8000000e-01   5.9000000e-01
  -1.2456140e+02   4.7936800e+01   1.6110200e+01   7.1313143e+00   1.9000000e-01   2.0000000e-01
  -1.2456030e+02   4.7934600e+01   1.6109339e+01   7.1210240e+00   1.9000000e-01   2.0000000e-01
  -1.2455700e+02   4.7937200e+01   1.6112435e+01   7.1397111e+00   1.9000000e-01   2.0000000e-01
  -1.2459470e+02   4.9223800e+01   6.5151138e+00   2.9304802e+00   4.8000000e-01   5.1000000e-01
  -1.2440930e+02   4.3090300e+01   9.0554117e+00   3.5653738e+00   7.4000000e-01   7.4000000e-01
  -1.2432200e+02   4.2183300e+01   1.0156025e+01   5.5278130e+00   5.7000000e-01   6.3000000e-01
  -1.2433030e+02   4.3350000e+01   1.0021797e+01   2.6955396e+00   3.5000000e-01   4.0000000e-01
  -1.2426810e+02   4.2046200e+01   9.8654899e+00   3.6020278e+00   4.6000000e-01   5.4000000e-01
  -1.2445560e+02   4.9806700e+01   5.0500000e+00   3.2100000e+00   5.0000000e-01   5.5000000e-01
  -1.2425520e+02   4.1782700e+01   1.0663066e+01   3.4935916e+00   2.3000000e-01   2.3000000e-01
  -1.2441310e+02   4.8544300e+01   8.7421987e+00   6.0830997e+00   7.3000000e-01   7.6000000e-01
  -1.2439560e+02   4.7936700e+01   1.4092603e+01   6.3067225e+00   4.7000000e-01   5.1000000e-01
  -1.2444510e+02   4.9709500e+01   4.3000000e+00   4.0000000e+00   4.9000000e-01   5.2000000e-01
  -1.2440050e+02   4.8556300e+01   8.1605157e+00   2.9369643e+00   8.6000000e-01   9.3000000e-01
  -1.2425350e+02   4.3395500e+01   7.2408146e+00   2.4505819e+00   6.5000000e-01   6.5000000e-01
  -1.2422580e+02   4.2209100e+01   7.6599180e+00   2.0701627e+00   6.6000000e-01   6.6000000e-01
  -1.2433200e+02   4.7540200e+01   1.4394750e+01   6.6483959e+00   3.3000000e-01   3.8000000e-01
  -1.2418380e+02   4.1746000e+01   8.4163827e+00   3.5247944e+00   8.2000000e-01   9.1000000e-01
  -1.2418150e+02   4.1748400e+01   8.4117170e+00   3.5277509e+00   8.2000000e-01   9.1000000e-01
  -1.2418090e+02   4.1748900e+01   8.4107055e+00   3.5285461e+00   8.2000000e-01   9.1000000e-01
  -1.2430590e+02   4.7766200e+01   1.4766619e+01   7.4381069e+00   3.6000000e-01   3.5000000e-01
  -1.2419910e+02   4.3339700e+01   8.8016233e+00   3.0887862e+00   5.7000000e-01   7.0000000e-01
  -1.2427870e+02   4.7304200e+01   1.5156984e+01   6.5450287e+00   2.9000000e-01   3.1000000e-01
  -1.2415840e+02   4.1932500e+01   8.4320620e+00   3.3391188e+00   1.1500000e+00   1.1600000e+00
  -1.2417520e+02   4.3123600e+01   6.9547094e+00   1.5907351e+00   2.8000000e-01   3.0000000e-01
  -1.2431990e+02   4.9598600e+01   5.3200000e+00   4.3500000e+00   4.7000000e-01   5.0000000e-01
  -1.2426220e+02   4.8901100e+01   6.7010270e+00   3.0045917e+00   3.6000000e-01   3.7000000e-01
  -1.2426410e+02   4.9227900e+01   5.2870936e+00   2.6033416e+00   4.2000000e-01   4.4000000e-01
  -1.2409510e+02   4.1191700e+01   1.3718050e+01   1.1580179e+00   8.0000000e-01   8.7000000e-01
  -1.2420700e+02   4.7217700e+01   1.5445610e+01   5.3960885e+00   2.3000000e-01   2.2000000e-01
  -1.2420460e+02   4.7212800e+01   1.3702365e+01   6.0172973e+00   4.3000000e-01   4.2000000e-01
  -1.2420460e+02   4.7212800e+01   1.5442365e+01   5.3972973e+00   2.3000000e-01   2.2000000e-01
  -1.2420440e+02   4.7208700e+01   1.5440218e+01   5.3968484e+00   2.3000000e-01   2.2000000e-01
  -1.2408610e+02   4.1559100e+01   7.4103006e+00   2.1309901e+00   3.2000000e-01   3.2000000e-01
  -1.2411400e+02   4.3884600e+01   8.4826419e+00   1.3081344e+00   4.1000000e-01   4.9000000e-01
  -1.2409420e+02   4.2815100e+01   6.8640723e+00   9.7369703e-01   5.1000000e-01   5.4000000e-01
  -1.2409410e+02   4.2815100e+01   6.8640606e+00   9.7383592e-01   5.1000000e-01   5.4000000e-01
  -1.2417820e+02   4.7114300e+01   1.4555441e+01   6.3846849e+00   4.5000000e-01   5.0000000e-01
  -1.2411650e+02   4.4170000e+01   1.0352830e+01   2.3391079e+00   6.3000000e-01   6.4000000e-01
  -1.2410460e+02   4.3703100e+01   7.5920496e+00   1.5128331e+00   5.1000000e-01   5.4000000e-01
  -1.2405890e+02   4.2551900e+01   8.2580266e+00   2.7339703e+00   1.8700000e+00   1.8800000e+00
  -1.2405400e+02   4.2860100e+01   6.0400458e+00   2.1001449e+00   5.4000000e-01   5.4000000e-01
  -1.2418740e+02   4.9534600e+01   5.4200000e+00   3.7600000e+00   4.6000000e-01   4.9000000e-01
  -1.2414090e+02   4.8062300e+01   1.1464870e+01   6.4102747e+00   3.6000000e-01   3.6000000e-01
  -1.2406500e+02   4.4601600e+01   1.0733037e+01   1.9691247e+00   2.6000000e-01   2.8000000e-01
  -1.2406560e+02   4.4830300e+01   1.0469132e+01   1.9813876e+00   4.0000000e-01   4.2000000e-01
  -1.2415850e+02   4.9347400e+01   5.0265435e+00   2.6145698e+00   5.1000000e-01   5.4000000e-01
  -1.2409970e+02   4.6902800e+01   1.1071512e+01   4.4870483e+00   4.0000000e-01   4.2000000e-01
  -1.2411900e+02   4.8197900e+01   9.4865716e+00   4.0758158e+00   3.3000000e-01   3.6000000e-01
  -1.2404530e+02   4.4625300e+01   1.1029065e+01   1.7562113e+00   3.8000000e-01   4.3000000e-01
  -1.2407610e+02   4.6300400e+01   1.0240652e+01   3.8906013e+00   6.5000000e-01   6.7000000e-01
  -1.2407590e+02   4.6300400e+01   1.0240007e+01   3.8901232e+00   6.5000000e-01   6.7000000e-01
  -1.2401400e+02   4.2967400e+01   6.1702769e+00   2.0599335e+00   6.2000000e-01   6.2000000e-01
  -1.2410350e+02   4.8464800e+01   7.7620075e+00   2.2504481e+00   7.1000000e-01   7.7000000e-01
  -1.2398080e+02   4.1845500e+01   8.1999670e+00   2.0801349e+00   4.8000000e-01   4.8000000e-01
  -1.2405670e+02   4.6515800e+01   9.8030292e+00   3.6993227e+00   3.4000000e-01   4.0000000e-01
  -1.2397960e+02   4.3614300e+01   7.0029839e+00   2.3393098e+00   9.7000000e-01   9.7000000e-01
  -1.2408650e+02   4.9294800e+01   5.7299610e+00   2.5399436e+00   1.8000000e-01   1.8000000e-01
  -1.2397810e+02   4.5486500e+01   8.8496234e+00   2.8010783e+00   2.1000000e-01   2.1000000e-01
  -1.2396620e+02   4.5134300e+01   9.7776143e+00   2.2553292e+00   1.9000000e-01   2.0000000e-01
  -1.2396030e+02   4.5861700e+01   8.8833753e+00   1.7554254e+00   2.1000000e-01   2.2000000e-01
  -1.2394880e+02   4.5273300e+01   9.6958028e+00   2.6282204e+00   5.7000000e-01   5.7000000e-01
  -1.2395900e+02   4.6206500e+01   6.8351917e+00   1.9893609e+00   9.9000000e-01   1.0800000e+00
  -1.2395610e+02   4.6150200e+01   9.5746410e+00   2.5713677e+00   3.3000000e-01   3.9000000e-01
  -1.2395610e+02   4.6204900e+01   9.7255940e+00   2.1929250e+00   2.5000000e-01   2.4000000e-01
  -1.2391980e+02   4.4646200e+01   9.6175566e+00   2.5778491e+00   5.1000000e-01   6.2000000e-01
  -1.2393100e+02   4.5954700e+01   1.1247742e+01   2.8518373e+00   3.8000000e-01   3.8000000e-01
  -1.2391670e+02   4.6056700e+01   9.5161136e+00   1.8741787e+00   2.4000000e-01   2.5000000e-01
  -1.2390940e+02   4.6016200e+01   1.0087352e+01   2.1707354e+00   3.4000000e-01   3.5000000e-01
  -1.2392430e+02   4.6972200e+01   1.1183529e+01   2.5686653e+00   5.7000000e-01   6.0000000e-01
  -1.2397580e+02   4.9752800e+01   4.4200000e+00   3.4300000e+00   4.1000000e-01   4.4000000e-01
  -1.2391610e+02   4.6925800e+01   1.1741713e+01   3.3948815e+00   2.0400000e+00   2.0400000e+00
  -1.2386040e+02   4.4018600e+01   8.6932974e+00   1.8314882e+00   1.2400000e+00   1.2700000e+00
  -1.2383630e+02   4.2791800e+01   5.9096922e+00   1.5477247e+00   3.0000000e-01   3.1000000e-01
  -1.2392290e+02   4.8377500e+01   8.0717987e+00   1.1979911e+00   7.6000000e-01   8.3000000e-01
  -1.2392090e+02   4.8377100e+01   8.0719589e+00   1.1967943e+00   7.6000000e-01   8.3000000e-01
  -1.2387830e+02   4.5906400e+01   8.8573851e+00   1.9352662e+00   4.9000000e-01   5.0000000e-01
  -1.2385750e+02   4.5022300e+01   8.6168104e+00   3.4490200e+00   6.2000000e-01   6.2000000e-01
  -1.2384600e+02   4.5214000e+01   8.4306607e+00   2.2201441e+00   2.5000000e-01   2.6000000e-01
  -1.2383450e+02   4.4776600e+01   8.7161968e+00   1.9506488e+00   4.2000000e-01   4.4000000e-01
  -1.2382290e+02   4.5309500e+01   8.6544987e+00   3.0396691e+00   5.5000000e-01   5.5000000e-01
  -1.2382420e+02   4.5421100e+01   8.4456432e+00   2.4083294e+00   2.6000000e-01   2.9000000e-01
  -1.2383210e+02   4.6173400e+01   7.6390245e+00   2.2390043e+00   3.5000000e-01   3.6000000e-01
  -1.2377860e+02   4.3001700e+01   5.4129287e+00   1.2329118e+00   3.6000000e-01   3.6000000e-01
  -1.2377830e+02   4.3001900e+01   5.4125138e+00   1.2333421e+00   3.6000000e-01   3.6000000e-01
  -1.2387730e+02   4.9598400e+01   4.4700000e+00   3.5100000e+00   5.1000000e-01   5.7000000e-01
  -1.2381870e+02   4.6180900e+01   7.6224866e+00   2.2573401e+00   3.5000000e-01   3.6000000e-01
  -1.2381010e+02   4.6663000e+01   8.6980031e+00   3.1688669e+00   4.2000000e-01   4.7000000e-01
  -1.2382620e+02   4.8159800e+01   8.6914909e+00   3.6534433e+00   9.9000000e-01   1.1000000e+00
  -1.2379890e+02   4.6422000e+01   3.5327914e+00   1.5302329e+00   1.2200000e+00   1.3900000e+00
  -1.2381250e+02   4.7513400e+01   1.0947393e+01   3.9602877e+00   6.6000000e-01   6.6000000e-01
  -1.2378790e+02   4.5907200e+01   6.1004907e+00   1.6004442e+00   1.1100000e+00   1.1600000e+00
  -1.2376680e+02   4.4612200e+01   9.1519601e+00   1.9363634e+00   9.2000000e-01   1.1300000e+00
  -1.2382420e+02   4.8612100e+01   6.3415839e+00   1.8366614e+00   6.7000000e-01   7.0000000e-01
  -1.2381970e+02   4.9202600e+01   5.2450884e+00   2.1373235e+00   4.2000000e-01   4.6000000e-01
  -1.2372560e+02   4.3660400e+01   5.5471000e+00   5.5983111e-01   1.0700000e+00   1.0900000e+00
  -1.2368560e+02   4.2099000e+01   4.7200355e+00   1.3899039e+00   4.3000000e-01   4.2000000e-01
  -1.2368150e+02   4.2104500e+01   6.2786294e+00   1.4955716e+00   4.0000000e-01   4.3000000e-01
  -1.2372990e+02   4.6656000e+01   9.8819044e+00   3.1042660e+00   3.6000000e-01   3.5000000e-01
  -1.2371960e+02   4.6088800e+01   7.7499147e+00   1.2337224e+00   2.9000000e-01   3.1000000e-01
  -1.2369690e+02   4.5482600e+01   7.7833987e+00   1.7525862e+00   2.0000000e-01   2.1000000e-01
  -1.2370320e+02   4.6972700e+01   9.0567247e+00   1.6067659e+00   4.6000000e-01   5.5000000e-01
  -1.2363230e+02   4.2275400e+01   4.3303158e+00   1.0400770e+00   4.2000000e-01   4.1000000e-01
  -1.2370410e+02   4.8923200e+01   5.7700997e+00   2.5800337e+00   2.4000000e-01   2.4000000e-01
  -1.2370310e+02   4.8920000e+01   5.7702038e+00   2.5800702e+00   2.4000000e-01   2.4000000e-01
  -1.2363850e+02   4.5082400e+01   7.0174083e+00   9.9087274e-01   4.2000000e-01   4.3000000e-01
  -1.2364380e+02   4.5629300e+01   7.1301935e+00   2.4898073e+00   3.9000000e-01   3.8000000e-01
  -1.2364910e+02   4.6333900e+01   6.5676478e+00   1.8184748e+00   4.7000000e-01   5.2000000e-01
  -1.2367090e+02   4.8150300e+01   7.2924548e+00   1.8414484e+00   3.2000000e-01   3.1000000e-01
  -1.2367020e+02   4.8150300e+01   7.2924264e+00   1.8415646e+00   3.2000000e-01   3.1000000e-01
  -1.2367020e+02   4.8150400e+01   7.2922435e+00   1.8417530e+00   3.2000000e-01   3.1000000e-01
  -1.2367000e+02   4.8150200e+01   9.4125988e+00   2.9014119e+00   5.5000000e-01   6.3000000e-01
  -1.2367360e+02   4.8465400e+01   6.5438145e+00   1.3843581e+00   6.9000000e-01   7.3000000e-01
  -1.2359710e+02   4.2718800e+01   4.9560733e+00   1.0866311e+00   3.8000000e-01   3.8000000e-01
  -1.2365080e+02   4.8315900e+01   7.2841840e+00   1.3892337e+00   6.7000000e-01   6.8000000e-01
  -1.2359890e+02   4.4376800e+01   7.4502944e+00   1.8514914e+00   2.5000000e-01   2.5000000e-01
  -1.2360680e+02   4.5545700e+01   6.4932435e+00  -3.8239320e-01   1.6300000e+00   2.0900000e+00
  -1.2359060e+02   4.4381900e+01   7.4371556e+00   1.8611193e+00   2.5000000e-01   2.5000000e-01
  -1.2358260e+02   4.3643800e+01   4.2980325e+00   1.3315452e-03   1.4000000e+00   1.7700000e+00
  -1.2361300e+02   4.7433900e+01   7.5218851e+00   1.2324086e+00   1.2900000e+00   1.2900000e+00
  -1.2356740e+02   4.4185000e+01   7.8822882e+00   2.7176665e+00   5.0000000e-01   5.5000000e-01
  -1.2358090e+02   4.6146200e+01   6.6276874e+00   1.5326173e+00   5.6000000e-01   5.7000000e-01
  -1.2356990e+02   4.5884900e+01   6.9906615e+00   1.4452414e+00   4.1000000e-01   4.2000000e-01
  -1.2354990e+02   4.4038500e+01   6.9139859e+00   6.7528563e-01   5.4000000e-01   6.0000000e-01
  -1.2355230e+02   4.4504500e+01   9.1766948e+00   1.4120967e+00   5.9000000e-01   6.1000000e-01
  -1.2354720e+02   4.4593900e+01   7.9898882e+00   2.4990251e+00   5.2000000e-01   6.0000000e-01
  -1.2354120e+02   4.6965600e+01   6.9401070e+00   3.4799254e+00   5.9000000e-01   5.8000000e-01
  -1.2354120e+02   4.6965600e+01   8.2901070e+00  -4.6007460e-01   1.8600000e+00   1.8800000e+00
  -1.2353310e+02   4.6990800e+01   7.4965980e+00   6.8153198e-01   4.6000000e-01   5.7000000e-01
  -1.2347590e+02   4.1400200e+01   8.1893622e+00   2.4469244e+00   9.9000000e-01   1.0100000e+00
  -1.2352900e+02   4.7990300e+01   7.5178720e+00   2.2753846e+00   3.9000000e-01   4.0000000e-01
  -1.2350020e+02   4.6541400e+01   5.2549808e+00   1.7092127e+00   3.3000000e-01   3.8000000e-01
  -1.2350330e+02   4.8059600e+01   8.2308470e+00   2.5606765e+00   6.8000000e-01   6.9000000e-01
  -1.2345510e+02   4.3126100e+01   4.5576055e+00   1.1802346e+00   7.2000000e-01   7.9000000e-01
  -1.2349460e+02   4.8117000e+01   6.2110418e+00   2.7029139e+00   6.2000000e-01   6.3000000e-01
  -1.2348750e+02   4.8389800e+01   6.1595814e+00   2.2104126e+00   1.8000000e-01   1.8000000e-01
  -1.2348700e+02   4.8389500e+01   6.1598829e+00   2.2099278e+00   1.8000000e-01   1.8000000e-01
  -1.2346110e+02   4.5796800e+01   5.9917186e+00   1.3088652e+00   3.6000000e-01   4.1000000e-01
  -1.2346000e+02   4.6268400e+01   6.7662135e+00   1.5932630e+00   4.4000000e-01   5.0000000e-01
  -1.2342950e+02   4.3140100e+01   4.5797188e+00   1.0995017e+00   3.9000000e-01   3.9000000e-01
  -1.2344490e+02   4.6100200e+01   5.5489092e+00   1.1259329e+00   7.6000000e-01   1.0300000e+00
  -1.2342700e+02   4.4689300e+01   7.2105854e+00   1.5603079e+00   8.4000000e-01   8.3000000e-01
  -1.2345110e+02   4.8123700e+01   6.8812609e+00   1.3868853e+00   5.7000000e-01   7.9000000e-01
  -1.2341130e+02   4.3128600e+01   4.5297920e+00   1.3935337e+00   6.4000000e-01   7.1000000e-01
  -1.2345110e+02   4.8648500e+01   5.8509656e+00   2.1596327e+00   2.5000000e-01   2.5000000e-01
  -1.2345110e+02   4.8648600e+01   5.8509538e+00   2.1597073e+00   2.5000000e-01   2.5000000e-01
  -1.2345100e+02   4.8648500e+01   5.8509619e+00   2.1596611e+00   2.5000000e-01   2.5000000e-01
  -1.2344610e+02   4.8123100e+01   6.8862239e+00   1.3823219e+00   5.7000000e-01   7.9000000e-01
  -1.2343620e+02   4.7003800e+01   7.8192398e+00   1.8399230e+00   2.7000000e-01   2.7000000e-01
  -1.2341180e+02   4.5065400e+01   7.3059610e+00   1.6320737e+00   3.9000000e-01   3.9000000e-01
  -1.2340890e+02   4.6161600e+01   5.5754489e+00   4.4815011e-01   1.5600000e+00   1.9100000e+00
  -1.2338340e+02   4.2503500e+01   3.5299281e+00   1.4200000e+00   4.2000000e-01   4.1000000e-01
  -1.2338240e+02   4.2621100e+01   4.3740830e+00   1.4824645e+00   9.4000000e-01   9.9000000e-01
  -1.2340780e+02   4.7236600e+01   7.7803947e+00   1.7697123e+00   4.2000000e-01   4.1000000e-01
  -1.2339030e+02   4.5158500e+01   6.3501256e+00   2.3201224e+00   3.7000000e-01   3.6000000e-01
  -1.2340910e+02   4.7939200e+01   7.0559395e+00   1.2931737e+00   3.1000000e-01   3.2000000e-01
  -1.2340280e+02   4.8139800e+01   6.6581862e+00   1.2660420e+00   2.7000000e-01   2.7000000e-01
  -1.2336000e+02   4.1807100e+01   4.5462848e+00   1.6394172e+00   4.0000000e-01   3.9000000e-01
  -1.2338460e+02   4.6202600e+01   6.1641627e+00   1.5490885e+00   2.8000000e-01   2.7000000e-01
  -1.2337660e+02   4.6200500e+01   6.1717013e+00   1.5623713e+00   2.8000000e-01   2.7000000e-01
  -1.2335530e+02   4.3245600e+01   4.2818087e+00   3.6008030e-01   4.6000000e-01   4.9000000e-01
  -1.2337650e+02   4.7014600e+01   6.8235226e+00   7.3426693e-01   5.4000000e-01   6.5000000e-01
  -1.2333890e+02   4.2423500e+01   5.4450801e+00   1.6620048e+00   5.6000000e-01   6.4000000e-01
  -1.2334880e+02   4.5610800e+01   5.7390618e+00   8.1032113e-01   4.4000000e-01   4.8000000e-01
  -1.2333330e+02   4.3622500e+01   4.9584003e+00   5.3299303e-01   3.3000000e-01   3.2000000e-01
  -1.2331880e+02   4.3465300e+01   4.8109085e+00   4.4133594e-01   5.8000000e-01   6.8000000e-01
  -1.2334680e+02   4.8493100e+01   5.8086904e+00   1.2589453e+00   6.3000000e-01   6.5000000e-01
  -1.2331910e+02   4.3986200e+01   5.3606180e+00   1.9295111e+00   5.8000000e-01   6.7000000e-01
  -1.2332130e+02   4.4585300e+01   7.2913317e+00   1.7273500e+00   6.7000000e-01   7.0000000e-01
  -1.2332670e+02   4.6553300e+01   4.8321053e+00   5.4989379e-01   3.4000000e-01   4.1000000e-01
  -1.2330460e+02   4.4585500e+01   7.2900614e+00   1.3499906e+00   2.0000000e-01   1.8000000e-01
  -1.2330460e+02   4.4585600e+01   7.2898646e+00   1.3499915e+00   2.0000000e-01   1.8000000e-01
  -1.2330420e+02   4.4585700e+01   7.2896263e+00   1.3505786e+00   2.0000000e-01   1.8000000e-01
  -1.2329110e+02   4.4391200e+01   8.4325637e+00   6.7851056e-01   7.1000000e-01   7.7000000e-01
  -1.2329790e+02   4.6574700e+01   5.4350429e+00   1.2461754e+00   2.8000000e-01   2.7000000e-01
  -1.2327530e+02   4.6631300e+01   5.0133755e+00   1.4784929e+00   4.4000000e-01   5.1000000e-01
  -1.2325280e+02   4.2799100e+01   4.9769101e+00   1.3983805e+00   5.7000000e-01   6.7000000e-01
  -1.2324420e+02   4.3118800e+01   4.9698191e+00   5.6990951e-01   2.1000000e-01   2.0000000e-01
  -1.2325960e+02   4.7954900e+01   6.5172312e+00   2.0677543e+00   3.1000000e-01   3.2000000e-01
  -1.2325960e+02   4.7955000e+01   6.5172052e+00   2.0677558e+00   3.1000000e-01   3.2000000e-01
  -1.2323760e+02   4.3705700e+01   5.2235120e+00   8.9122667e-02   6.4000000e-01   7.8000000e-01
  -1.2323060e+02   4.2691700e+01   6.8797756e+00   4.9055358e-01   1.7800000e+00   2.1300000e+00
  -1.2323950e+02   4.5851300e+01   6.0822265e+00   1.6098527e+00   2.8000000e-01   2.7000000e-01
  -1.2325330e+02   4.9337300e+01   3.8600000e+00   2.7600000e+00   7.3000000e-01   8.4000000e-01
  -1.2322810e+02   4.4925000e+01   6.9611251e+00   1.7570637e+00   5.6000000e-01   6.0000000e-01
  -1.2321890e+02   4.4689200e+01   6.7395240e+00   2.4503166e+00   6.7000000e-01   7.3000000e-01
  -1.2322690e+02   4.8425500e+01   5.3534635e+00   2.2451953e+00   7.4000000e-01   7.4000000e-01
  -1.2319300e+02   4.1841500e+01   5.2514843e+00   2.1148332e+00   7.0000000e-01   7.9000000e-01
  -1.2320390e+02   4.5469200e+01   7.1781309e+00   9.8646599e-01   9.7000000e-01   1.2100000e+00
  -1.2320550e+02   4.6105100e+01   5.6113963e+00   1.2364867e+00   7.1000000e-01   7.5000000e-01
  -1.2319750e+02   4.4149400e+01   5.0116338e+00  -1.0790753e+00   7.7000000e-01   9.2000000e-01
  -1.2319690e+02   4.5683600e+01   5.7466562e+00   1.2169500e+00   3.4000000e-01   3.8000000e-01
  -1.2316310e+02   4.4078600e+01   5.7317545e+00  -3.6894948e-01   5.6000000e-01   6.2000000e-01
  -1.2317140e+02   4.8774100e+01   4.7802706e+00   1.4500832e+00   6.4000000e-01   7.3000000e-01
  -1.2315740e+02   4.5538000e+01   5.7999805e+00   9.6009779e-01   3.8000000e-01   3.8000000e-01
  -1.2315230e+02   4.5190400e+01   5.2101110e+00   1.7299529e+00   3.7000000e-01   3.6000000e-01
  -1.2313940e+02   4.5070300e+01   6.7469836e+00   1.1281086e+00   7.3000000e-01   7.9000000e-01
  -1.2314130e+02   4.7236600e+01   5.0281530e+00   8.1684364e-01   5.1000000e-01   5.2000000e-01
  -1.2314010e+02   4.8575300e+01   4.7098352e+00   3.3867389e+00   4.4000000e-01   5.0000000e-01
  -1.2313070e+02   4.5190500e+01   6.0684767e+00   1.9397775e+00   8.4000000e-01   8.8000000e-01
  -1.2313440e+02   4.8045300e+01   6.4701257e+00   1.8603801e+00   3.0000000e-01   3.0000000e-01
  -1.2311240e+02   4.7033000e+01   6.8184914e+00   1.2468760e+00   6.5000000e-01   7.2000000e-01
  -1.2311280e+02   4.7387000e+01   6.3007223e+00   1.5650076e+00   5.1000000e-01   5.6000000e-01
  -1.2311030e+02   4.8181300e+01   5.9215265e+00   8.8298998e-01   4.7000000e-01   5.2000000e-01
  -1.2310350e+02   4.4779800e+01   6.4451131e+00   1.8771844e+00   7.9000000e-01   8.1000000e-01
  -1.2310230e+02   4.4941200e+01   5.9776691e+00   1.5918347e+00   3.3000000e-01   3.3000000e-01
  -1.2309990e+02   4.4633000e+01   7.7088547e+00   8.2959765e-02   8.3000000e-01   1.0500000e+00
  -1.2309810e+02   4.4066000e+01   6.6099234e+00  -1.2236100e+00   1.1500000e+00   1.1500000e+00
  -1.2307860e+02   4.6111100e+01   3.4493725e+00   2.8685636e+00   8.4000000e-01   8.5000000e-01
  -1.2306980e+02   4.5612400e+01   5.5699411e+00   9.0114299e-01   4.8000000e-01   4.9000000e-01
  -1.2306490e+02   4.3372300e+01   4.6130086e+00   9.2013501e-01   3.1000000e-01   3.3000000e-01
  -1.2305790e+02   4.3363300e+01   4.1304477e+00   8.9001639e-01   5.6000000e-01   5.5000000e-01
  -1.2300760e+02   4.8546200e+01   5.2898925e+00   2.0201216e+00   2.5000000e-01   2.4000000e-01
  -1.2300400e+02   4.4324900e+01   6.0461054e+00  -9.2221735e-01   3.7000000e-01   3.8000000e-01
  -1.2299580e+02   4.9077600e+01   3.7706581e+00   1.4730163e+00   6.3000000e-01   6.6000000e-01
  -1.2299100e+02   4.5524400e+01   5.1196939e+00   6.7912825e-01   3.8000000e-01   4.4000000e-01
  -1.2299050e+02   4.5523100e+01   6.1221537e+00   9.8983375e-01   2.3000000e-01   2.4000000e-01
  -1.2298530e+02   4.6670700e+01   4.9168178e+00   6.2148374e-01   3.7000000e-01   3.7000000e-01
  -1.2297100e+02   4.4876500e+01   5.7659526e+00   1.3990668e+00   7.4000000e-01   9.3000000e-01
  -1.2296910e+02   4.4510200e+01   6.1847339e+00  -7.8043642e-02   7.8000000e-01   8.9000000e-01
  -1.2295570e+02   4.4973800e+01   6.0646939e+00   1.3630090e+00   5.1000000e-01   5.2000000e-01
  -1.2295560e+02   4.4566000e+01   5.1904665e+00  -3.7386709e-01   4.8000000e-01   5.9000000e-01
  -1.2294120e+02   4.7287900e+01   5.9400326e+00   1.2200312e+00   2.8000000e-01   2.7000000e-01
  -1.2294090e+02   4.2397000e+01   5.8836873e+00   6.1390545e-01   7.0000000e-01   8.3000000e-01
  -1.2293090e+02   4.4535000e+01   4.2356995e+00   3.3076245e-01   3.7000000e-01   3.6000000e-01
  -1.2292120e+02   5.0126500e+01   4.0300000e+00   1.8200000e+00   2.2000000e-01   2.1000000e-01
  -1.2292450e+02   4.6040100e+01   4.3891124e+00   1.8142876e+00   1.0300000e+00   9.6000000e-01
  -1.2292440e+02   4.6040100e+01   4.3891725e+00   1.8144188e+00   1.0300000e+00   9.6000000e-01
  -1.2291890e+02   4.6283300e+01   4.2640594e+00   8.9169730e-01   7.4000000e-01   8.0000000e-01
  -1.2290930e+02   4.8708200e+01   5.0798817e+00   2.2599026e+00   2.9000000e-01   2.9000000e-01
  -1.2290760e+02   4.6966900e+01   6.2261996e+00   1.1673727e+00   3.8000000e-01   3.7000000e-01
  -1.2290900e+02   4.5401400e+01   5.8823739e+00   1.1921511e+00   3.0000000e-01   3.4000000e-01
  -1.2289200e+02   4.8421500e+01   5.4414883e+00   1.8383514e+00   3.4000000e-01   3.6000000e-01
  -1.2289610e+02   4.6118200e+01   4.5577821e+00   1.1427820e+00   2.2000000e-01   2.2000000e-01
  -1.2289590e+02   4.6118100e+01   4.5579168e+00   1.1430972e+00   2.2000000e-01   2.2000000e-01
  -1.2289280e+02   4.6115700e+01   4.5616088e+00   1.1479979e+00   2.2000000e-01   2.2000000e-01
  -1.2288770e+02   4.7836800e+01   6.1260466e+00   1.8563256e+00   9.8000000e-01   1.0300000e+00
  -1.2288470e+02   4.8419900e+01   5.4401712e+00   1.8406210e+00   3.4000000e-01   3.6000000e-01
  -1.2288710e+02   4.4052100e+01   4.4917860e+00   4.9901707e-02   4.2000000e-01   4.1000000e-01
  -1.2287550e+02   4.7824200e+01   6.0241175e+00   1.2707252e+00   4.3000000e-01   4.9000000e-01
  -1.2287290e+02   4.8645700e+01   5.7306667e+00   5.3108149e-01   1.4900000e+00   1.5400000e+00
  -1.2287470e+02   4.7823200e+01   6.0231288e+00   1.2703033e+00   4.3000000e-01   4.9000000e-01
  -1.2287970e+02   4.4990000e+01   6.4593117e+00   1.8304673e+00   5.1000000e-01   5.4000000e-01
  -1.2287410e+02   4.5269400e+01   5.7078770e+00   8.7223725e-01   2.2000000e-01   2.2000000e-01
  -1.2287690e+02   4.2322600e+01   4.5476574e+00   1.2752050e+00   4.2000000e-01   5.1000000e-01
  -1.2287010e+02   4.5170900e+01   6.1502532e+00   8.8996404e-01   6.0000000e-01   6.1000000e-01
  -1.2286630e+02   4.6588600e+01   5.9589759e+00   2.3085890e-01   3.1000000e-01   3.1000000e-01
  -1.2287460e+02   4.2335700e+01   4.7512074e+00   7.7816862e-01   5.9000000e-01   7.0000000e-01
  -1.2285350e+02   4.1557900e+01   4.2908768e+00   1.8931464e+00   2.7800000e+00   2.9200000e+00
  -1.2283080e+02   4.8677300e+01   5.0377345e+00   9.8237926e-01   9.8000000e-01   1.1600000e+00
  -1.2283030e+02   4.4207600e+01   6.5447243e+00   9.2230387e-01   8.2000000e-01   9.8000000e-01
  -1.2282610e+02   4.4795100e+01   4.6616649e+00   1.3215549e-01   4.8000000e-01   5.3000000e-01
  -1.2282090e+02   4.4830700e+01   5.1090077e+00  -5.0402808e-01   5.5000000e-01   5.6000000e-01
  -1.2280940e+02   4.8054600e+01   5.9315597e+00   1.5690710e+00   5.3000000e-01   5.9000000e-01
  -1.2281070e+02   4.5179400e+01   6.4767314e+00   2.1135537e+00   9.3000000e-01   1.1200000e+00
  -1.2279540e+02   4.7547300e+01   5.3391145e+00   7.7610953e-02   2.4000000e-01   2.3000000e-01
  -1.2280120e+02   4.5856900e+01   4.6069074e+00   1.6671015e+00   5.6000000e-01   5.9000000e-01
  -1.2278670e+02   4.7548600e+01   5.6051562e+00   5.4110408e-01   4.0000000e-01   4.2000000e-01
  -1.2279480e+02   4.3922000e+01   6.3853102e+00  -9.5911203e-02   9.7000000e-01   1.0400000e+00
  -1.2277590e+02   4.8010600e+01   6.3113836e+00   1.3763964e+00   3.4000000e-01   3.4000000e-01
  -1.2276810e+02   4.8140800e+01   5.4611839e+00   1.3140237e+00   2.6000000e-01   2.6000000e-01
  -1.2276770e+02   4.8140100e+01   5.4622817e+00   1.3124073e+00   2.6000000e-01   2.6000000e-01
  -1.2275830e+02   4.7218800e+01   5.7802924e+00   9.3018108e-01   3.4000000e-01   3.3000000e-01
  -1.2275490e+02   4.7500700e+01   5.3716619e+00   1.8780698e+00   9.7000000e-01   1.0000000e+00
  -1.2273830e+02   4.3343500e+01   3.5377839e+00  -2.0466057e-01   5.5000000e-01   5.8000000e-01
  -1.2272010e+02   4.6532700e+01   4.8840479e+00   6.8987557e-01   3.3000000e-01   3.8000000e-01
  -1.2272000e+02   4.5469300e+01   5.6076299e+00   1.7340289e+00   1.0000000e+00   1.3000000e+00
  -1.2269610e+02   4.8312700e+01   5.5899062e+00   1.9137238e+00   2.3000000e-01   2.3000000e-01
  -1.2269130e+02   4.8313000e+01   5.5875929e+00   1.9191714e+00   2.3000000e-01   2.3000000e-01
  -1.2268590e+02   4.8341500e+01   3.9726704e+00   9.8992731e-02   4.0000000e-01   4.4000000e-01
  -1.2268560e+02   4.8217300e+01   5.7982536e+00   1.2004087e+00   3.8000000e-01   3.8000000e-01
  -1.2268400e+02   4.8217100e+01   5.7977835e+00   1.2018685e+00   3.8000000e-01   3.8000000e-01
  -1.2268170e+02   4.8160500e+01   3.1510765e+00   1.0080092e+00   5.6000000e-01   5.7000000e-01
  -1.2268250e+02   4.7921600e+01   5.5194569e+00   2.9511673e-01   6.6000000e-01   6.9000000e-01
  -1.2268090e+02   4.7926400e+01   5.5186734e+00   2.9430742e-01   6.6000000e-01   6.9000000e-01
  -1.2269280e+02   4.5834900e+01   4.1695117e+00   1.9638557e+00   6.2000000e-01   6.2000000e-01
  -1.2271100e+02   4.1731300e+01   4.9629984e+00   8.6698103e-01   2.6000000e-01   2.6000000e-01
  -1.2271070e+02   4.1731700e+01   4.9612658e+00   8.6772862e-01   2.6000000e-01   2.6000000e-01
  -1.2270810e+02   4.1730500e+01   4.9518650e+00   8.6043494e-01   2.6000000e-01   2.6000000e-01
  -1.2267030e+02   4.8419200e+01   4.8172940e+00   1.9988577e+00   3.1000000e-01   3.0000000e-01
  -1.2266410e+02   4.8401900e+01   5.9632612e+00   1.5174824e+00   4.2000000e-01   4.7000000e-01
  -1.2266070e+02   4.7446200e+01   4.3671515e+00   8.2784120e-02   9.6000000e-01   1.1900000e+00
  -1.2266010e+02   4.7447200e+01   4.3671055e+00   8.5739833e-02   9.6000000e-01   1.1900000e+00
  -1.2265990e+02   4.7446900e+01   4.3674823e+00   8.5797471e-02   9.6000000e-01   1.1900000e+00
  -1.2264810e+02   4.7734700e+01   5.8099658e+00   2.0552632e+00   6.1000000e-01   7.7000000e-01
  -1.2263080e+02   4.8268000e+01   4.4763179e+00  -1.8085906e-01   5.5000000e-01   5.8000000e-01
  -1.2262970e+02   4.7729700e+01   5.4229741e+00   7.8567165e-01   4.5000000e-01   5.3000000e-01
  -1.2265330e+02   4.3585800e+01   4.5529841e+00   1.4067193e+00   8.1000000e-01   9.3000000e-01
  -1.2265320e+02   4.3585800e+01   4.5530972e+00   1.4068477e+00   8.1000000e-01   9.3000000e-01
  -1.2265640e+02   4.2191000e+01   3.5403753e+00   9.6043316e-01   4.0000000e-01   3.9000000e-01
  -1.2262070e+02   4.7094200e+01   4.5393403e+00   2.8081756e+00   1.2000000e+00   1.2700000e+00
  -1.2260320e+02   4.8892000e+01   4.1209336e+00   1.6464505e+00   9.9000000e-01   1.2300000e+00
  -1.2260950e+02   4.7391400e+01   4.9037303e+00  -1.9659552e-01   2.5000000e-01   2.4000000e-01
  -1.2259900e+02   4.8513300e+01   3.5643517e+00   2.0405337e+00   6.0000000e-01   6.3000000e-01
  -1.2260570e+02   4.6948700e+01   7.0569462e+00   3.6171679e-01   3.0000000e-01   3.0000000e-01
  -1.2262470e+02   4.2142200e+01   3.1979257e+00  -2.1211293e-01   8.2000000e-01   9.3000000e-01
  -1.2257930e+02   4.8548300e+01   5.0022652e+00   2.0905281e+00   4.7000000e-01   4.9000000e-01
  -1.2259080e+02   4.5216100e+01   5.3681085e+00   9.5344527e-01   1.9000000e-01   2.0000000e-01
  -1.2258910e+02   4.5221100e+01   5.3661796e+00   9.5910810e-01   1.9000000e-01   2.0000000e-01
  -1.2257080e+02   4.7172100e+01   4.7401740e+00   5.2019422e-01   2.7000000e-01   2.7000000e-01
  -1.2257700e+02   4.4496500e+01   3.5501550e+00   4.2020297e-01   5.6000000e-01   5.6000000e-01
  -1.2255260e+02   4.7571000e+01   3.5358642e+00   2.8690803e-01   2.4300000e+00   2.6600000e+00
  -1.2255250e+02   4.7570500e+01   3.5344494e+00   2.8438631e-01   2.4300000e+00   2.6600000e+00
  -1.2259130e+02   4.1955800e+01   4.7266838e+00   1.4592639e+00   9.4000000e-01   1.0000000e+00
  -1.2256600e+02   4.5546700e+01   4.5868652e+00   1.3188508e+00   2.9000000e-01   3.0000000e-01
  -1.2253460e+02   4.8791200e+01   3.4722799e+00   1.0888601e+00   6.0000000e-01   5.9000000e-01
  -1.2257060e+02   4.4145600e+01   4.3651484e+00  -2.5962338e-01   4.4000000e-01   4.7000000e-01
  -1.2254720e+02   4.5781000e+01   4.9723059e+00   1.0347811e+00   3.5000000e-01   3.9000000e-01
  -1.2251460e+02   4.7802700e+01   5.7894498e+00   1.4904569e+00   2.0400000e+00   2.0400000e+00
  -1.2250340e+02   4.8655800e+01   3.9958048e+00  -7.9041042e-02   7.9000000e-01   8.1000000e-01
  -1.2249330e+02   4.8856200e+01   3.9599069e+00   1.7000122e+00   3.8000000e-01   3.8000000e-01
  -1.2249610e+02   4.5610900e+01   5.7546901e+00   1.0970528e+00   3.2000000e-01   3.2000000e-01
  -1.2252590e+02   4.1555000e+01   4.6028278e+00  -1.3089706e+00   6.9000000e-01   8.1000000e-01
  -1.2251050e+02   4.2740700e+01   4.0391683e+00   1.2002277e+00   6.1000000e-01   7.2000000e-01
  -1.2245920e+02   4.8001800e+01   5.5922564e+00   1.7106674e+00   3.7000000e-01   3.6000000e-01
  -1.2249850e+02   4.3751800e+01   5.0262284e+00  -1.1109118e-01   4.2000000e-01   4.8000000e-01
  -1.2248280e+02   4.4841100e+01   3.6187612e+00   2.9452637e-01   4.5000000e-01   4.6000000e-01
  -1.2248000e+02   4.4751800e+01   4.6875270e+00   4.3251138e-01   4.8000000e-01   5.7000000e-01
  -1.2242380e+02   4.8366300e+01   4.2549073e+00   1.6817314e+00   9.9000000e-01   1.0100000e+00
  -1.2247920e+02   4.2064700e+01   3.8023465e+00   4.6731619e-01   3.3000000e-01   3.7000000e-01
  -1.2246420e+02   4.3160000e+01   5.0315224e+00   5.5453829e-01   3.3000000e-01   3.7000000e-01
  -1.2242920e+02   4.6531900e+01   4.2029553e+00   1.7357876e+00   5.0000000e-01   5.0000000e-01
  -1.2238750e+02   4.7595100e+01   4.4137900e+00   3.5235734e-01   9.1000000e-01   1.1000000e+00
  -1.2242760e+02   4.3227900e+01   4.6732393e+00  -6.2867785e-01   5.4000000e-01   6.1000000e-01
  -1.2237570e+02   4.7386400e+01   4.6551285e+00   4.1256589e-01   2.7000000e-01   2.7000000e-01
  -1.2237480e+02   4.7387500e+01   4.6517413e+00   4.1232289e-01   2.7000000e-01   2.7000000e-01
  -1.2237390e+02   4.7388500e+01   4.6531787e+00   4.1759300e-01   2.7000000e-01   2.7000000e-01
  -1.2242050e+02   4.1830800e+01   3.6959451e+00   7.0296259e-01   7.6000000e-01   7.6000000e-01
  -1.2234800e+02   4.8239300e+01   4.0488462e+00   1.5059854e+00   5.5000000e-01   6.4000000e-01
  -1.2236060e+02   4.6189500e+01   2.9616769e+00   1.1693289e+00   4.4000000e-01   4.3000000e-01
  -1.2235720e+02   4.6189300e+01   2.9645265e+00   1.1779194e+00   4.4000000e-01   4.3000000e-01
  -1.2235460e+02   4.6109600e+01   4.0622037e+00   4.3765519e-02   3.3000000e-01   3.4000000e-01
  -1.2236100e+02   4.5296100e+01   4.5598420e+00   4.7577983e-01   4.9000000e-01   4.9000000e-01
  -1.2239700e+02   4.1424900e+01   3.5084118e+00   3.0234541e+00   1.4500000e+00   1.6800000e+00
  -1.2234060e+02   4.5430200e+01   5.0415961e+00   1.0635051e+00   2.0200000e+00   2.0200000e+00
  -1.2230950e+02   4.7654000e+01   5.1782687e+00   7.5484030e-01   1.4000000e-01   1.3000000e-01
  -1.2233260e+02   4.5298500e+01   4.9047367e+00   2.9705286e+00   9.6000000e-01   1.2000000e+00
  -1.2229970e+02   4.7654800e+01   5.1834617e+00   7.6332148e-01   1.4000000e-01   1.3000000e-01
  -1.2229870e+02   4.7658200e+01   5.1844995e+00   7.6570906e-01   1.4000000e-01   1.3000000e-01
  -1.2231810e+02   4.6026200e+01   3.3525421e+00   4.7700805e-01   3.4000000e-01   3.7000000e-01
  -1.2234810e+02   4.2619300e+01   3.9878866e+00  -4.4333600e-02   5.6000000e-01   5.2000000e-01
  -1.2228220e+02   4.7898500e+01   5.2153456e+00   1.2310531e+00   3.2000000e-01   3.2000000e-01
  -1.2229040e+02   4.7103200e+01   5.4456260e+00   7.4729044e-01   2.6000000e-01   2.6000000e-01
  -1.2229030e+02   4.7103200e+01   5.4456302e+00   7.4746387e-01   2.6000000e-01   2.6000000e-01
  -1.2228980e+02   4.7102500e+01   5.4471356e+00   7.4832917e-01   2.6000000e-01   2.6000000e-01
  -1.2228850e+02   4.7105800e+01   5.4415767e+00   7.5245057e-01   2.6000000e-01   2.6000000e-01
  -1.2227220e+02   4.7907800e+01   4.1134466e+00   6.4418316e-01   4.6000000e-01   5.4000000e-01
  -1.2231380e+02   4.3963100e+01   6.1338739e+00  -5.2761306e-01   6.3000000e-01   6.9000000e-01
  -1.2225630e+02   4.7687000e+01   4.6138388e+00   1.4388772e+00   3.3000000e-01   3.3000000e-01
  -1.2227040e+02   4.6550600e+01   4.3940675e+00   1.3491512e+00   3.5000000e-01   3.8000000e-01
  -1.2225010e+02   4.7685300e+01   4.6142487e+00   1.4398687e+00   3.3000000e-01   3.3000000e-01
  -1.2224920e+02   4.7685600e+01   4.6141959e+00   1.4400150e+00   3.3000000e-01   3.3000000e-01
  -1.2224910e+02   4.7685700e+01   4.6141762e+00   1.4400315e+00   3.3000000e-01   3.3000000e-01
  -1.2225650e+02   4.6840100e+01   5.0125926e+00   1.1664995e+00   3.4000000e-01   3.3000000e-01
  -1.2222800e+02   4.8507600e+01   4.0595541e+00   1.0745030e+00   1.8000000e-01   1.8000000e-01
  -1.2222420e+02   4.8517300e+01   4.0513736e+00   1.0792634e+00   1.8000000e-01   1.8000000e-01
  -1.2222380e+02   4.8521600e+01   4.0497130e+00   1.0901360e+00   1.8000000e-01   1.8000000e-01
  -1.2222320e+02   4.8522000e+01   4.0496979e+00   1.0901505e+00   1.8000000e-01   1.8000000e-01
  -1.2220360e+02   4.8710700e+01   4.2305340e+00   2.3093437e+00   7.5000000e-01   9.6000000e-01
  -1.2224470e+02   4.5539300e+01   3.8381885e+00   5.0153499e-01   2.4000000e-01   2.6000000e-01
  -1.2224410e+02   4.5540200e+01   3.8378284e+00   5.0453365e-01   2.4000000e-01   2.6000000e-01
  -1.2224400e+02   4.5540200e+01   3.8379217e+00   5.0482542e-01   2.4000000e-01   2.6000000e-01
  -1.2221830e+02   4.6773900e+01   6.1310608e+00   2.6878627e+00   5.9000000e-01   7.1000000e-01
  -1.2221740e+02   4.6178100e+01   4.3739971e+00   5.9877616e-01   5.5000000e-01   5.4000000e-01
  -1.2227500e+02   4.1532100e+01   3.2101896e+00   9.3879725e-02   1.7900000e+00   2.1400000e+00
  -1.2223540e+02   4.4118800e+01   5.0773459e+00   1.9239517e-02   9.2000000e-01   1.0000000e+00
  -1.2221720e+02   4.4342200e+01   4.2714521e+00  -4.1756353e-01   4.4000000e-01   4.4000000e-01
  -1.2215770e+02   4.8161600e+01   4.0109495e+00   6.3029444e-01   5.1000000e-01   5.2000000e-01
  -1.2214320e+02   4.8916600e+01   3.4701038e+00  -3.0997806e-01   7.0000000e-01   8.8000000e-01
  -1.2215440e+02   4.8170300e+01   4.3558128e+00   1.6181719e+00   6.5000000e-01   7.4000000e-01
  -1.2216400e+02   4.7400800e+01   3.2113386e+00   1.1386932e+00   8.3000000e-01   8.2000000e-01
  -1.2214190e+02   4.8174100e+01   4.9916858e+00   5.4219144e-01   3.3000000e-01   3.3000000e-01
  -1.2214180e+02   4.7636100e+01   3.5957842e+00   2.3674416e+00   1.0100000e+00   1.1900000e+00
  -1.2213690e+02   4.6244600e+01   3.9482077e+00   3.2186392e+00   7.7000000e-01   8.0000000e-01
  -1.2213330e+02   4.6194600e+01   4.8860306e+00   1.0736635e+00   4.6000000e-01   4.6000000e-01
  -1.2208020e+02   4.7774100e+01   4.6241260e+00   2.0273192e+00   8.0000000e-01   7.9000000e-01
  -1.2205940e+02   4.8526600e+01   4.1661806e+00  -2.6287934e-01   1.2700000e+00   1.4900000e+00
  -1.2208760e+02   4.5532700e+01   4.4141917e+00   3.5837059e+00   8.4000000e-01   8.8000000e-01
  -1.2200840e+02   4.9156600e+01   3.5000000e+00   2.1200000e+00   2.2000000e-01   2.1000000e-01
  -1.2209960e+02   4.2473300e+01   3.7377130e+00   1.4812470e+00   7.3000000e-01   8.5000000e-01
  -1.2200810e+02   4.7499600e+01   4.0072724e+00  -4.8823189e-01   2.3000000e-01   2.3000000e-01
  -1.2203490e+02   4.5376200e+01   3.6100687e+00   1.4657517e+00   4.8000000e-01   5.4000000e-01
  -1.2198510e+02   4.7508600e+01   3.1534708e+00   7.3472890e-02   8.5000000e-01   8.7000000e-01
  -1.2196950e+02   4.8081600e+01   2.9341114e+00  -1.8437020e+00   1.8100000e+00   2.3400000e+00
  -1.2196940e+02   4.8081100e+01   2.9346363e+00  -1.8440449e+00   1.8100000e+00   2.3400000e+00
  -1.2194890e+02   4.4434100e+01   3.0345186e+00  -4.8110558e-01   2.7000000e-01   2.8000000e-01
  -1.2194580e+02   4.4434800e+01   3.0336367e+00  -4.7662367e-01   2.7000000e-01   2.8000000e-01
  -1.2190550e+02   4.6541700e+01   4.1841737e+00   1.7061668e+00   4.3000000e-01   5.0000000e-01
  -1.2185920e+02   4.8538700e+01   4.2433922e+00   1.0745748e+00   4.4000000e-01   5.1000000e-01
  -1.2198190e+02   4.1259700e+01   3.6621871e+00  -4.0681869e-01   1.8800000e+00   1.9000000e+00
  -1.2194380e+02   4.3530200e+01   5.0395474e+00   2.2457757e-01   5.8000000e-01   6.7000000e-01
  -1.2186500e+02   4.6933500e+01   4.1875586e+00   1.8841101e+00   7.2000000e-01   8.2000000e-01
  -1.2183090e+02   4.7944400e+01   4.5760435e+00   6.4053648e-01   2.2000000e-01   2.2000000e-01
  -1.2187740e+02   4.5676100e+01   3.7548305e+00   2.5292789e+00   3.7000000e-01   3.7000000e-01
  -1.2187700e+02   4.5676300e+01   3.5248657e+00   1.2701603e+00   2.4000000e-01   2.5000000e-01
  -1.2177720e+02   4.8538500e+01   4.3510914e+00   1.1784909e+00   7.7000000e-01   9.8000000e-01
  -1.2180010e+02   4.7519500e+01   3.5084752e+00   1.2910277e+00   8.7000000e-01   1.1000000e+00
  -1.2189730e+02   4.2317700e+01   3.3746250e+00   1.4768724e+00   8.7000000e-01   9.0000000e-01
  -1.2187760e+02   4.2573700e+01   4.5038285e+00   1.6699774e+00   5.6000000e-01   6.3000000e-01
  -1.2172800e+02   4.6768300e+01   4.3174261e+00   1.7170973e+00   5.1000000e-01   5.8000000e-01
  -1.2167450e+02   4.8865300e+01   1.8801247e+00  -1.3820372e-02   6.4000000e-01   7.6000000e-01
  -1.2169130e+02   4.7676300e+01   4.0618092e+00   1.1580466e+00   6.1000000e-01   7.4000000e-01
  -1.2169110e+02   4.7676300e+01   4.0618584e+00   1.1581276e+00   6.1000000e-01   7.4000000e-01
  -1.2168960e+02   4.7695200e+01   4.1120949e+00   4.5539106e-01   3.1000000e-01   3.0000000e-01
  -1.2176960e+02   4.3177100e+01   4.0380598e+00   7.3790706e-01   4.9000000e-01   4.9000000e-01
  -1.2168320e+02   4.6622900e+01   3.7993718e+00   7.4399130e-01   2.5000000e-01   2.4000000e-01
  -1.2171190e+02   4.5334000e+01   5.0175127e+00   3.5728713e-02   5.7000000e-01   7.2000000e-01
  -1.2167520e+02   4.6606800e+01   4.3953807e+00   1.5867614e+00   4.8000000e-01   5.2000000e-01
  -1.2161560e+02   4.8260500e+01   3.2860501e+00   9.9906196e-01   3.5000000e-01   3.4000000e-01
  -1.2174730e+02   4.2209000e+01   3.5182524e+00   6.2565541e-01   3.6000000e-01   4.2000000e-01
  -1.2159360e+02   4.8486100e+01   2.6276538e+00   1.7850024e-01   4.6000000e-01   5.2000000e-01
  -1.2167270e+02   4.5344500e+01   4.9214093e+00   9.0020730e-01   6.2000000e-01   6.2000000e-01
  -1.2162530e+02   4.7137500e+01   3.1407505e+00   4.1365311e-01   4.9000000e-01   5.8000000e-01
  -1.2166970e+02   4.5304500e+01   3.6871145e+00   1.3144540e+00   7.2000000e-01   7.9000000e-01
  -1.2168680e+02   4.3990700e+01   5.4423370e+00  -1.4800991e+00   9.0000000e-01   9.0000000e-01
  -1.2168770e+02   4.3682400e+01   4.1846144e+00  -1.2993513e-02   9.7000000e-01   1.0000000e+00
  -1.2157160e+02   4.8078800e+01   4.1254599e+00   2.8420224e+00   1.1100000e+00   1.5000000e+00
  -1.2155050e+02   4.5710500e+01   3.0438310e+00   1.1834152e+00   2.3000000e-01   2.4000000e-01
  -1.2155000e+02   4.5710900e+01   4.0540167e+00   1.6045000e+00   2.4000000e-01   2.5000000e-01
  -1.2154190e+02   4.6000100e+01   3.9269897e+00   1.6867006e+00   3.0000000e-01   3.0000000e-01
  -1.2157450e+02   4.4296800e+01   4.1835095e+00   3.6824887e-01   3.8000000e-01   3.8000000e-01
  -1.2155590e+02   4.4305700e+01   3.1473354e+00  -3.2372965e-02   4.8000000e-01   5.2000000e-01
  -1.2142560e+02   4.7735400e+01   4.4919185e+00   1.2216055e+00   4.5000000e-01   5.1000000e-01
  -1.2128560e+02   4.8509700e+01   4.5955159e+00   1.7886304e+00   8.3000000e-01   8.4000000e-01
  -1.2126880e+02   4.8673700e+01   3.9524727e+00   1.0540743e+00   4.5000000e-01   5.3000000e-01
  -1.2136640e+02   4.4822600e+01   2.8549655e+00  -4.7066576e-01   1.0800000e+00   1.1300000e+00
  -1.2130020e+02   4.6872900e+01   3.6764411e+00   3.2500425e-01   1.1500000e+00   1.1800000e+00
  -1.2132760e+02   4.5782600e+01   4.4404828e+00   8.3448302e-01   2.5000000e-01   2.4000000e-01
  -1.2130450e+02   4.5680100e+01   3.7183100e+00   7.7330844e-01   4.1000000e-01   4.1000000e-01
  -1.2128320e+02   4.4060600e+01   3.2059837e+00   8.5417050e-01   4.7000000e-01   5.3000000e-01
  -1.2106920e+02   4.8733700e+01   3.4772353e+00   1.3144383e+00   3.8000000e-01   3.8000000e-01
  -1.2106760e+02   4.8730200e+01   3.4867638e+00   1.3172847e+00   3.8000000e-01   3.8000000e-01
  -1.2117520e+02   4.5617800e+01   3.2013592e+00   6.3602315e-01   3.0000000e-01   3.5000000e-01
  -1.2113330e+02   4.6628800e+01   3.3327378e+00   1.7064662e-01   5.3000000e-01   5.6000000e-01
  -1.2113710e+02   4.6226900e+01   3.5851943e+00   6.1012752e-01   3.0000000e-01   3.1000000e-01
  -1.2119740e+02   4.4269100e+01   3.3704266e+00   1.1797751e+00   8.6000000e-01   1.0700000e+00
  -1.2107560e+02   4.7740200e+01   3.4343214e+00   1.3462506e+00   4.3000000e-01   4.2000000e-01
  -1.2122160e+02   4.2418300e+01   3.6500052e+00   3.0999704e-01   2.5000000e-01   2.4000000e-01
  -1.2113480e+02   4.5233300e+01   2.9761699e+00   1.8258104e-01   4.2000000e-01   4.6000000e-01
  -1.2114790e+02   4.4259800e+01   3.0999907e+00   3.4666143e-01   1.8000000e-01   1.8000000e-01
  -1.2117510e+02   4.3313300e+01   4.4968918e+00   3.4221675e-01   5.5000000e-01   6.1000000e-01
  -1.2112790e+02   4.4633900e+01   3.5883962e+00   4.6298501e-02   7.2000000e-01   9.8000000e-01
  -1.2109070e+02   4.3112400e+01   3.0703454e+00   1.8787848e-01   4.0000000e-01   3.9000000e-01
  -1.2093310e+02   4.6844000e+01   3.0587677e+00   6.4034683e-01   3.3000000e-01   3.2000000e-01
  -1.2106150e+02   4.3124800e+01   3.8565856e+00   8.0415456e-01   9.8000000e-01   1.0300000e+00
  -1.2094650e+02   4.4920400e+01   2.6502551e+00   5.7735324e-01   2.8000000e-01   3.0000000e-01
  -1.2094620e+02   4.4922700e+01   2.6488199e+00   5.7812449e-01   2.8000000e-01   3.0000000e-01
  -1.2102700e+02   4.2393100e+01   2.9178674e+00   1.0527431e+00   6.3000000e-01   7.5000000e-01
  -1.2081470e+02   4.5838800e+01   3.2591130e+00   7.4618033e-01   1.9000000e-01   1.8000000e-01
  -1.2086500e+02   4.4301300e+01   2.8987808e+00   1.8994318e+00   6.1000000e-01   6.7000000e-01
  -1.2072460e+02   4.6950900e+01   3.1287878e+00   6.2484077e-01   3.6000000e-01   3.5000000e-01
  -1.2072400e+02   4.6951300e+01   3.1289448e+00   6.2517343e-01   3.6000000e-01   3.5000000e-01
  -1.2066500e+02   4.7768000e+01   4.1271347e+00   7.7433542e-01   6.2000000e-01   6.8000000e-01
  -1.2074350e+02   4.5474500e+01   2.6225792e+00   4.8122018e-01   5.6000000e-01   5.8000000e-01
  -1.2059210e+02   4.7558900e+01   4.3339262e+00   1.0339196e+00   6.8000000e-01   8.2000000e-01
  -1.2077350e+02   4.3010900e+01   2.8795016e+00   2.4103076e-01   5.6000000e-01   6.4000000e-01
  -1.2067230e+02   4.5590100e+01   2.2950133e+00   6.2765458e-01   3.7000000e-01   3.7000000e-01
  -1.2053850e+02   4.7000300e+01   3.0568848e+00   3.0110726e-01   2.2000000e-01   2.1000000e-01
  -1.2052120e+02   4.7012100e+01   3.1123430e+00  -5.4179080e-02   6.0000000e-01   6.5000000e-01
  -1.2060030e+02   4.3813800e+01   3.3990312e+00   5.1559270e-01   3.9000000e-01   4.6000000e-01
  -1.2047720e+02   4.6602400e+01   2.5586721e+00   6.6771403e-01   3.6000000e-01   4.1000000e-01
  -1.2050940e+02   4.4353100e+01   3.4196772e+00  -2.6366038e-01   8.4000000e-01   9.5000000e-01
  -1.2054880e+02   4.2703900e+01   4.0930947e+00  -6.0994549e-01   6.8000000e-01   9.1000000e-01
  -1.2421760e+02   4.0766900e+01   2.3724788e+01   1.8442059e+00   8.0000000e-01   8.5000000e-01
  -1.2411740e+02   4.0975000e+01   1.6922513e+01  -2.4534520e+00   8.7000000e-01   9.9000000e-01
  -1.2352350e+02   4.0460200e+01   6.2515829e-01  -5.8436766e-01   9.0000000e-01   1.0200000e+00
  -1.2349350e+02   4.0815300e+01   3.2553861e+00  -1.8751091e+00   1.0600000e+00   1.1300000e+00
  -1.2321870e+02   4.0658800e+01   1.7092374e+00  -3.6784076e-01   1.0700000e+00   1.1500000e+00
  -1.2257680e+02   4.0647600e+01   2.0931330e-01  -1.5069754e+00   1.5700000e+00   1.6100000e+00
  -1.2243490e+02   4.0957100e+01   3.4089464e+00   4.1802810e-02   1.8000000e+00   1.9000000e+00
  -1.2237870e+02   4.0588100e+01   5.0561983e-01   9.9305569e-01   2.2500000e+00   2.3200000e+00
  -1.2229060e+02   4.0419500e+01   1.1158256e-01   2.0090068e-01   2.0300000e+00   2.0800000e+00
  -1.2147130e+02   4.0817600e+01   2.6973261e-01   3.1937362e-01   5.2000000e-01   5.7000000e-01
  -1.2143040e+02   4.0673800e+01  -6.9112230e-01  -6.3541622e-01   6.8000000e-01   7.4000000e-01
  -1.2143150e+02   4.0271300e+01   1.3120626e+00   5.6757491e-01   5.9000000e-01   6.7000000e-01
  -1.2066780e+02   4.0418200e+01   6.3094293e-02   7.9018760e-01   4.9000000e-01   5.0000000e-01
  -1.2036650e+02   4.0799200e+01   1.3988048e+00   1.0780071e+00   5.5000000e-01   6.2000000e-01
  -1.2022500e+02   4.0591700e+01   9.9864283e-01  -6.3576483e-01   1.8000000e-01   1.7000000e-01
  -1.2125790e+02   4.1670500e+01   4.2594965e-01  -4.9901560e-01   5.5000000e-01   6.2000000e-01
  -1.2050060e+02   4.1509700e+01   2.3048936e+00  -6.0534082e-01   2.1100000e+00   2.1400000e+00
