# Homogenouse spherical Green's fuction for benchmark
# number of Earth's layers
 5
# Earth's paramter, depth_upper(km), depth_lower(km), lambda(10^10Pa), rigid(10^10Pa), rho(kg/m^3)
# depth begins from 0.0 and ends with 6371.0
        0.0      70.0      5.061    5.0605   3037 
       70.0     420.0      7.037    7.0363   3438 
      420.0     670.0     10.550   10.5490   3871 
      670.0    2891.0     22.835   22.8340   4978 
     2891.0    6371.0     22.835    1.e-12  10750 
# number of source depths
  24
# source depths (km)
     0.005
     0.01
     0.03
     0.05
     0.07
     0.1
     0.2
     0.4
     0.5
     0.6
     0.8
     1.0
     2.0
     4.0
     5.0
     6.0
     7.0
     8.0
     9.0
    10.0
    14.0
    20.0
    32.0
    50.0
# number of angles
  128
# angles (deg)
   0.0
   0.0003
   0.0004
   0.0005
   0.0006
   0.0007
   0.0008
   0.0009
   0.0010
   0.0012
   0.0014
   0.0015
   0.0016
   0.0017
   0.0018
   0.0019
   0.002
   0.003
   0.004
   0.005
   0.006
   0.007
   0.008
   0.009
   0.010
   0.012
   0.014
   0.016
   0.018
   0.020
   0.022
   0.024
   0.026
   0.028
   0.030
   0.040
   0.050
   0.060
   0.070
   0.080
   0.090
   0.100
   0.110
   0.120
   0.130
   0.140
   0.150
   0.160
   0.170
   0.180
   0.190
   0.200
   0.210
   0.220
   0.230
   0.240
   0.250
   0.260
   0.270
   0.280
   0.290
   0.300
   0.310
   0.320
   0.330
   0.340
   0.360
   0.370
   0.380
   0.390
   0.400
   0.410
   0.420
   0.430
   0.440
   0.450
   0.460
   0.470
   0.480
   0.490
   0.500
   0.550
   0.600
   0.650
   0.700
   0.750
   0.800
   0.850
   0.900
   0.950
   1.000
   1.100
   1.200
   1.300
   1.400
   1.500
   1.600
   2.000
   2.500
   3.000
   4.000
   5.000
   6.000
   7.000
   8.000
   9.000
  10.000
  12.000
  16.000
  20.000
  25.000
  30.000
  40.000
  50.000
  60.000
  70.000
  80.000
  90.000
 100.000
 110.000
 120.000
 130.000
 140.000
 150.000
 160.000
 170.000
 179.900
 180.000
