   2.9158629216798487E-002 -0.89033759717680849     
   2.9158488142217047E-002 -0.87235116531892398     
   2.9158349947774480E-002 -0.85436473279634639     
   2.9158214633399699E-002 -0.83637829916594697     
   2.9158082199023320E-002 -0.81839186398459673     
   2.9157952644577656E-002 -0.80040542680916615     
   2.9157825969996727E-002 -0.78241898719652536     
   2.9157702175216259E-002 -0.76443254470354394     
   2.9157581260173676E-002 -0.74644609888709090     
   2.9157463224808122E-002 -0.72845964930403451     
   2.9157348069060424E-002 -0.71047319551124222     
   2.9157235792873118E-002 -0.69248673706558017     
   2.9157126396190447E-002 -0.67450027352391406     
   2.9157019878958367E-002 -0.65651380444310814     
   2.9156916241124518E-002 -0.63852732938002543     
   2.9156815482638251E-002 -0.62054084789152775     
   2.9156717603450621E-002 -0.60255435953447523     
   2.9156622603514391E-002 -0.58456786386572679     
   2.9156530482784021E-002 -0.56658136044213958     
   2.9156441241215674E-002 -0.54859484882056919     
   2.9156354878767204E-002 -0.53060832855786888     
   2.9156271395398208E-002 -0.51262179921089079     
   2.9156190791069930E-002 -0.49463526033648436     
   2.9156113065745354E-002 -0.47664871149149729     
   2.9156038219389165E-002 -0.45866215223277490     
   2.9155966251967744E-002 -0.44067558211716029     
   2.9155897163449154E-002 -0.42268900070149412     
   2.9155830953803207E-002 -0.40470240754261450     
   2.9155767623001365E-002 -0.38671580219735702     
   2.9155707171016839E-002 -0.36872918422255463     
   2.9155649597824504E-002 -0.35074255317503700     
   2.9155594903400962E-002 -0.33275590861163173     
   2.9155543087724511E-002 -0.31476925008916290     
   2.9155494150775146E-002 -0.29678257716445144     
   2.9155448092534571E-002 -0.27879588939431521     
   2.9155404912986189E-002 -0.26080918633556871     
   2.9155364612115108E-002 -0.24282246754502324     
   2.9155327189908136E-002 -0.22483573257948664     
   2.9155292646353782E-002 -0.20684898099576277     
   2.9155260981442249E-002 -0.18886221235065215     
   2.9155232195165474E-002 -0.17087542620095142     
   2.9155206287517051E-002 -0.15288862210345333     
   2.9155183258492305E-002 -0.13490179961494653     
   2.9155163108088265E-002 -0.11691495829221588     
   2.9155145836303652E-002  -9.8928097692041916E-002
   2.9155131443138887E-002  -8.0941217371200858E-002
   2.9155119928596103E-002  -6.2954316886464579E-002
   2.9155111292679114E-002  -4.4967395794600407E-002
   2.9155105535393470E-002  -2.6980453652371006E-002
   2.9155102656746406E-002  -8.9934900165349330E-003
   2.9155102656746854E-002   8.9934955561544738E-003
   2.9155105535405443E-002   2.6980503508948983E-002
   2.9155111292734525E-002   4.4967534285104582E-002
   2.9155119928748148E-002   6.2954588327883476E-002
   2.9155131443462042E-002   8.0941666080551422E-002
   2.9155145836893662E-002   9.8928767986381172E-002
   2.9155163109062160E-002  0.11691589448864925     
   2.9155183259988393E-002  0.13490304603063907     
   2.9155206289694910E-002  0.15289022305563837     
   2.9155232198205976E-002  0.17087742600694122     
   2.9155260985547535E-002  0.18886465532784746     
   2.9155292651747274E-002  0.20685191146166226     
   2.9155327196834547E-002  0.22483919485169768     
   2.9155364620840406E-002  0.24282650594127109     
   2.9155404923797649E-002  0.26081384517370543     
   2.9155448105740736E-002  0.27880121299233140     
   2.9155494166705848E-002  0.29678860984048483     
   2.9155543106730866E-002  0.31477603616150862     
   2.9155594925855365E-002  0.33276349239875169     
   2.9155649624120636E-002  0.35075097899557051     
   2.9155707201569667E-002  0.36873849639532708     
   2.9155767658247147E-002  0.38672604504139096     
   2.9155830994199480E-002  0.40471362537713862     
   2.9155897209474761E-002  0.42270123784595337     
   2.9155966304122788E-002  0.44068888289122565     
   2.9156038278195066E-002  0.45867656095635367     
   2.9156113131744810E-002  0.47666427248474141     
   2.9156190864826927E-002  0.49465201791980240     
   2.9156271477498039E-002  0.51263979770495594     
   2.9156354969816462E-002  0.53062761228363042     
   2.9156441341842219E-002  0.54861546209926026     
   2.9156530593637046E-002  0.56660334759528941     
   2.9156622725264373E-002  0.58459126921516869     
   2.9156717736789326E-002  0.60257922740235648     
   2.9156815628278765E-002  0.62056722260032138     
   2.9156916399801218E-002  0.63855525525253731     
   2.9157020051426938E-002  0.65654332580248909     
   2.9157126583227888E-002  0.67453143469366839     
   2.9157235995277725E-002  0.69251958236957578     
   2.9157348287651801E-002  0.71050776927372050     
   2.9157463460427194E-002  0.72849599584962066     
   2.9157581513682695E-002  0.74648426254080302     
   2.9157702447498754E-002  0.76447256979080280     
   2.9157826261957568E-002  0.78246091804316520     
   2.9157952957143039E-002  0.80044930774144341     
   2.9158082533140742E-002  0.81843773932920061     
   2.9158214990038001E-002  0.83642621325000932     
   2.9158350327923802E-002  0.85441472994745049     
   2.9158488546888878E-002  0.87240328986511595     
   2.9158629647025640E-002  0.89039189344660552     
   8.7583826333734432E-002 -0.89033759717680849     
   8.7583403109880109E-002 -0.87235116531892398     
   8.7582988526444625E-002 -0.85436473279634639     
   8.7582582583214774E-002 -0.83637829916594697     
   8.7582185279982350E-002 -0.81839186398459673     
   8.7581796616544333E-002 -0.80040542680916615     
   8.7581416592702757E-002 -0.78241898719652536     
   8.7581045208264818E-002 -0.76443254470354394     
   8.7580682463042792E-002 -0.74644609888709090     
   8.7580328356854073E-002 -0.72845964930403451     
   8.7579982889521166E-002 -0.71047319551124222     
   8.7579646060871708E-002 -0.69248673706558017     
   8.7579317870738388E-002 -0.67450027352391406     
   8.7578998318959086E-002 -0.65651380444310814     
   8.7578687405376734E-002 -0.63852732938002543     
   8.7578385129839356E-002 -0.62054084789152775     
   8.7578091492200152E-002 -0.60255435953447523     
   8.7577806492317403E-002 -0.58456786386572679     
   8.7577530130054440E-002 -0.56658136044213958     
   8.7577262405279799E-002 -0.54859484882056919     
   8.7577003317867080E-002 -0.53060832855786888     
   8.7576752867694951E-002 -0.51262179921089079     
   8.7576511054647282E-002 -0.49463526033648436     
   8.7576277878612954E-002 -0.47664871149149729     
   8.7576053339486051E-002 -0.45866215223277490     
   8.7575837437165654E-002 -0.44067558211716029     
   8.7575630171556035E-002 -0.42268900070149412     
   8.7575431542566542E-002 -0.40470240754261450     
   8.7575241550111649E-002 -0.38671580219735702     
   8.7575060194110918E-002 -0.36872918422255463     
   8.7574887474489035E-002 -0.35074255317503700     
   8.7574723391175766E-002 -0.33275590861163173     
   8.7574567944106008E-002 -0.31476925008916290     
   8.7574421133219754E-002 -0.29678257716445144     
   8.7574282958462132E-002 -0.27879588939431521     
   8.7574153419783321E-002 -0.26080918633556871     
   8.7574032517138661E-002 -0.24282246754502324     
   8.7573920250488560E-002 -0.22483573257948664     
   8.7573816619798558E-002 -0.20684898099576277     
   8.7573721625039291E-002 -0.18886221235065215     
   8.7573635266186486E-002 -0.17087542620095142     
   8.7573557543221034E-002 -0.15288862210345333     
   8.7573488456128848E-002 -0.13490179961494653     
   8.7573428004901033E-002 -0.11691495829221588     
   8.7573376189533703E-002  -9.8928097692041916E-002
   8.7573333010028190E-002  -8.0941217371200858E-002
   8.7573298466390850E-002  -6.2954316886464579E-002
   8.7573272558633175E-002  -4.4967395794600407E-002
   8.7573255286771762E-002  -2.6980453652371006E-002
   8.7573246650828329E-002  -8.9934900165349330E-003
   8.7573246650829648E-002   8.9934955561544738E-003
   8.7573255286807664E-002   2.6980503508948983E-002
   8.7573272558799403E-002   4.4967534285104582E-002
   8.7573298466846985E-002   6.2954588327883476E-002
   8.7573333010997650E-002   8.0941666080551422E-002
   8.7573376191303731E-002   9.8928767986381172E-002
   8.7573428007822723E-002  0.11691589448864925     
   8.7573488460617105E-002  0.13490304603063907     
   8.7573557549754627E-002  0.15289022305563837     
   8.7573635275308009E-002  0.17087742600694122     
   8.7573721637355162E-002  0.18886465532784746     
   8.7573816635979032E-002  0.20685191146166226     
   8.7573920271267786E-002  0.22483919485169768     
   8.7574032543314556E-002  0.24282650594127109     
   8.7574153452217710E-002  0.26081384517370543     
   8.7574282998080649E-002  0.27880121299233140     
   8.7574421181011886E-002  0.29678860984048483     
   8.7574568001125092E-002  0.31477603616150862     
   8.7574723458538992E-002  0.33276349239875169     
   8.7574887553377459E-002  0.35075097899557051     
   8.7575060285769432E-002  0.36873849639532708     
   8.7575241655849040E-002  0.38672604504139096     
   8.7575431663755407E-002  0.40471362537713862     
   8.7575630309632876E-002  0.42270123784595337     
   8.7575837593630829E-002  0.44068888289122565     
   8.7576053515903793E-002  0.45867656095635367     
   8.7576278076611377E-002  0.47666427248474141     
   8.7576511275918353E-002  0.49465201791980240     
   8.7576753113994543E-002  0.51263979770495594     
   8.7577003591014904E-002  0.53062761228363042     
   8.7577262707159542E-002  0.54861546209926026     
   8.7577530462613601E-002  0.56660334759528941     
   8.7577806857567414E-002  0.58459126921516869     
   8.7578091892216381E-002  0.60257922740235648     
   8.7578385566761022E-002  0.62056722260032138     
   8.7578687881406950E-002  0.63855525525253731     
   8.7578998836364941E-002  0.65654332580248909     
   8.7579318431850864E-002  0.67453143469366839     
   8.7579646668085667E-002  0.69251958236957578     
   8.7579983545295476E-002  0.71050776927372050     
   8.7580329063711493E-002  0.72849599584962066     
   8.7580683223570016E-002  0.74648426254080302     
   8.7581046025112519E-002  0.76447256979080280     
   8.7581417468585512E-002  0.78246091804316520     
   8.7581797554240726E-002  0.80044930774144341     
   8.7582186282334898E-002  0.81843773932920061     
   8.7582583653129945E-002  0.83642621325000932     
   8.7582989666892902E-002  0.85441472994745049     
   8.7583404323895914E-002  0.87240328986511595     
   8.7583827624416230E-002  0.89039189344660552     
  0.14600904623240918      -0.89033759717680849     
  0.14600834085895190      -0.87235116531892398     
  0.14600764988620019      -0.85436473279634639     
  0.14600697331379869      -0.83637829916594697     
  0.14600631114140042      -0.81839186398459673     
  0.14600566336866694      -0.80040542680916615     
  0.14600502999526838      -0.78241898719652536     
  0.14600441102088332      -0.76443254470354394     
  0.14600380644519900      -0.74644609888709090     
  0.14600321626791099      -0.72845964930403451     
  0.14600264048872350      -0.71047319551124222     
  0.14600207910734919      -0.69248673706558017     
  0.14600153212350933      -0.67450027352391406     
  0.14600099953693363      -0.65651380444310814     
  0.14600048134736032      -0.63852732938002543     
  0.14599997755453614      -0.62054084789152775     
  0.14599948815821640      -0.60255435953447523     
  0.14599901315816488      -0.58456786386572679     
  0.14599855255415384      -0.56658136044213958     
  0.14599810634596416      -0.54859484882056919     
  0.14599767453338516      -0.53060832855786888     
  0.14599725711621464      -0.51262179921089079     
  0.14599685409425900      -0.49463526033648436     
  0.14599646546733314      -0.47664871149149729     
  0.14599609123526042      -0.45866215223277490     
  0.14599573139787272      -0.44067558211716029     
  0.14599538595501041      -0.42268900070149412     
  0.14599505490652254      -0.40470240754261450     
  0.14599473825226641      -0.38671580219735702     
  0.14599443599210812      -0.36872918422255463     
  0.14599414812592201      -0.35074255317503700     
  0.14599387465359107      -0.33275590861163173     
  0.14599361557500681      -0.31476925008916290     
  0.14599337089006920      -0.29678257716445144     
  0.14599314059868679      -0.27879588939431521     
  0.14599292470077654      -0.26080918633556871     
  0.14599272319626402      -0.24282246754502324     
  0.14599253608508328      -0.22483573257948664     
  0.14599236336717683      -0.20684898099576277     
  0.14599220504249574      -0.18886221235065215     
  0.14599206111099963      -0.17087542620095142     
  0.14599193157265655      -0.15288862210345333     
  0.14599181642744305      -0.13490179961494653     
  0.14599171567534430      -0.11691495829221588     
  0.14599162931635387       -9.8928097692041916E-002
  0.14599155735047392       -8.0941217371200858E-002
  0.14599149977771511       -6.2954316886464579E-002
  0.14599145659809654       -4.4967395794600407E-002
  0.14599142781164587       -2.6980453652371006E-002
  0.14599141341839933       -8.9934900165349330E-003
  0.14599141341840158        8.9934955561544738E-003
  0.14599142781170574        2.6980503508948983E-002
  0.14599145659837359        4.4967534285104582E-002
  0.14599149977847534        6.2954588327883476E-002
  0.14599155735208968        8.0941666080551422E-002
  0.14599162931930393        9.8928767986381172E-002
  0.14599171568021377       0.11691589448864925     
  0.14599181643492345       0.13490304603063907     
  0.14599193158354584       0.15289022305563837     
  0.14599206112620217       0.17087742600694122     
  0.14599220506302224       0.18886465532784746     
  0.14599236339414434       0.20685191146166226     
  0.14599253611971533       0.22483919485169768     
  0.14599272323989054       0.24282650594127109     
  0.14599292475483389       0.26081384517370543     
  0.14599314066471766       0.27880121299233140     
  0.14599337096972281       0.29678860984048483     
  0.14599361567003866       0.31477603616150862     
  0.14599387476586317       0.33276349239875169     
  0.14599414825740276       0.35075097899557051     
  0.14599443614487240       0.36873849639532708     
  0.14599473842849553       0.38672604504139096     
  0.14599505510850411       0.40471362537713862     
  0.14599538618513863       0.42270123784595337     
  0.14599573165864813       0.44068888289122565     
  0.14599609152929011       0.45867656095635367     
  0.14599646579733067       0.47666427248474141     
  0.14599685446304431       0.49465201791980240     
  0.14599725752671416       0.51263979770495594     
  0.14599767498863175       0.53062761228363042     
  0.14599810684909734       0.54861546209926026     
  0.14599855310841942       0.56660334759528941     
  0.14599901376691524       0.58459126921516869     
  0.14599948882491043       0.60257922740235648     
  0.14599997828273925       0.62056722260032138     
  0.14600048214074443       0.63855525525253731     
  0.14600100039927716       0.65654332580248909     
  0.14600153305869726       0.67453143469366839     
  0.14600208011937299       0.69251958236957578     
  0.14600264158168125       0.71050776927372050     
  0.14600321744600731       0.72849599584962066     
  0.14600380771274504       0.74648426254080302     
  0.14600441238229689       0.76447256979080280     
  0.14600503145507374       0.78246091804316520     
  0.14600566493149505       0.80044930774144341     
  0.14600631281198881       0.81843773932920061     
  0.14600697509699159       0.83642621325000932     
  0.14600765178694830       0.85441472994745049     
  0.14600834288231263       0.87240328986511595     
  0.14600904838354664       0.89039189344660552     
  0.20443430410070781      -0.89033759717680849     
  0.20443331657709748      -0.87235116531892398     
  0.20443234921449072      -0.85436473279634639     
  0.20443140201238996      -0.83637829916594697     
  0.20443047497030942      -0.81839186398459673     
  0.20442956808777532      -0.80040542680916615     
  0.20442868136432585      -0.78241898719652536     
  0.20442781479951105      -0.76443254470354394     
  0.20442696839289293      -0.74644609888709090     
  0.20442614214404542      -0.72845964930403451     
  0.20442533605255434      -0.71047319551124222     
  0.20442455011801750      -0.69248673706558017     
  0.20442378434004452      -0.67450027352391406     
  0.20442303871825709      -0.65651380444310814     
  0.20442231325228877      -0.63852732938002543     
  0.20442160794178493      -0.62054084789152775     
  0.20442092278640303      -0.60255435953447523     
  0.20442025778581235      -0.58456786386572679     
  0.20441961293969410      -0.56658136044213958     
  0.20441898824774143      -0.54859484882056919     
  0.20441838370965945      -0.53060832855786888     
  0.20441779932516507      -0.51262179921089079     
  0.20441723509398727      -0.49463526033648436     
  0.20441669101586679      -0.47664871149149729     
  0.20441616709055643      -0.45866215223277490     
  0.20441566331782085      -0.44067558211716029     
  0.20441517969743658      -0.42268900070149412     
  0.20441471622919216      -0.40470240754261450     
  0.20441427291288800      -0.38671580219735702     
  0.20441384974833637      -0.36872918422255463     
  0.20441344673536160      -0.35074255317503700     
  0.20441306387379973      -0.33275590861163173     
  0.20441270116349899      -0.31476925008916290     
  0.20441235860431928      -0.29678257716445144     
  0.20441203619613249      -0.27879588939431521     
  0.20441173393882250      -0.26080918633556871     
  0.20441145183228498      -0.24282246754502324     
  0.20441118987642773      -0.22483573257948664     
  0.20441094807117016      -0.20684898099576277     
  0.20441072641644384      -0.18886221235065215     
  0.20441052491219214      -0.17087542620095142     
  0.20441034355837040      -0.15288862210345333     
  0.20441018235494585      -0.13490179961494653     
  0.20441004130189758      -0.11691495829221588     
  0.20440992039921677       -9.8928097692041916E-002
  0.20440981964690630       -8.0941217371200858E-002
  0.20440973904498111       -6.2954316886464579E-002
  0.20440967859346795       -4.4967395794600407E-002
  0.20440963829240560       -2.6980453652371006E-002
  0.20440961814184475       -8.9934900165349330E-003
  0.20440961814184785        8.9934955561544738E-003
  0.20440963829248940        2.6980503508948983E-002
  0.20440967859385584        4.4967534285104582E-002
  0.20440973904604542        6.2954588327883476E-002
  0.20440981964916838        8.0941666080551422E-002
  0.20440992040334685        9.8928767986381172E-002
  0.20441004130871487       0.11691589448864925     
  0.20441018236541844       0.13490304603063907     
  0.20441034357361548       0.15289022305563837     
  0.20441052493347570       0.17087742600694122     
  0.20441072644518091       0.18886465532784746     
  0.20441094810892468       0.20685191146166226     
  0.20441118992491264       0.22483919485169768     
  0.20441145189336221       0.24282650594127109     
  0.20441173401450283       0.26081384517370543     
  0.20441203628857582       0.27880121299233140     
  0.20441235871583438       0.29678860984048483     
  0.20441270129654368       0.31477603616150862     
  0.20441306403098081       0.33276349239875169     
  0.20441344691943483       0.35075097899557051     
  0.20441384996220652       0.36873849639532708     
  0.20441427315960886       0.38672604504139096     
  0.20441471651196655       0.40471362537713862     
  0.20441518001961634       0.42270123784595337     
  0.20441566368290676       0.44068888289122565     
  0.20441616750219838       0.45867656095635367     
  0.20441669147786368       0.47666427248474141     
  0.20441723561028707       0.49465201791980240     
  0.20441779989986483       0.51263979770495594     
  0.20441838434700521       0.53062761228363042     
  0.20441898895212843       0.54861546209926026     
  0.20441961371566650       0.56660334759528941     
  0.20442025863806354       0.58459126921516869     
  0.20442092371977544       0.60257922740235648     
  0.20442160896127012       0.62056722260032138     
  0.20442231436302738       0.63855525525253731     
  0.20442303992553901       0.65654332580248909     
  0.20442378564930863       0.67453143469366839     
  0.20442455153485192       0.69251958236957578     
  0.20442533758269638       0.71050776927372050     
  0.20442614379338153       0.72849599584962066     
  0.20442697016745878       0.74648426254080302     
  0.20442781670549146       0.76447256979080280     
  0.20442868340805492       0.78246091804316520     
  0.20442957027573638       0.80044930774144341     
  0.20443047730913502       0.81843773932920061     
  0.20443140450886191       0.83642621325000932     
  0.20443235187554018       0.85441472994745049     
  0.20443331940980472       0.87240328986511595     
  0.20443430711230257       0.89039189344660552     
  0.26285961512660433      -0.89033759717680849     
  0.26285834545207082      -0.87235116531892398     
  0.26285710169885451      -0.85436473279634639     
  0.26285588386631592      -0.83637829916594697     
  0.26285469195383010      -0.81839186398459673     
  0.26285352596078826      -0.80040542680916615     
  0.26285238588659632      -0.78241898719652536     
  0.26285127173067602      -0.76443254470354394     
  0.26285018349246403      -0.74644609888709090     
  0.26284912117141268      -0.72845964930403451     
  0.26284808476698945      -0.71047319551124222     
  0.26284707427867715      -0.69248673706558017     
  0.26284608970597395      -0.67450027352391406     
  0.26284513104839347      -0.65651380444310814     
  0.26284419830546440      -0.63852732938002543     
  0.26284329147673091      -0.62054084789152775     
  0.26284241056175262      -0.60255435953447523     
  0.26284155556010425      -0.58456786386572679     
  0.26284072647137591      -0.56658136044213958     
  0.26283992329517319      -0.54859484882056919     
  0.26283914603111680      -0.53060832855786888     
  0.26283839467884290      -0.51262179921089079     
  0.26283766923800295      -0.49463526033648436     
  0.26283696970826370      -0.47664871149149729     
  0.26283629608930714      -0.45866215223277490     
  0.26283564838083090      -0.44067558211716029     
  0.26283502658254759      -0.42268900070149412     
  0.26283443069418522      -0.40470240754261450     
  0.26283386071548726      -0.38671580219735702     
  0.26283331664621251      -0.36872918422255463     
  0.26283279848613478      -0.35074255317503700     
  0.26283230623504356      -0.33275590861163173     
  0.26283183989274345      -0.31476925008916290     
  0.26283139945905448      -0.29678257716445144     
  0.26283098493381196      -0.27879588939431521     
  0.26283059631686656      -0.26080918633556871     
  0.26283023360808416      -0.24282246754502324     
  0.26282989680734603      -0.22483573257948664     
  0.26282958591454891      -0.20684898099576277     
  0.26282930092960449      -0.18886221235065215     
  0.26282904185244010      -0.17087542620095142     
  0.26282880868299835      -0.15288862210345333     
  0.26282860142123698      -0.13490179961494653     
  0.26282842006712936      -0.11691495829221588     
  0.26282826462066383       -9.8928097692041916E-002
  0.26282813508184422       -8.0941217371200858E-002
  0.26282803145068984       -6.2954316886464579E-002
  0.26282795372723500       -4.4967395794600407E-002
  0.26282790191152955       -2.6980453652371006E-002
  0.26282787600363866       -8.9934900165349330E-003
  0.26282787600364266        8.9934955561544738E-003
  0.26282790191163730        2.6980503508948983E-002
  0.26282795372773371        4.4967534285104582E-002
  0.26282803145205824        6.2954588327883476E-002
  0.26282813508475261        8.0941666080551422E-002
  0.26282826462597392        9.8928767986381172E-002
  0.26282842007589441       0.11691589448864925     
  0.26282860143470183       0.13490304603063907     
  0.26282880870259917       0.15289022305563837     
  0.26282904187980471       0.17087742600694122     
  0.26282930096655222       0.18886465532784746     
  0.26282958596309047       0.20685191146166226     
  0.26282989686968394       0.22483919485169768     
  0.26283023368661207       0.24282650594127109     
  0.26283059641417000       0.26081384517370543     
  0.26283098505266783       0.27880121299233140     
  0.26283139960243124       0.29678860984048483     
  0.26283184006380106       0.31477603616150862     
  0.26283230643713373       0.33276349239875169     
  0.26283279872280063       0.35075097899557051     
  0.26283331692118866       0.36873849639532708     
  0.26283386103270018       0.38672604504139096     
  0.26283443105775267       0.40471362537713862     
  0.26283502699677902       0.42270123784595337     
  0.26283564885022753       0.44068888289122565     
  0.26283629661856162       0.45867656095635367     
  0.26283697030226028       0.47666427248474141     
  0.26283766990181773       0.49465201791980240     
  0.26283839541774340       0.51263979770495594     
  0.26283914685056226       0.53062761228363042     
  0.26283992420081459       0.54861546209926026     
  0.26284072746905579       0.56660334759528941     
  0.26284155665585690       0.58459126921516869     
  0.26284241176180406       0.60257922740235648     
  0.26284329278749902       0.62056722260032138     
  0.26284419973355838       0.63855525525253731     
  0.26284513260061459       0.65654332580248909     
  0.26284609138931531       0.67453143469366839     
  0.26284707610032337       0.69251958236957578     
  0.26284808673431703       0.71050776927372050     
  0.26284912329198995       0.72849599584962066     
  0.26285018577405111       0.74648426254080302     
  0.26285127418122484       0.76447256979080280     
  0.26285238851425080       0.78246091804316520     
  0.26285352877388396       0.80044930774144341     
  0.26285469496089475       0.81843773932920061     
  0.26285588707606894       0.83642621325000932     
  0.26285710512020743       0.85441472994745049     
  0.26285834909412681       0.87240328986511595     
  0.26285961899865873       0.89039189344660552     
  0.32128499449819681      -0.89033759717680849     
  0.32128344267174991      -0.87235116531892398     
  0.32128192252695431      -0.85436473279634639     
  0.32128043406302792      -0.83637829916594697     
  0.32127897727920746      -0.81839186398459673     
  0.32127755217474846      -0.80040542680916615     
  0.32127615874892507      -0.78241898719652536     
  0.32127479700103040      -0.76443254470354394     
  0.32127346693037601      -0.74644609888709090     
  0.32127216853629248      -0.72845964930403451     
  0.32127090181812884      -0.71047319551124222     
  0.32126966677525315      -0.69248673706558017     
  0.32126846340705195      -0.67450027352391406     
  0.32126729171293072      -0.65651380444310814     
  0.32126615169231360      -0.63852732938002543     
  0.32126504334464340      -0.62054084789152775     
  0.32126396666938173      -0.60255435953447523     
  0.32126292166600900      -0.58456786386572679     
  0.32126190833402418      -0.56658136044213958     
  0.32126092667294509      -0.54859484882056919     
  0.32125997668230827      -0.53060832855786888     
  0.32125905836166896      -0.51262179921089079     
  0.32125817171060117      -0.49463526033648436     
  0.32125731672869767      -0.47664871149149729     
  0.32125649341556972      -0.45866215223277490     
  0.32125570177084778      -0.44067558211716029     
  0.32125494179418052      -0.42268900070149412     
  0.32125421348523570      -0.40470240754261450     
  0.32125351684369952      -0.38671580219735702     
  0.32125285186927727      -0.36872918422255463     
  0.32125221856169262      -0.35074255317503700     
  0.32125161692068821      -0.33275590861163173     
  0.32125104694602513      -0.31476925008916290     
  0.32125050863748361      -0.29678257716445144     
  0.32125000199486214      -0.27879588939431521     
  0.32124952701797832      -0.26080918633556871     
  0.32124908370666821      -0.24282246754502324     
  0.32124867206078672      -0.22483573257948664     
  0.32124829208020750      -0.20684898099576277     
  0.32124794376482280      -0.18886221235065215     
  0.32124762711454374      -0.17087542620095142     
  0.32124734212930012      -0.15288862210345333     
  0.32124708880904046      -0.13490179961494653     
  0.32124686715373196      -0.11691495829221588     
  0.32124667716336047       -9.8928097692041916E-002
  0.32124651883793082       -8.0941217371200858E-002
  0.32124639217746642       -6.2954316886464579E-002
  0.32124629718200925       -4.4967395794600407E-002
  0.32124623385162032       -2.6980453652371006E-002
  0.32124620218637917       -8.9934900165349330E-003
  0.32124620218638406        8.9934955561544738E-003
  0.32124623385175205        2.6980503508948983E-002
  0.32124629718261882        4.4967534285104582E-002
  0.32124639217913892        6.2954588327883476E-002
  0.32124651884148553        8.0941666080551422E-002
  0.32124667716985061        9.8928767986381172E-002
  0.32124686716444478       0.11691589448864925     
  0.32124708882549741       0.13490304603063907     
  0.32124734215325673       0.15289022305563837     
  0.32124762714798943       0.17087742600694122     
  0.32124794380998117       0.18886465532784746     
  0.32124829213953615       0.20685191146166226     
  0.32124867213697750       0.22483919485169768     
  0.32124908380264683       0.24282650594127109     
  0.32124952713690486       0.26081384517370543     
  0.32125000214013055       0.27880121299233140     
  0.32125050881272205       0.29678860984048483     
  0.32125104715509595       0.31477603616150862     
  0.32125161716768763       0.33276349239875169     
  0.32125221885095123       0.35075097899557051     
  0.32125285220535971       0.36873849639532708     
  0.32125351723140466       0.38672604504139096     
  0.32125421392959641       0.40471362537713862     
  0.32125494230046409       0.42270123784595337     
  0.32125570234455547       0.44068888289122565     
  0.32125649406243717       0.45867656095635367     
  0.32125731745469444       0.47666427248474141     
  0.32125817252193134       0.49465201791980240     
  0.32125905926477066       0.51263979770495594     
  0.32125997768385395       0.53062761228363042     
  0.32126092777984150       0.54861546209926026     
  0.32126190955341227       0.56660334759528941     
  0.32126292300526393       0.58459126921516869     
  0.32126396813611330       0.60257922740235648     
  0.32126504494669528       0.62056722260032138     
  0.32126615343776410       0.63855525525253731     
  0.32126729361009237       0.65654332580248909     
  0.32126846546447180       0.67453143469366839     
  0.32126966900171239       0.69251958236957578     
  0.32127090422264337       0.71050776927372050     
  0.32127217112811240       0.72849599584962066     
  0.32127346971898607       0.74648426254080302     
  0.32127479999614955       0.76447256979080280     
  0.32127616196050690       0.78246091804316520     
  0.32127755561298105       0.80044930774144341     
  0.32127898095451346       0.81843773932920061     
  0.32128043798606454       0.83642621325000932     
  0.32128192670861322       0.85441472994745049     
  0.32128344712315748       0.87240328986511595     
  0.32128499923071391       0.89039189344660552     
  0.37971045740374371      -0.89033759717680849     
  0.37970862342417322      -0.87235116531892398     
  0.37970682688661267      -0.85436473279634639     
  0.37970506779013780      -0.83637829916594697     
  0.37970334613384660      -0.81839186398459673     
  0.37970166191685911      -0.80040542680916615     
  0.37970001513831769      -0.78241898719652536     
  0.37969840579738673      -0.76443254470354394     
  0.37969683389325271      -0.74644609888709090     
  0.37969529942512442      -0.72845964930403451     
  0.37969380239223266      -0.71047319551124222     
  0.37969234279383041      -0.69248673706558017     
  0.37969092062919280      -0.67450027352391406     
  0.37968953589761728      -0.65651380444310814     
  0.37968818859842313      -0.63852732938002543     
  0.37968687873095192      -0.62054084789152775     
  0.37968560629456738      -0.60255435953447523     
  0.37968437128865529      -0.58456786386572679     
  0.37968317371262378      -0.56658136044213958     
  0.37968201356590298      -0.54859484882056919     
  0.37968089084794487      -0.53060832855786888     
  0.37967980555822411      -0.51262179921089079     
  0.37967875769623716      -0.49463526033648436     
  0.37967774726150272      -0.47664871149149729     
  0.37967677425356150      -0.45866215223277490     
  0.37967583867197646      -0.44067558211716029     
  0.37967494051633272      -0.42268900070149412     
  0.37967407978623752      -0.40470240754261450     
  0.37967325648132000      -0.38671580219735702     
  0.37967247060123183      -0.36872918422255463     
  0.37967172214564648      -0.35074255317503700     
  0.37967101111425966      -0.33275590861163173     
  0.37967033750678936      -0.31476925008916290     
  0.37966970132297539      -0.29678257716445144     
  0.37966910256257996      -0.27879588939431521     
  0.37966854122538735      -0.26080918633556871     
  0.37966801731120392      -0.24282246754502324     
  0.37966753081985805      -0.22483573257948664     
  0.37966708175120051      -0.20684898099576277     
  0.37966667010510396      -0.18886221235065215     
  0.37966629588146339      -0.17087542620095142     
  0.37966595908019574      -0.15288862210345333     
  0.37966565970124017      -0.13490179961494653     
  0.37966539774455799      -0.11691495829221588     
  0.37966517321013249       -9.8928097692041916E-002
  0.37966498609796934       -8.0941217371200858E-002
  0.37966483640809617       -6.2954316886464579E-002
  0.37966472414056263       -4.4967395794600407E-002
  0.37966464929544086       -2.6980453652371006E-002
  0.37966461187282469       -8.9934900165349330E-003
  0.37966461187283052        8.9934955561544738E-003
  0.37966464929559646        2.6980503508948983E-002
  0.37966472414128299        4.4967534285104582E-002
  0.37966483641007270        6.2954588327883476E-002
  0.37966498610217037        8.0941666080551422E-002
  0.37966517321780269        9.8928767986381172E-002
  0.37966539775721869       0.11691589448864925     
  0.37966565972068939       0.13490304603063907     
  0.37966595910850809       0.15289022305563837     
  0.37966629592099010       0.17087742600694122     
  0.37966667015847305       0.18886465532784746     
  0.37966708182131631       0.20685191146166226     
  0.37966753090990180       0.22483919485169768     
  0.37966801742463341       0.24282650594127109     
  0.37966854136593708       0.26081384517370543     
  0.37966910273426108       0.27880121299233140     
  0.37966970153007568       0.29678860984048483     
  0.37967033775387327       0.31477603616150862     
  0.37967101140616855       0.33276349239875169     
  0.37967172248749809       0.35075097899557051     
  0.37967247099842077       0.36873849639532708     
  0.37967325693951770       0.38672604504139096     
  0.37967408031139199       0.40471362537713862     
  0.37967494111466887       0.42270123784595337     
  0.37967583934999577       0.44068888289122565     
  0.37967677501804231       0.45867656095635367     
  0.37967774811950022       0.47666427248474141     
  0.37967875865508349       0.49465201791980240     
  0.37967980662552780       0.51263979770495594     
  0.37968089203159167       0.53062761228363042     
  0.37968201487405528       0.54861546209926026     
  0.37968317515372108       0.56660334759528941     
  0.37968437287141371       0.58459126921516869     
  0.37968560802798001       0.60257922740235648     
  0.37968688062428890       0.62056722260032138     
  0.37968819066123144       0.63855525525253731     
  0.37968953813972095       0.65654332580248909     
  0.37969092306069280       0.67453143469366839     
  0.37969234542510460       0.69251958236957578     
  0.37969380523393609       0.71050776927372050     
  0.37969530248818911       0.72849599584962066     
  0.37969683718888786       0.74648426254080302     
  0.37969840933707844       0.76447256979080280     
  0.37970001893382938       0.78246091804316520     
  0.37970166598023125       0.80044930774144341     
  0.37970335047739684       0.81843773932920061     
  0.37970507242646095       0.83642621325000932     
  0.37970683182858089       0.85441472994745049     
  0.37970862868493588       0.87240328986511595     
  0.37971046299672717       0.89039189344660552     
  0.43813601903169846      -0.89033759717680849     
  0.43813390289757420      -0.87235116531892398     
  0.43813182996584760      -0.85436473279634639     
  0.43812980023545245      -0.83637829916594697     
  0.43812781370534787      -0.81839186398459673     
  0.43812587037451856      -0.80040542680916615     
  0.43812397024197480      -0.78241898719652536     
  0.43812211330675244      -0.76443254470354394     
  0.43812029956791299      -0.74644609888709090     
  0.43811852902454335      -0.72845964930403451     
  0.43811680167575601      -0.71047319551124222     
  0.43811511752068910      -0.69248673706558017     
  0.43811347655850613      -0.67450027352391406     
  0.43811187878839647      -0.65651380444310814     
  0.43811032420957463      -0.63852732938002543     
  0.43810881282128095      -0.62054084789152775     
  0.43810734462278134      -0.60255435953447523     
  0.43810591961336709      -0.58456786386572679     
  0.43810453779235498      -0.56658136044213958     
  0.43810319915908769      -0.54859484882056919     
  0.43810190371293295      -0.53060832855786888     
  0.43810065145328447      -0.51262179921089079     
  0.43809944237956128      -0.49463526033648436     
  0.43809827649120803      -0.47664871149149729     
  0.43809715378769476      -0.45866215223277490     
  0.43809607426851727      -0.44067558211716029     
  0.43809503793319676      -0.42268900070149412     
  0.43809404478127995      -0.40470240754261450     
  0.43809309481233910      -0.38671580219735702     
  0.43809218802597227      -0.36872918422255463     
  0.43809132442180254      -0.35074255317503700     
  0.43809050399947908      -0.33275590861163173     
  0.43808972675867619      -0.31476925008916290     
  0.43808899269909379      -0.29678257716445144     
  0.43808830182045760      -0.27879588939431521     
  0.43808765412251854      -0.26080918633556871     
  0.43808704960505324      -0.24282246754502324     
  0.43808648826786362      -0.22483573257948664     
  0.43808597011077766      -0.20684898099576277     
  0.43808549513364836      -0.18886221235065215     
  0.43808506333635439      -0.17087542620095142     
  0.43808467471880014      -0.15288862210345333     
  0.43808432928091523      -0.13490179961494653     
  0.43808402702265509      -0.11691495829221588     
  0.43808376794400061       -9.8928097692041916E-002
  0.43808355204495797       -8.0941217371200858E-002
  0.43808337932555930       -6.2954316886464579E-002
  0.43808324978586194       -4.4967395794600407E-002
  0.43808316342594888       -2.6980453652371006E-002
  0.43808312024592866       -8.9934900165349330E-003
  0.43808312024593532        8.9934955561544738E-003
  0.43808316342612841        2.6980503508948983E-002
  0.43808324978669311        4.4967534285104582E-002
  0.43808337932784003        6.2954588327883476E-002
  0.43808355204980531        8.0941666080551422E-002
  0.43808376795285081        9.8928767986381172E-002
  0.43808402703726368       0.11691589448864925     
  0.43808432930335672       0.13490304603063907     
  0.43808467475146834       0.15289022305563837     
  0.43808506338196235       0.17087742600694122     
  0.43808549519522816       0.18886465532784746     
  0.43808597019168066       0.20685191146166226     
  0.43808648837176051       0.22483919485169768     
  0.43808704973593365       0.24282650594127109     
  0.43808765428469160       0.26081384517370543     
  0.43808830201855159       0.27880121299233140     
  0.43808899293805620       0.29678860984048483     
  0.43808972704377358       0.31477603616150862     
  0.43809050433629759       0.33276349239875169     
  0.43809132481624746       0.35075097899557051     
  0.43809218848426806       0.36873849639532708     
  0.43809309534102975       0.38672604504139096     
  0.43809404538722857       0.40471362537713862     
  0.43809503862358584       0.42270123784595337     
  0.43809607505084869       0.44068888289122565     
  0.43809715466978971       0.45867656095635367     
  0.43809827748120700       0.47666427248474141     
  0.43809944348592444       0.49465201791980240     
  0.43810065268479104       0.51263979770495594     
  0.43810190507868174       0.53062761228363042     
  0.43810320066849701       0.54861546209926026     
  0.43810453945516253       0.56660334759528941     
  0.43810592143963006       0.58459126921516869     
  0.43810734662287648       0.60257922740235648     
  0.43810881500590465       0.62056722260032138     
  0.43811032658974247       0.63855525525253731     
  0.43811188137544382       0.65654332580248909     
  0.43811347936408807       0.67453143469366839     
  0.43811512055678020       0.69251958236957578     
  0.43811680495465055       0.71050776927372050     
  0.43811853255885519       0.72849599584962066     
  0.43812030337057584       0.74648426254080302     
  0.43812211739101958       0.76447256979080280     
  0.43812397462141933       0.78246091804316520     
  0.43812587506303341       0.80044930774144341     
  0.43812781871714579       0.81843773932920061     
  0.43812980558506587       0.83642621325000932     
  0.43813183566812902       0.85441472994745049     
  0.43813390896769588       0.87240328986511595     
  0.43813602548515279       0.89039189344660552     
  0.49656169457074573      -0.89033759717680849     
  0.49655929628041734      -0.87235116531892398     
  0.49655694695290814      -0.85436473279634639     
  0.49655464658700982      -0.83637829916594697     
  0.49655239518154254      -0.81839186398459673     
  0.49655019273535589      -0.80040542680916615     
  0.49654803924732793      -0.78241898719652536     
  0.49654593471636621      -0.76443254470354394     
  0.49654387914140685      -0.74644609888709090     
  0.49654187252141518      -0.72845964930403451     
  0.49653991485538534      -0.71047319551124222     
  0.49653800614234028      -0.69248673706558017     
  0.49653614638133237      -0.67450027352391406     
  0.49653433557144250      -0.65651380444310814     
  0.49653257371178083      -0.63852732938002543     
  0.49653086080148617      -0.62054084789152775     
  0.49652919683972663      -0.60255435953447523     
  0.49652758182569884      -0.58456786386572679     
  0.49652601575862876      -0.56658136044213958     
  0.49652449863777121      -0.54859484882056919     
  0.49652303046240975      -0.53060832855786888     
  0.49652161123185695      -0.51262179921089079     
  0.49652024094545477      -0.49463526033648436     
  0.49651891960257361      -0.47664871149149729     
  0.49651764720261293      -0.45866215223277490     
  0.49651642374500121      -0.44067558211716029     
  0.49651524922919571      -0.42268900070149412     
  0.49651412365468300      -0.40470240754261450     
  0.49651304702097815      -0.38671580219735702     
  0.49651201932762556      -0.36872918422255463     
  0.49651104057419820      -0.35074255317503700     
  0.49651011076029822      -0.33275590861163173     
  0.49650922988555679      -0.31476925008916290     
  0.49650839794963364      -0.29678257716445144     
  0.49650761495221790      -0.27879588939431521     
  0.49650688089302747      -0.26080918633556871     
  0.49650619577180877      -0.24282246754502324     
  0.49650555958833797      -0.22483573257948664     
  0.49650497234241947      -0.20684898099576277     
  0.49650443403388700      -0.18886221235065215     
  0.49650394466260306      -0.17087542620095142     
  0.49650350422845912      -0.15288862210345333     
  0.49650311273137560      -0.13490179961494653     
  0.49650277017130195      -0.11691495829221588     
  0.49650247654821628       -9.8928097692041916E-002
  0.49650223186212589       -8.0941217371200858E-002
  0.49650203611306709       -6.2954316886464579E-002
  0.49650188930110489       -4.4967395794600407E-002
  0.49650179142633327       -2.6980453652371006E-002
  0.49650174248887524       -8.9934900165349330E-003
  0.49650174248888279        8.9934955561544738E-003
  0.49650179142653672        2.6980503508948983E-002
  0.49650188930204686        4.4967534285104582E-002
  0.49650203611565191        6.2954588327883476E-002
  0.49650223186761966        8.0941666080551422E-002
  0.49650247655824653        9.8928767986381172E-002
  0.49650277018785832       0.11691589448864925     
  0.49650311275680942       0.13490304603063907     
  0.49650350426548318       0.15289022305563837     
  0.49650394471429210       0.17087742600694122     
  0.49650443410367762       0.18886465532784746     
  0.49650497243410979       0.20685191146166226     
  0.49650555970608795       0.22483919485169768     
  0.49650619592014028       0.24282650594127109     
  0.49650688107682395       0.26081384517370543     
  0.49650761517672493       0.27880121299233140     
  0.49650839822045828       0.29678860984048483     
  0.49650923020866772       0.31477603616150862     
  0.49651011114202670       0.33276349239875169     
  0.49651104102123667       0.35075097899557051     
  0.49651201984702853       0.36873849639532708     
  0.49651304762016207       0.38672604504139096     
  0.49651412434142617       0.40471362537713862     
  0.49651525001163827       0.42270123784595337     
  0.49651642463164530       0.44068888289122565     
  0.49651764820232258       0.45867656095635367     
  0.49651892072457476       0.47666427248474141     
  0.49652024219933566       0.49465201791980240     
  0.49652161262756728       0.51263979770495594     
  0.49652303201026149       0.53062761228363042     
  0.49652450034843854       0.54861546209926026     
  0.49652601764314791       0.56660334759528941     
  0.49652758389546792       0.58459126921516869     
  0.49652919910650584       0.60257922740235648     
  0.49653086327739815       0.62056722260032138     
  0.49653257640930998       0.63855525525253731     
  0.49653433850343565       0.65654332580248909     
  0.49653614956099856       0.67453143469366839     
  0.49653800958325073       0.69251958236957578     
  0.49653991857147345       0.71050776927372050     
  0.49654187652697690       0.72849599584962066     
  0.49654388345110040       0.74648426254080302     
  0.49654593934521191       0.76447256979080280     
  0.49654804421070875       0.78246091804316520     
  0.49655019804901701       0.80044930774144341     
  0.49655240086159202       0.81843773932920061     
  0.49655465264991766       0.83642621325000932     
  0.49655695341550721       0.85441472994745049     
  0.49655930315990293       0.87240328986511595     
  0.49656170188467569       0.89039189344660552     
  0.55498749920983670      -0.89033759717680849     
  0.55498481876143368      -0.87235116531892398     
  0.55498219303630969      -0.85436473279634639     
  0.55497962203311424      -0.83637829916594697     
  0.55497710575052861      -0.81839186398459673     
  0.55497464418726694      -0.80040542680916615     
  0.55497223734207535      -0.78241898719652536     
  0.55496988521373303      -0.76443254470354394     
  0.55496758780105093      -0.74644609888709090     
  0.55496534510287221      -0.72845964930403451     
  0.55496315711807309      -0.71047319551124222     
  0.55496102384556178      -0.69248673706558017     
  0.55495894528427847      -0.67450027352391406     
  0.55495692143319664      -0.65651380444310814     
  0.55495495229132108      -0.63852732938002543     
  0.55495303785768968      -0.62054084789152775     
  0.55495117813137251      -0.60255435953447523     
  0.55494937311147208      -0.58456786386572679     
  0.55494762279712262      -0.56658136044213958     
  0.55494592718749192      -0.54859484882056919     
  0.55494428628177861      -0.53060832855786888     
  0.55494270007921509      -0.51262179921089079     
  0.55494116857906550      -0.49463526033648436     
  0.55493969178062597      -0.47664871149149729     
  0.55493826968322568      -0.45866215223277490     
  0.55493690228622583      -0.44067558211716029     
  0.55493558958901956      -0.42268900070149412     
  0.55493433159103334      -0.40470240754261450     
  0.55493312829172492      -0.38671580219735702     
  0.55493197969058516      -0.36872918422255463     
  0.55493088578713690      -0.35074255317503700     
  0.55492984658093558      -0.33275590861163173     
  0.55492886207156866      -0.31476925008916290     
  0.55492793225865600      -0.29678257716445144     
  0.55492705714185053      -0.27879588939431521     
  0.55492623672083607      -0.26080918633556871     
  0.55492547099533018      -0.24282246754502324     
  0.55492475996508173      -0.22483573257948664     
  0.55492410362987310      -0.20684898099576277     
  0.55492350198951756      -0.18886221235065215     
  0.55492295504386213      -0.17087542620095142     
  0.55492246279278512      -0.15288862210345333     
  0.55492202523619771      -0.13490179961494653     
  0.55492164237404329      -0.11691495829221588     
  0.55492131420629764       -9.8928097692041916E-002
  0.55492104073296877       -8.0941217371200858E-002
  0.55492082195409731       -6.2954316886464579E-002
  0.55492065786975542       -4.4967395794600407E-002
  0.55492054848004901       -2.6980453652371006E-002
  0.55492049378511510       -8.9934900165349330E-003
  0.55492049378512354        8.9934955561544738E-003
  0.55492054848027639        2.6980503508948983E-002
  0.55492065787080835        4.4967534285104582E-002
  0.55492082195698611        6.2954588327883476E-002
  0.55492104073910875        8.0941666080551422E-002
  0.55492131421750801        9.8928767986381172E-002
  0.55492164239254760       0.11691589448864925     
  0.55492202526462386       0.13490304603063907     
  0.55492246283416513       0.15289022305563837     
  0.55492295510163236       0.17087742600694122     
  0.55492350206751917       0.18886465532784746     
  0.55492410373235068       0.20685191146166226     
  0.55492476009668512       0.22483919485169768     
  0.55492547116111268       0.24282650594127109     
  0.55492623692625620       0.26081384517370543     
  0.55492705739277048       0.27880121299233140     
  0.55492793256134321       0.29678860984048483     
  0.55492886243269357       0.31477603616150862     
  0.55492984700757431       0.33276349239875169     
  0.55493088628676945       0.35075097899557051     
  0.55493198027109569       0.36873849639532708     
  0.55493312896140257       0.38672604504139096     
  0.55493433235857159       0.40471362537713862     
  0.55493559046351626       0.42270123784595337     
  0.55493690327718315       0.44068888289122565     
  0.55493827080055080       0.45867656095635367     
  0.55493969303463020       0.47666427248474141     
  0.55494116998046494       0.49465201791980240     
  0.55494270163913018       0.51263979770495594     
  0.55494428801173479       0.53062761228363042     
  0.55494592909941853       0.54861546209926026     
  0.55494762490335492       0.56660334759528941     
  0.55494937542474876       0.58459126921516869     
  0.55495118066483751       0.60257922740235648     
  0.55495304062489192       0.62056722260032138     
  0.55495495530621364       0.63855525525253731     
  0.55495692471013780       0.65654332580248909     
  0.55495894883803132       0.67453143469366839     
  0.55496102769129418       0.69251958236957578     
  0.55496316127135792       0.71050776927372050     
  0.55496534957968713       0.72849599584962066     
  0.55496759261777839       0.74648426254080302     
  0.55496989038716094       0.76447256979080280     
  0.55497224288939639       0.78246091804316520     
  0.55497465012607861       0.80044930774144341     
  0.55497711209883382       0.81843773932920061     
  0.55497962880932117       0.83642621325000932     
  0.55498220025923128       0.85441472994745049     
  0.55498482645028835       0.87240328986511595     
  0.55498750738424807       0.89039189344660552     
  0.61341344813822452      -0.89033759717680849     
  0.61341048552965649      -0.87235116531892398     
  0.61340758340487000      -0.85436473279634639     
  0.61340474176237225      -0.83637829916594697     
  0.61340196060070573      -0.81839186398459673     
  0.61339923991844936      -0.80040542680916615     
  0.61339657971421757      -0.78241898719652536     
  0.61339397998666012      -0.76443254470354394     
  0.61339144073446339      -0.74644609888709090     
  0.61338896195634907      -0.72845964930403451     
  0.61338654365107459      -0.71047319551124222     
  0.61338418581743293      -0.69248673706558017     
  0.61338188845425368      -0.67450027352391406     
  0.61337965156040131      -0.65651380444310814     
  0.61337747513477647      -0.63852732938002543     
  0.61337535917631558      -0.62054084789152775     
  0.61337330368399057      -0.60255435953447523     
  0.61337130865680978      -0.58456786386572679     
  0.61336937409381620      -0.56658136044213958     
  0.61336749999408990      -0.54859484882056919     
  0.61336568635674560      -0.53060832855786888     
  0.61336393318093441      -0.51262179921089079     
  0.61336224046584298      -0.49463526033648436     
  0.61336060821069371      -0.47664871149149729     
  0.61335903641474476      -0.45866215223277490     
  0.61335752507729047      -0.44067558211716029     
  0.61335607419766003      -0.42268900070149412     
  0.61335468377521907      -0.40470240754261450     
  0.61335335380936895      -0.38671580219735702     
  0.61335208429954657      -0.36872918422255463     
  0.61335087524522458      -0.35074255317503700     
  0.61334972664591159      -0.33275590861163173     
  0.61334863850115151      -0.31476925008916290     
  0.61334761081052447      -0.29678257716445144     
  0.61334664357364632      -0.27879588939431521     
  0.61334573679016846      -0.26080918633556871     
  0.61334489045977825      -0.24282246754502324     
  0.61334410458219812      -0.22483573257948664     
  0.61334337915718717      -0.20684898099576277     
  0.61334271418453978      -0.18886221235065215     
  0.61334210966408631      -0.17087542620095142     
  0.61334156559569242      -0.15288862210345333     
  0.61334108197925996      -0.13490179961494653     
  0.61334065881472632      -0.11691495829221588     
  0.61334029610206486       -9.8928097692041916E-002
  0.61333999384128401       -8.0941217371200858E-002
  0.61333975203242908       -6.2954316886464579E-002
  0.61333957067558020       -4.4967395794600407E-002
  0.61333944977085353       -2.6980453652371006E-002
  0.61333938931840093       -8.9934900165349330E-003
  0.61333938931841026        8.9934955561544738E-003
  0.61333944977110488        2.6980503508948983E-002
  0.61333957067674372        4.4967534285104582E-002
  0.61333975203562208        6.2954588327883476E-002
  0.61333999384807036        8.0941666080551422E-002
  0.61334029611445517        9.8928767986381172E-002
  0.61334065883517841       0.11691589448864925     
  0.61334108201067816       0.13490304603063907     
  0.61334156564142828       0.15289022305563837     
  0.61334210972793768       0.17087742600694122     
  0.61334271427075215       0.18886465532784746     
  0.61334337927045213       0.20685191146166226     
  0.61334410472765466       0.22483919485169768     
  0.61334489064301190       0.24282650594127109     
  0.61334573701721240       0.26081384517370543     
  0.61334664385097981       0.27880121299233140     
  0.61334761114507419       0.29678860984048483     
  0.61334863890029068       0.31477603616150862     
  0.61334972711746083       0.33276349239875169     
  0.61335087579745129       0.35075097899557051     
  0.61335208494116533       0.36873849639532708     
  0.61335335454954110       0.38672604504139096     
  0.61335468462355314       0.40471362537713862     
  0.61335607516421153       0.42270123784595337     
  0.61335752617256212       0.44068888289122565     
  0.61335903764968647       0.45867656095635367     
  0.61336060959670191       0.47666427248474141     
  0.61336224201476219       0.49465201791980240     
  0.61336393490505570       0.51263979770495594     
  0.61336568826880722       0.53062761228363042     
  0.61336750210727775       0.54861546209926026     
  0.61336937642176315       0.56660334759528941     
  0.61337131121359589       0.58459126921516869     
  0.61337330648414357       0.60257922740235648     
  0.61337536223480993       0.62056722260032138     
  0.61337747846703472       0.63855525525253731     
  0.61337965518229298       0.65654332580248909     
  0.61338189238209595       0.67453143469366839     
  0.61338419006799039       0.69251958236957578     
  0.61338654824155903       0.71050776927372050     
  0.61338896690442057       0.72849599584962066     
  0.61339144605822882       0.74648426254080302     
  0.61339398570467440       0.76447256979080280     
  0.61339658584548284       0.78246091804316520     
  0.61339924648241628       0.80044930774144341     
  0.61340196761727195       0.81843773932920061     
  0.61340474925188371       0.83642621325000932     
  0.61340759138812007       0.85441472994745049     
  0.61341049402788639       0.87240328986511595     
  0.61341345717312379       0.89039189344660552     
  0.67183955654549998      -0.89033759717680849     
  0.67183631177445635      -0.87235116531892398     
  0.67183313324774385      -0.85436473279634639     
  0.67183002096372779      -0.83637829916594697     
  0.67182697492081145      -0.81839186398459673     
  0.67182399511743873      -0.80040542680916615     
  0.67182108155209175      -0.78241898719652536     
  0.67181823422329212      -0.76443254470354394     
  0.67181545312960056      -0.74644609888709090     
  0.67181273826961729      -0.72845964930403451     
  0.67181008964198141      -0.71047319551124222     
  0.67180750724537108      -0.69248673706558017     
  0.67180499107850400      -0.67450027352391406     
  0.67180254114013693      -0.65651380444310814     
  0.67180015742906551      -0.63852732938002543     
  0.67179783994412490      -0.62054084789152775     
  0.67179558868418954      -0.60255435953447523     
  0.67179340364817253      -0.58456786386572679     
  0.67179128483502648      -0.56658136044213958     
  0.67178923224374310      -0.54859484882056919     
  0.67178724587335337      -0.53060832855786888     
  0.67178532572292737      -0.51262179921089079     
  0.67178347179157427      -0.49463526033648436     
  0.67178168407844252      -0.47664871149149729     
  0.67177996258271944      -0.45866215223277490     
  0.67177830730363208      -0.44067558211716029     
  0.67177671824044594      -0.42268900070149412     
  0.67177519539246644      -0.40470240754261450     
  0.67177373875903745      -0.38671580219735702     
  0.67177234833954236      -0.36872918422255463     
  0.67177102413340384      -0.35074255317503700     
  0.67176976614008344      -0.33275590861163173     
  0.67176857435908177      -0.31476925008916290     
  0.67176744878993921      -0.29678257716445144     
  0.67176638943223455      -0.27879588939431521     
  0.67176539628558607      -0.26080918633556871     
  0.67176446934965117      -0.24282246754502324     
  0.67176360862412654      -0.22483573257948664     
  0.67176281410874794      -0.20684898099576277     
  0.67176208580329022      -0.18886221235065215     
  0.67176142370756708      -0.17087542620095142     
  0.67176082782143220      -0.15288862210345333     
  0.67176029814477745      -0.13490179961494653     
  0.67175983467753486      -0.11691495829221588     
  0.67175943741967448       -9.8928097692041916E-002
  0.67175910637120628       -8.0941217371200858E-002
  0.67175884153217957       -6.2954316886464579E-002
  0.67175864290268184       -4.4967395794600407E-002
  0.67175851048284074       -2.6980453652371006E-002
  0.67175844427282261       -8.9934900165349330E-003
  0.67175844427283282        8.9934955561544738E-003
  0.67175851048311608        2.6980503508948983E-002
  0.67175864290395637        4.4967534285104582E-002
  0.67175884153567655        6.2954588327883476E-002
  0.67175910637863900        8.0941666080551422E-002
  0.67175943743324495        9.8928767986381172E-002
  0.67175983469993472       0.11691589448864925     
  0.67176029817918814       0.13490304603063907     
  0.67176082787152391       0.15289022305563837     
  0.67176142377749981       0.17087742600694122     
  0.67176208589771336       0.18886465532784746     
  0.67176281423280049       0.20685191146166226     
  0.67176360878343666       0.22483919485169768     
  0.67176446955033642       0.24282650594127109     
  0.67176539653425382       0.26081384517370543     
  0.67176638973598157       0.27880121299233140     
  0.67176744915635167       0.29678860984048483     
  0.67176857479623564       0.31477603616150862     
  0.67176976665654364       0.33276349239875169     
  0.67177102473822536       0.35075097899557051     
  0.67177234904226957       0.36873849639532708     
  0.67177373956970432       0.38672604504139096     
  0.67177519632159677       0.40471362537713862     
  0.67177671929905314       0.42270123784595337     
  0.67177830850321851       0.44068888289122565     
  0.67177996393527839       0.45867656095635367     
  0.67178168559645579       0.47666427248474141     
  0.67178347348801437       0.49465201791980240     
  0.67178532761125598       0.51263979770495594     
  0.67178724796752198       0.53062761228363042     
  0.67178923455819350       0.54861546209926026     
  0.67179128738468963       0.56660334759528941     
  0.67179340644846985       0.58459126921516869     
  0.67179559175103232       0.60257922740235648     
  0.67179784329391423       0.62056722260032138     
  0.67180016107869212       0.63855525525253731     
  0.67180254510698201       0.65654332580248909     
  0.67180499538043881       0.67453143469366839     
  0.67180751190075672       0.69251958236957578     
  0.67181009466966923       0.71050776927372050     
  0.67181274368894917       0.72849599584962066     
  0.67181545896040795       0.74648426254080302     
  0.67181824048589678       0.76447256979080280     
  0.67182108826730635       0.78246091804316520     
  0.67182400230656580       0.80044930774144341     
  0.67182698260564422       0.81843773932920061     
  0.67183002916654933       0.83642621325000932     
  0.67183314199132838       0.85441472994745049     
  0.67183632108206814       0.87240328986511595     
  0.67183956644089404       0.89039189344660552     
  0.73026583962162683      -0.89033759717680849     
  0.73026231268557695      -0.87235116531892398     
  0.73025885775445976      -0.85436473279634639     
  0.73025547482649800      -0.83637829916594697     
  0.73025216389995640      -0.81839186398459673     
  0.73024892497314342      -0.80040542680916615     
  0.73024575804440883      -0.78241898719652536     
  0.73024266311214636      -0.76443254470354394     
  0.73023964017479126      -0.74644609888709090     
  0.73023668923082208      -0.72845964930403451     
  0.73023381027875911      -0.71047319551124222     
  0.73023100331716617      -0.69248673706558017     
  0.73022826834464905      -0.67450027352391406     
  0.73022560535985659      -0.65651380444310814     
  0.73022301436147985      -0.63852732938002543     
  0.73022049534825251      -0.62054084789152775     
  0.73021804831895087      -0.60255435953447523     
  0.73021567327239389      -0.58456786386572679     
  0.73021337020744292      -0.56658136044213958     
  0.73021113912300195      -0.54859484882056919     
  0.73020898001801804      -0.53060832855786888     
  0.73020689289147978      -0.51262179921089079     
  0.73020487774241949      -0.49463526033648436     
  0.73020293456991081      -0.47664871149149729     
  0.73020106337307156      -0.45866215223277490     
  0.73019926415106040      -0.44067558211716029     
  0.73019753690307954      -0.42268900070149412     
  0.73019588162837379      -0.40470240754261450     
  0.73019429832623017      -0.38671580219735702     
  0.73019278699597834      -0.36872918422255463     
  0.73019134763699078      -0.35074255317503700     
  0.73018998024868220      -0.33275590861163173     
  0.73018868483050969      -0.31476925008916290     
  0.73018746138197343      -0.29678257716445144     
  0.73018630990261624      -0.27879588939431521     
  0.73018523039202288      -0.26080918633556871     
  0.73018422284982076      -0.24282246754502324     
  0.73018328727568038      -0.22483573257948664     
  0.73018242366931463      -0.20684898099576277     
  0.73018163203047837      -0.18886221235065215     
  0.73018091235896976      -0.17087542620095142     
  0.73018026465462915      -0.15288862210345333     
  0.73017968891733931      -0.13490179961494653     
  0.73017918514702607      -0.11691495829221588     
  0.73017875334365723       -9.8928097692041916E-002
  0.73017839350724345       -8.0941217371200858E-002
  0.73017810563783825       -6.2954316886464579E-002
  0.73017788973553710       -4.4967395794600407E-002
  0.73017774580047834       -2.6980453652371006E-002
  0.73017767383284271       -8.9934900165349330E-003
  0.73017767383285381        8.9934955561544738E-003
  0.73017774580077743        2.6980503508948983E-002
  0.73017788973692221        4.4967534285104582E-002
  0.73017810564163965        6.2954588327883476E-002
  0.73017839351532254        8.0941666080551422E-002
  0.73017875335840787        9.8928767986381172E-002
  0.73017918517137392       0.11691589448864925     
  0.73017968895474228       0.13490304603063907     
  0.73018026470907671       0.15289022305563837     
  0.73018091243498384       0.17087742600694122     
  0.73018163213311271       0.18886465532784746     
  0.73018242380415455       0.20685191146166226     
  0.73018328744884409       0.22483919485169768     
  0.73018422306795783       0.24282650594127109     
  0.73018523066231467       0.26081384517370543     
  0.73018631023277702       0.27880121299233140     
  0.73018746178024929       0.29678860984048483     
  0.73018868530567804       0.31477603616150862     
  0.73018998081005337       0.33276349239875169     
  0.73019134829440757       0.35075097899557051     
  0.73019278775981467       0.36873849639532708     
  0.73019429920739265       0.38672604504139096     
  0.73019588263830149       0.40471362537713862     
  0.73019753805374310       0.42270123784595337     
  0.73019926545496294       0.44068888289122565     
  0.73020106484324887       0.45867656095635367     
  0.73020293621993093       0.47666427248474141     
  0.73020487958638181       0.49465201791980240     
  0.73020689494401747       0.51263979770495594     
  0.73020898229429565       0.53062761228363042     
  0.73021114163871692       0.54861546209926026     
  0.73021337297882472       0.56660334759528941     
  0.73021567631620510       0.58459126921516869     
  0.73021805165248610       0.60257922740235648     
  0.73022049898933927       0.62056722260032138     
  0.73022301832847791       0.63855525525253731     
  0.73022560967165839       0.65654332580248909     
  0.73022827302067994       0.67453143469366839     
  0.73023100837738397       0.69251958236957578     
  0.73023381574365431       0.71050776927372050     
  0.73023669512141831       0.72849599584962066     
  0.73023964651264506       0.74648426254080302     
  0.73024266991934672       0.76447256979080280     
  0.73024576534357788       0.78246091804316520     
  0.73024893278743619       0.80044930774144341     
  0.73025217225306127       0.81843773932920061     
  0.73025548374263605       0.83642621325000932     
  0.73025886725838562       0.85441472994745049     
  0.73026232280257797       0.87240328986511595     
  0.73026585037752367       0.89039189344660552     
  0.78869231255697780      -0.89033759717680849     
  0.78868850345317121      -0.87235116531892398     
  0.78868477211495458      -0.85436473279634639     
  0.78868111854040879      -0.83637829916594697     
  0.78867754272765977      -0.81839186398459673     
  0.78867404467488011      -0.80040542680916615     
  0.78867062438028879      -0.78241898719652536     
  0.78866728184214963      -0.76443254470354394     
  0.78866401705877354      -0.74644609888709090     
  0.78866083002851672      -0.72845964930403451     
  0.78865772074978180      -0.71047319551124222     
  0.78865468922101734      -0.69248673706558017     
  0.78865173544071743      -0.67450027352391406     
  0.78864885940742302      -0.65651380444310814     
  0.78864606111972013      -0.63852732938002543     
  0.78864334057624141      -0.62054084789152775     
  0.78864069777566548      -0.60255435953447523     
  0.78863813271671623      -0.58456786386572679     
  0.78863564539816444      -0.56658136044213958     
  0.78863323581882638      -0.54859484882056919     
  0.78863090397756430      -0.53060832855786888     
  0.78862864987328640      -0.51262179921089079     
  0.78862647350494708      -0.49463526033648436     
  0.78862437487154691      -0.47664871149149729     
  0.78862235397213176      -0.45866215223277490     
  0.78862041080579393      -0.44067558211716029     
  0.78861854537167164      -0.42268900070149412     
  0.78861675766894890      -0.40470240754261450     
  0.78861504769685586      -0.38671580219735702     
  0.78861341545466890      -0.36872918422255463     
  0.78861186094170987      -0.35074255317503700     
  0.78861038415734663      -0.33275590861163173     
  0.78860898510099320      -0.31476925008916290     
  0.78860766377210956      -0.29678257716445144     
  0.78860642017020188      -0.27879588939431521     
  0.78860525429482164      -0.26080918633556871     
  0.78860416614556694      -0.24282246754502324     
  0.78860315572208139      -0.22483573257948664     
  0.78860222302405503      -0.20684898099576277     
  0.78860136805122316      -0.18886221235065215     
  0.78860059080336753      -0.17087542620095142     
  0.78859989128031627      -0.15288862210345333     
  0.78859926948194214      -0.13490179961494653     
  0.78859872540816567      -0.11691495829221588     
  0.78859825905895176       -9.8928097692041916E-002
  0.78859787043431195       -8.0941217371200858E-002
  0.78859755953430377       -6.2954316886464579E-002
  0.78859732635903068       -4.4967395794600407E-002
  0.78859717090864190       -2.6980453652371006E-002
  0.78859709318333282       -8.9934900165349330E-003
  0.78859709318334481        8.9934955561544738E-003
  0.78859717090896497        2.6980503508948983E-002
  0.78859732636052682        4.4967534285104582E-002
  0.78859755953840915        6.2954588327883476E-002
  0.78859787044303742        8.0941666080551422E-002
  0.78859825907488257        9.8928767986381172E-002
  0.78859872543446152       0.11691589448864925     
  0.78859926952233761       0.13490304603063907     
  0.78859989133911990       0.15289022305563837     
  0.78860059088546319       0.17087742600694122     
  0.78860136816206849       0.18886465532784746     
  0.78860222316968276       0.20685191146166226     
  0.78860315590909891       0.22483919485169768     
  0.78860416638115560       0.24282650594127109     
  0.78860525458673814       0.26081384517370543     
  0.78860642052677687       0.27880121299233140     
  0.78860766420224881       0.29678860984048483     
  0.78860898561417692       0.31477603616150862     
  0.78861038476362966       0.33276349239875169     
  0.78861186165172215       0.35075097899557051     
  0.78861341627961479       0.36873849639532708     
  0.78861504864851462       0.38672604504139096     
  0.78861675875967419       0.40471362537713862     
  0.78861854661439224       0.42270123784595337     
  0.78862041221401347       0.44068888289122565     
  0.78862235555992855       0.45867656095635367     
  0.78862437665357432       0.47666427248474141     
  0.78862647549643339       0.49465201791980240     
  0.78862865209003452       0.51263979770495594     
  0.78863090643595224       0.53062761228363042     
  0.78863323853580769       0.54861546209926026     
  0.78863564839126710       0.56660334759528941     
  0.78863813600404353       0.58459126921516869     
  0.78864070137589581       0.60257922740235648     
  0.78864334450862850       0.62056722260032138     
  0.78864606540409232       0.63855525525253731     
  0.78864886406418444       0.65654332580248909     
  0.78865174049084774       0.67453143469366839     
  0.78865469468607063       0.69251958236957578     
  0.78865772665188838       0.71050776927372050     
  0.78866083639038220       0.72849599584962066     
  0.78866402390367862       0.74648426254080302     
  0.78866728919395079       0.76447256979080280     
  0.78867063226341783       0.78246091804316520     
  0.78867405311434502       0.80044930774144341     
  0.78867755174904364       0.81843773932920061     
  0.78868112816987046       0.83642621325000932     
  0.78868478237922912       0.85441472994745049     
  0.78868851437956922       0.87240328986511595     
  0.78869232417338564       0.89039189344660552     
  0.84711899054236994      -0.89033759717680849     
  0.84711489926783545      -0.87235116531892398     
  0.84711089151960928      -0.85436473279634639     
  0.84710696729562973      -0.83637829916594697     
  0.84710312659388465      -0.81839186398459673     
  0.84709936941241071      -0.80040542680916615     
  0.84709569574929433      -0.78241898719652536     
  0.84709210560267190      -0.76443254470354394     
  0.84708859897072863      -0.74644609888709090     
  0.84708517585169885      -0.72845964930403451     
  0.84708183624386701      -0.71047319551124222     
  0.84707858014556670      -0.69248673706558017     
  0.84707540755518074      -0.67450027352391406     
  0.84707231847114128      -0.65651380444310814     
  0.84706931289193044      -0.63852732938002543     
  0.84706639081607893      -0.62054084789152775     
  0.84706355224216745      -0.60255435953447523     
  0.84706079716882599      -0.58456786386572679     
  0.84705812559473337      -0.56658136044213958     
  0.84705553751861884      -0.54859484882056919     
  0.84705303293926049      -0.53060832855786888     
  0.84705061185548525      -0.51262179921089079     
  0.84704827426617024      -0.49463526033648436     
  0.84704602017024144      -0.47664871149149729     
  0.84704384956667478      -0.45866215223277490     
  0.84704176245449481      -0.44067558211716029     
  0.84703975883277627      -0.42268900070149412     
  0.84703783870064275      -0.40470240754261450     
  0.84703600205726715      -0.38671580219735702     
  0.84703424890187207      -0.36872918422255463     
  0.84703257923372921      -0.35074255317503700     
  0.84703099305216001      -0.33275590861163173     
  0.84702949035653452      -0.31476925008916290     
  0.84702807114627343      -0.29678257716445144     
  0.84702673542084539      -0.27879588939431521     
  0.84702548317976945      -0.26080918633556871     
  0.84702431442261328      -0.24282246754502324     
  0.84702322914899475      -0.22483573257948664     
  0.84702222735858013      -0.20684898099576277     
  0.84702130905108608      -0.18886221235065215     
  0.84702047422627769      -0.17087542620095142     
  0.84701972288397021      -0.15288862210345333     
  0.84701905502402730      -0.13490179961494653     
  0.84701847064636304      -0.11691495829221588     
  0.84701796975094035       -9.8928097692041916E-002
  0.84701755233777143       -8.0941217371200858E-002
  0.84701721840691802       -6.2954316886464579E-002
  0.84701696795849091       -4.4967395794600407E-002
  0.84701680099265109       -2.6980453652371006E-002
  0.84701671750960816       -8.9934900165349330E-003
  0.84701671750962104        8.9934955561544738E-003
  0.84701680099299836        2.6980503508948983E-002
  0.84701696796009807        4.4967534285104582E-002
  0.84701721841132738        6.2954588327883476E-002
  0.84701755234714304        8.0941666080551422E-002
  0.84701796976805110        9.8928767986381172E-002
  0.84701847067460689       0.11691589448864925     
  0.84701905506741504       0.13490304603063907     
  0.84701972294712990       0.15289022305563837     
  0.84702047431445471       0.17087742600694122     
  0.84702130917014262       0.18886465532784746     
  0.84702222751499590       0.20685191146166226     
  0.84702322934986585       0.22483919485169768     
  0.84702431467565398       0.24282650594127109     
  0.84702548349331019       0.26081384517370543     
  0.84702673580383481       0.27880121299233140     
  0.84702807160827631       0.29678860984048483     
  0.84702949090773405       0.31477603616150862     
  0.84703099370335533       0.33276349239875169     
  0.84703257999633785       0.35075097899557051     
  0.84703424978792841       0.36873849639532708     
  0.84703600307942262       0.38672604504139096     
  0.84703783987216674       0.40471362537713862     
  0.84703976016755522       0.42270123784595337     
  0.84704176396703268       0.44068888289122565     
  0.84704385127209236       0.45867656095635367     
  0.84704602208427793       0.47666427248474141     
  0.84704827640518165       0.49465201791980240     
  0.84705061423644534       0.51263979770495594     
  0.84705303557976075       0.53062761228363042     
  0.84705554043686870       0.54861546209926026     
  0.84705812880955911       0.56660334759528941     
  0.84706080069967160       0.58459126921516869     
  0.84706355610909556       0.60257922740235648     
  0.84706639503976899       0.62056722260032138     
  0.84706931749368031       0.63855525525253731     
  0.84707232347286632       0.65654332580248909     
  0.84707541297941447       0.67453143469366839     
  0.84707858601546038       0.69251958236957578     
  0.84708184258319008       0.71050776927372050     
  0.84708518268483868       0.72849599584962066     
  0.84708860632269056       0.74648426254080302     
  0.84709211349907987       0.76447256979080280     
  0.84709570421638980       0.78246091804316520     
  0.84709937847705397       0.80044930774144341     
  0.84710313628355416       0.81843773932920061     
  0.84710697763842280       0.83642621325000932     
  0.84711090254424071       0.85441472994745049     
  0.84711491100363889       0.87240328986511595     
  0.84711900301929788       0.89039189344660552     
