  0.0000    0.00000000E+00    0.00000000E+00    0.00000000E+00    0.00000000E+00    0.00000000E+00    0.00000000E+00    0.00000000E+00    0.00000000E+00    0.00000000E+00    0.00000000E+00    0.00000000E+00    0.00000000E+00    0.00000000E+00    0.00000000E+00   -0.15994230E+09   -0.41941634E+04   -0.82033071E+03   -0.32827781E+03    0.00000000E+00    0.00000000E+00    0.19341173E+10    0.83898569E+04    0.16406776E+04   -0.43095183E+04
  0.0003   -0.24621455E+08   -0.49049879E+08   -0.70835882E+08   -0.29281336E+03   -0.10454775E+03    0.11337460E+03   -0.18601030E+06   -0.16438806E+09   -0.49642204E+09   -0.23899923E+04   -0.63213502E+03    0.89507764E+03    0.00000000E+00   -0.18290547E+08   -0.55597287E+08   -0.35826980E+04   -0.59757386E+03   -0.42653213E+03    0.00000000E+00    0.49641388E+09    0.14901345E+10    0.71669216E+04    0.11951630E+04   -0.33891467E+04
  0.0004   -0.30074229E+08   -0.78666451E+08   -0.10424973E+09   -0.46024291E+03   -0.15529965E+03    0.16541839E+03    0.13851539E+06   -0.24377463E+09   -0.54994763E+09   -0.28490968E+04   -0.70029356E+03    0.99158738E+03    0.00000000E+00   -0.88658370E+06   -0.13832674E+07   -0.32011230E+04   -0.47244687E+03   -0.46819133E+03    0.00000000E+00    0.54993702E+09    0.12348758E+10    0.64037684E+04    0.94490849E+03   -0.28541129E+04
  0.0005   -0.34073131E+08   -0.11054983E+09   -0.12930996E+09   -0.61999124E+03   -0.19503786E+03    0.20277650E+03    0.17386571E+06   -0.30615132E+09   -0.55026708E+09   -0.31167094E+04   -0.70070035E+03    0.99216337E+03    0.00000000E+00    0.24698413E+08    0.45184161E+08   -0.28010011E+04   -0.35433043E+03   -0.49333679E+03    0.00000000E+00    0.55025577E+09    0.98777304E+09    0.56035206E+04    0.70867495E+03   -0.23301497E+04
  0.0006   -0.36832317E+08   -0.13990712E+09   -0.14312000E+09   -0.75538897E+03   -0.21925715E+03    0.22104295E+03    0.41810073E+05   -0.34432153E+09   -0.51478696E+09   -0.32234528E+04   -0.65552060E+03    0.92819067E+03    0.00000000E+00    0.52707483E+08    0.79199925E+08   -0.24147052E+04   -0.25422940E+03   -0.49788322E+03    0.00000000E+00    0.51477519E+09    0.77109369E+09    0.48309245E+04    0.50847222E+03   -0.18637514E+04
  0.0007   -0.38532004E+08   -0.16331904E+09   -0.14655964E+09   -0.85916871E+03   -0.22872181E+03    0.22216016E+03   -0.78270570E+05   -0.35930597E+09   -0.46089230E+09   -0.32098205E+04   -0.58689209E+03    0.83101548E+03    0.00000000E+00    0.78343474E+08    0.10033882E+09   -0.20616214E+04   -0.17540764E+03   -0.48409402E+03    0.00000000E+00    0.46088064E+09    0.59294786E+09    0.41247520E+04    0.35082802E+03   -0.14733406E+04
  0.0008   -0.39296465E+08   -0.17954559E+09   -0.14241412E+09   -0.93111033E+03   -0.22696771E+03    0.21116081E+03   -0.87741149E+05   -0.35655972E+09   -0.40113767E+09   -0.31141370E+04   -0.51080160E+03    0.72327442E+03    0.00000000E+00    0.99016033E+08    0.11095509E+09   -0.17501676E+04   -0.11610478E+03   -0.45745146E+03    0.00000000E+00    0.40112634E+09    0.45186636E+09    0.35018394E+04    0.23222161E+03   -0.11579182E+04
  0.0009   -0.39255677E+08   -0.18906106E+09   -0.13354344E+09   -0.97466918E+03   -0.21780602E+03    0.19303236E+03   -0.15198628E+05   -0.34209714E+09   -0.34257691E+09   -0.29670769E+04   -0.43623137E+03    0.61768598E+03    0.00000000E+00    0.11414912E+09    0.11401661E+09   -0.14817382E+04   -0.72746548E+02   -0.42351182E+03    0.00000000E+00    0.34256617E+09    0.34245004E+09    0.29649754E+04    0.14550450E+03   -0.90802255E+03
  0.0010   -0.38595877E+08   -0.19305183E+09   -0.12202151E+09   -0.99451112E+03   -0.20410626E+03    0.17128561E+03    0.48422620E+05   -0.32051612E+09   -0.28859775E+09   -0.27914089E+04   -0.36749526E+03    0.52035843E+03    0.00000000E+00    0.12423931E+09    0.11195386E+09   -0.12540959E+04   -0.41909140E+02   -0.38632848E+03    0.00000000E+00    0.28858761E+09    0.25897703E+09    0.25096853E+04    0.83829071E+02   -0.71289826E+03
  0.0012   -0.36277516E+08   -0.18890183E+09   -0.96141169E+08   -0.98209096E+03   -0.17054193E+03    0.12523062E+03   -0.32356248E+04   -0.26785083E+09   -0.20026068E+09   -0.24154248E+04   -0.25500841E+03    0.36108160E+03    0.00000000E+00    0.13223782E+09    0.99104898E+08   -0.90435377E+03   -0.68573515E+01   -0.31174763E+03    0.00000000E+00    0.20025192E+09    0.15009060E+09    0.18101901E+04    0.13724380E+02   -0.44802035E+03
  0.0014   -0.33476763E+08   -0.17478334E+09   -0.72395332E+08   -0.92892279E+03   -0.13769919E+03    0.85020717E+02   -0.31845287E+05   -0.21629620E+09   -0.13919095E+09   -0.20630740E+04   -0.17724329E+03    0.25096934E+03    0.00000000E+00    0.12887615E+09    0.82664475E+08   -0.66207700E+03    0.78237054E+01   -0.24648860E+03    0.00000000E+00    0.13918348E+09    0.89739787E+08    0.13256256E+04   -0.15638690E+02   -0.29171777E+03
  0.0015   -0.31978970E+08   -0.16619547E+09   -0.62450086E+08   -0.89512865E+03   -0.12337923E+03    0.68744726E+02    0.53181762E+04   -0.19376801E+09   -0.11650918E+09   -0.19039801E+04   -0.14836072E+03    0.21007278E+03    0.00000000E+00    0.12491203E+09    0.74925905E+08   -0.56997171E+03    0.11509664E+02   -0.21899540E+03    0.00000000E+00    0.11650228E+09    0.69773080E+08    0.11414097E+04   -0.23011031E+02   -0.23766373E+03
  0.0016   -0.30454825E+08   -0.15740234E+09   -0.53692290E+08   -0.85900205E+03   -0.11045707E+03    0.54724047E+02    0.28571395E+05   -0.17344918E+09   -0.97562849E+08   -0.17570347E+04   -0.12423480E+03    0.17591146E+03    0.00000000E+00    0.12024887E+09    0.67722241E+08   -0.49285447E+03    0.13673501E+02   -0.19466992E+03    0.00000000E+00    0.97556484E+08    0.54504011E+08    0.98716989E+03   -0.27339096E+02   -0.19501742E+03
  0.0017   -0.28961823E+08   -0.14863332E+09   -0.45918737E+08   -0.82169031E+03   -0.98730167E+02    0.42536077E+02    0.17114738E+05   -0.15504238E+09   -0.81800907E+08   -0.16223219E+04   -0.10416382E+03    0.14749177E+03    0.00000000E+00    0.11517030E+09    0.61010328E+08   -0.42825361E+03    0.14623601E+02   -0.17307102E+03    0.00000000E+00    0.81795026E+08    0.43067785E+08    0.85796297E+03   -0.29239658E+02   -0.16173512E+03
  0.0018   -0.27544779E+08   -0.13996675E+09   -0.39056931E+08   -0.78417130E+03   -0.88154120E+02    0.32002188E+02   -0.11562333E+05   -0.13846036E+09   -0.68941539E+08   -0.14997095E+04   -0.87788934E+02    0.12430558E+03    0.00000000E+00    0.10980452E+09    0.54822259E+08   -0.37397361E+03    0.14723569E+02   -0.15393383E+03    0.00000000E+00    0.68936104E+08    0.34555392E+08    0.74939787E+03   -0.29439926E+02   -0.13574752E+03
  0.0019   -0.26210257E+08   -0.13150946E+09   -0.33137445E+08   -0.74729514E+03   -0.78809512E+02    0.23135855E+02   -0.25351935E+05   -0.12379758E+09   -0.58589331E+08   -0.13885719E+04   -0.74606615E+02    0.10563995E+03    0.00000000E+00    0.10428904E+09    0.49264975E+08   -0.32804639E+03    0.14398892E+02   -0.13716185E+03    0.00000000E+00    0.58584299E+08    0.27995623E+08    0.65753840E+03   -0.28790880E+02   -0.11491774E+03
  0.0020   -0.24936807E+08   -0.12343657E+09   -0.28143013E+08   -0.71163856E+03   -0.70702609E+02    0.15877685E+02   -0.12320747E+05   -0.11105194E+09   -0.50133076E+08   -0.12877806E+04   -0.63838571E+02    0.90392836E+02    0.00000000E+00    0.98820911E+08    0.44392965E+08   -0.28887276E+03    0.13954031E+02   -0.12261827E+03    0.00000000E+00    0.50128409E+08    0.22664145E+08    0.57918625E+03   -0.27901445E+02   -0.97626330E+02
  0.0030   -0.15393594E+08   -0.67612264E+08   -0.41410797E+07   -0.43833531E+03   -0.26747897E+02   -0.14008113E+02   -0.11825823E+05   -0.42017422E+08   -0.12550474E+08   -0.66289866E+03   -0.15981551E+02    0.22629230E+02    0.00000000E+00    0.57497624E+08    0.17191970E+08   -0.98725247E+02    0.72730510E+01   -0.45617015E+02    0.00000000E+00    0.12548072E+08    0.38849192E+07    0.19884755E+03   -0.14541469E+02   -0.26493190E+02
  0.0040   -0.10190439E+08   -0.40717595E+08    0.12878277E+07   -0.28700470E+03   -0.12420109E+02   -0.16382034E+02    0.17902492E+04   -0.19501625E+08   -0.43088728E+07   -0.39397581E+03   -0.54868423E+01    0.77691469E+01    0.00000000E+00    0.35747539E+08    0.80489499E+07   -0.43586951E+02    0.37392437E+01   -0.21022869E+02    0.00000000E+00    0.43074451E+07    0.94452796E+06    0.88535512E+02   -0.74749489E+01   -0.10380733E+02
  0.0050   -0.71914456E+07   -0.26736627E+08    0.24692941E+07   -0.20028221E+03   -0.66665475E+01   -0.14263183E+02    0.53041789E+04   -0.10462290E+08   -0.18904360E+07   -0.25892224E+03   -0.24072476E+01    0.34085654E+01    0.00000000E+00    0.23964296E+08    0.43360744E+07   -0.22577506E+02    0.21024145E+01   -0.11237259E+02    0.00000000E+00    0.18894977E+07    0.27863028E+06    0.46487132E+02   -0.42019736E+01   -0.50591630E+01
  0.0060   -0.53276255E+07   -0.18763672E+08    0.25695139E+07   -0.14699841E+03   -0.39282166E+01   -0.11833172E+02   -0.34895734E+03   -0.61676266E+07   -0.96750881E+06   -0.18245892E+03   -0.12320086E+01    0.17444743E+01    0.00000000E+00    0.17069784E+08    0.25596286E+07   -0.13016844E+02    0.12479480E+01   -0.66265963E+01    0.00000000E+00    0.96684760E+06    0.14667592E+06    0.27340653E+02   -0.24935052E+01   -0.29447449E+01
  0.0070   -0.40927474E+07   -0.13862954E+08    0.23602454E+07   -0.11223258E+03   -0.24913023E+01   -0.97524560E+01   -0.35405039E+04   -0.39143670E+07   -0.50617578E+06   -0.13519042E+03   -0.64455530E+00    0.91266417E+00    0.00000000E+00    0.12753074E+08    0.16255367E+07   -0.80596393E+01    0.78907344E+00   -0.42117929E+01    0.00000000E+00    0.50568588E+06    0.10234074E+06    0.17404352E+02   -0.15760919E+01   -0.18909371E+01
  0.0080   -0.32382127E+07   -0.10642166E+08    0.20673254E+07   -0.88417464E+02   -0.16974558E+01   -0.80574587E+01   -0.69578857E+03   -0.26649823E+07   -0.27241919E+06   -0.10406418E+03   -0.34689376E+00    0.49118757E+00    0.00000000E+00    0.98755005E+07    0.11090229E+07   -0.52164812E+01    0.55092138E+00   -0.28609213E+01    0.00000000E+00    0.27204209E+06    0.37007232E+05    0.11698672E+02   -0.11000414E+01   -0.12138919E+01
  0.0090   -0.26277916E+07   -0.84023150E+07    0.17910058E+07   -0.71412812E+02   -0.12161591E+01   -0.67260811E+01    0.21173100E+04   -0.19064570E+07   -0.18279409E+06   -0.82568922E+02   -0.23276676E+00    0.32958831E+00    0.00000000E+00    0.78523851E+07    0.79523221E+06   -0.34835533E+01    0.40751826E+00   -0.20389660E+01    0.00000000E+00    0.18249488E+06   -0.60412947E+04    0.82154664E+01   -0.81343345E+00   -0.79484777E+00
  0.0100   -0.21757491E+07   -0.67908774E+07    0.15670993E+07   -0.58840362E+02   -0.88528189E+00   -0.57063692E+01    0.80675970E+03   -0.13882599E+07   -0.14276221E+06   -0.67099602E+02   -0.18179091E+00    0.25740848E+00    0.00000000E+00    0.63841858E+07    0.57897452E+06   -0.23922194E+01    0.29384656E+00   -0.14873339E+01    0.00000000E+00    0.14251906E+06    0.31346674E+04    0.60170880E+01   -0.58624897E+00   -0.59589258E+00
  0.0120   -0.15562315E+07   -0.47150034E+07    0.12126552E+07   -0.41907014E+02   -0.50696780E+00   -0.42376290E+01   -0.10358684E+04   -0.79617068E+06   -0.48171416E+05   -0.46736183E+02   -0.61340655E-01    0.86855822E-01    0.00000000E+00    0.44724208E+07    0.33191127E+06   -0.11526727E+01    0.16366998E+00   -0.85743518E+00    0.00000000E+00    0.48002057E+05    0.14420704E+05    0.35104330E+01   -0.32613528E+00   -0.37049971E+00
  0.0140   -0.11704508E+07   -0.34479115E+07    0.94556548E+06   -0.31359948E+02   -0.33032050E+00   -0.32392961E+01    0.94246754E+03   -0.51692377E+06   -0.40184502E+05   -0.34434747E+02   -0.51170229E-01    0.72454985E-01    0.00000000E+00    0.32929454E+07    0.21648674E+06   -0.50677515E+00    0.11351023E+00   -0.55249827E+00    0.00000000E+00    0.40059722E+05   -0.82185934E+04    0.21950147E+01   -0.22598741E+00   -0.20070340E+00
  0.0160   -0.91014714E+06   -0.26370788E+07    0.76773320E+06   -0.24325724E+02   -0.21212857E+00   -0.25740138E+01   -0.94893472E+03   -0.33331050E+06   -0.15202183E+05   -0.26389439E+02   -0.19358189E-01    0.27410416E-01    0.00000000E+00    0.25314253E+07    0.13907031E+06   -0.16536186E+00    0.66739007E-01   -0.36110247E+00    0.00000000E+00    0.15106558E+05    0.10959610E+05    0.14915214E+01   -0.13257387E+00   -0.16629046E+00
  0.0180   -0.72876862E+06   -0.20769656E+07    0.62158774E+06   -0.19433893E+02   -0.15855497E+00   -0.20708324E+01    0.79624089E+03   -0.24752039E+06   -0.13377803E+05   -0.20877596E+02   -0.17034998E-01    0.24121011E-01    0.00000000E+00    0.20020573E+07    0.10412824E+06    0.56646752E-01    0.56309629E-01   -0.26403468E+00    0.00000000E+00    0.13302152E+05   -0.83545877E+04    0.10291389E+01   -0.11181532E+00   -0.86112934E-01
  0.0200   -0.59637061E+06   -0.16790237E+07    0.52441552E+06   -0.15866990E+02   -0.10753496E+00   -0.17208679E+01   -0.71947347E+03   -0.16898080E+06   -0.84993647E+04   -0.16922128E+02   -0.10823017E-01    0.15324769E-01    0.00000000E+00    0.16239479E+07    0.70602310E+05    0.17943063E+00    0.32946278E-01   -0.18425750E+00    0.00000000E+00    0.84380471E+04    0.80818156E+04    0.76704581E+00   -0.65169006E-01   -0.90032228E-01
  0.0220   -0.49669329E+06   -0.13862312E+07    0.43770561E+06   -0.13213554E+02   -0.87947871E-01   -0.14345230E+01    0.55372243E+03   -0.13700627E+06   -0.33755675E+04   -0.13989366E+02   -0.42983825E-02    0.60863488E-02    0.00000000E+00    0.13443515E+07    0.57881921E+05    0.27456836E+00    0.31890019E-01   -0.14618024E+00    0.00000000E+00    0.33248772E+04   -0.61306581E+04    0.56175198E+00   -0.63122265E-01   -0.44261662E-01
  0.0240   -0.42076704E+06   -0.11609240E+07    0.37907044E+06   -0.11163640E+02   -0.62180309E-01   -0.12283678E+01   -0.45041391E+03   -0.97590960E+05   -0.67898860E+04   -0.11765679E+02   -0.86461773E-02    0.12242501E-01    0.00000000E+00    0.11287036E+07    0.40901744E+05    0.32652466E+00    0.18960811E-01   -0.10687096E+00    0.00000000E+00    0.67472534E+04    0.50596396E+04    0.44407571E+00   -0.37318623E-01   -0.52884301E-01
  0.0260   -0.35999651E+06   -0.99039090E+06    0.32464665E+06   -0.95661646E+01   -0.53217215E-01   -0.10519732E+01    0.29639212E+03   -0.82809583E+05    0.76493075E+03   -0.10020457E+02    0.97398989E-03   -0.13792738E-02    0.00000000E+00    0.96457196E+06    0.35101416E+05    0.37205771E+00    0.19238877E-01   -0.88748529E-01    0.00000000E+00   -0.80123926E+03   -0.34140648E+04    0.34030642E+00   -0.37921308E-01   -0.27418142E-01
  0.0280   -0.31266346E+06   -0.84996493E+06    0.28581412E+06   -0.82830322E+01   -0.39801497E-01   -0.91909153E+00   -0.19729769E+03   -0.62268866E+05   -0.58334295E+04   -0.86510633E+01   -0.74282152E-02    0.10517981E-01    0.00000000E+00    0.82952115E+06    0.26245435E+05    0.39723248E+00    0.12561126E-01   -0.68181384E-01    0.00000000E+00    0.58020837E+04    0.22479719E+04    0.27816365E+00   -0.24605630E-01   -0.31521381E-01
  0.0300   -0.27283758E+06   -0.74256937E+06    0.25051820E+06   -0.72466421E+01   -0.33971292E-01   -0.80467553E+00    0.70621427E+02   -0.52875312E+05    0.21692536E+04   -0.75284272E+01    0.27623064E-02   -0.39112723E-02    0.00000000E+00    0.72551109E+06    0.22458202E+05    0.41948090E+00    0.11845478E-01   -0.57245834E-01    0.00000000E+00   -0.21965317E+04   -0.93730491E+03    0.22266237E+00   -0.23208758E-01   -0.20325195E-01
  0.0400   -0.15615424E+06   -0.41450697E+06    0.14558349E+06   -0.41430230E+01   -0.15541590E-01   -0.46342046E+00    0.20924011E+03   -0.23898445E+05   -0.18190518E+04   -0.42416890E+01   -0.23163796E-02    0.32798245E-02    0.00000000E+00    0.40728446E+06    0.10346684E+05    0.46220979E+00    0.61902781E-02   -0.25640675E-01    0.00000000E+00    0.18036838E+04   -0.23138166E+04    0.91087039E-01   -0.12019188E-01   -0.49008693E-02
  0.0500   -0.10087889E+06   -0.26445845E+06    0.96555113E+05   -0.26829481E+01   -0.64440982E-02   -0.30349012E+00   -0.13954257E+03   -0.10021561E+05   -0.13326229E+04   -0.27157800E+01   -0.16969083E-02    0.24028262E-02    0.00000000E+00    0.26070640E+06    0.43331166E+04    0.46505234E+00    0.16532698E-02   -0.11677304E-01    0.00000000E+00    0.13227839E+04    0.15256703E+04    0.49419777E-01   -0.30176747E-02   -0.77113081E-02
  0.0600   -0.70269345E+05   -0.18419970E+06    0.67781193E+05   -0.18845822E+01   -0.39733772E-02   -0.21249816E+00   -0.50873633E+02   -0.60936742E+04    0.11739997E+04   -0.18835664E+01    0.14949314E-02   -0.21168084E-02    0.00000000E+00    0.18188155E+06    0.27054546E+04    0.46107823E+00    0.12037500E-02   -0.71194192E-02    0.00000000E+00   -0.11808233E+04    0.51953887E+03    0.27863023E-01   -0.21669859E-02   -0.37653161E-02
  0.0700   -0.51936635E+05   -0.13477744E+06    0.49620062E+05   -0.14009308E+01   -0.34066892E-02   -0.15605984E+00    0.10626292E+03   -0.50756214E+04   -0.25933990E+02   -0.13851493E+01   -0.32993882E-04    0.46790484E-04    0.00000000E+00    0.13332019E+06    0.23306941E+04    0.45473947E+00    0.16603781E-02   -0.55098627E-02    0.00000000E+00    0.20916320E+02   -0.11845103E+04    0.15533639E-01   -0.31147839E-02    0.52929098E-03
  0.0800   -0.39978494E+05   -0.10272655E+06    0.38790963E+05   -0.10841204E+01   -0.16770080E-02   -0.12101508E+00   -0.26663387E+02   -0.25135745E+04   -0.87293101E+03   -0.10616849E+01   -0.11115625E-02    0.15739575E-02    0.00000000E+00    0.10176916E+06    0.11752381E+04    0.44590112E+00    0.50541788E-03   -0.31101318E-02    0.00000000E+00    0.86908530E+03    0.29142299E+03    0.11511157E-01   -0.83078135E-03   -0.17273267E-02
  0.0900   -0.31555870E+05   -0.81579762E+05    0.31006669E+05   -0.86657975E+00   -0.93321762E-03   -0.96323379E-01   -0.60646068E+02   -0.13961224E+04    0.41851335E+03   -0.83746121E+00    0.53291673E-03   -0.75461452E-03    0.00000000E+00    0.80836585E+05    0.67775469E+03    0.43783877E+00    0.11143647E-03   -0.19736353E-02    0.00000000E+00   -0.42154669E+03    0.65416185E+03    0.84724965E-02   -0.62881688E-04   -0.20753714E-02
  0.1000   -0.25609287E+05   -0.66048711E+05    0.24750476E+05   -0.71144779E+00   -0.13008586E-02   -0.77444217E-01    0.51041713E+02   -0.18751630E+04    0.34599453E+03   -0.67835825E+00    0.44057663E-03   -0.62385482E-03    0.00000000E+00    0.65488266E+05    0.92028992E+03    0.43108430E+00    0.70148075E-03   -0.21297361E-02    0.00000000E+00   -0.34845141E+03   -0.57124872E+03    0.48219734E-02   -0.12590972E-02    0.49831525E-03
  0.1100   -0.21281192E+05   -0.54214505E+05    0.20661433E+05   -0.59565020E+00   -0.83573647E-03   -0.64399399E-01    0.14758517E+02   -0.11917546E+04   -0.53549906E+03   -0.56170743E+00   -0.68189527E-03    0.96553551E-03    0.00000000E+00    0.53820497E+05    0.60629471E+03    0.42380789E+00    0.38431878E-03   -0.14809106E-02    0.00000000E+00    0.53346474E+03   -0.16309001E+03    0.38406906E-02   -0.63801109E-03   -0.13627444E-03
  0.1200   -0.17859253E+05   -0.45740931E+05    0.17699318E+05   -0.50720053E+00   -0.27525122E-03   -0.54726142E-01   -0.48275261E+02   -0.38347976E+03    0.20644436E+02   -0.47138681E+00    0.26286607E-04   -0.37224763E-04    0.00000000E+00    0.45405386E+05    0.22965414E+03    0.41681024E+00   -0.72224499E-04   -0.77874172E-03    0.00000000E+00   -0.22351535E+02    0.52693478E+03    0.36468429E-02    0.26413649E-03   -0.13569468E-02
  0.1300   -0.15196803E+05   -0.39124282E+05    0.14846918E+05   -0.43900042E+00   -0.56697890E-03   -0.46242632E-01    0.15604052E+02   -0.78538916E+03    0.38953404E+03   -0.40117788E+00    0.49602656E-03   -0.70235158E-03    0.00000000E+00    0.38832063E+05    0.42189785E+03    0.41105480E+00    0.29381486E-03   -0.10041286E-02    0.00000000E+00   -0.39098679E+03   -0.17736262E+03    0.20987164E-02   -0.47723983E-03    0.68405652E-04
  0.1400   -0.13174811E+05   -0.33478472E+05    0.12757139E+05   -0.38457149E+00   -0.56214049E-03   -0.39808715E-01    0.28639743E+02   -0.77126225E+03   -0.25423601E+03   -0.34668414E+00   -0.32372393E-03    0.45841792E-03    0.00000000E+00    0.33264743E+05    0.41585682E+03    0.40534934E+00    0.34278288E-03   -0.93657572E-03    0.00000000E+00    0.25298065E+03   -0.31569764E+03    0.14148211E-02   -0.58310872E-03    0.38811618E-03
  0.1500   -0.11481666E+05   -0.29179957E+05    0.11392404E+05   -0.34016904E+00   -0.12517478E-03   -0.35173224E-01   -0.29824906E+02   -0.14902339E+03   -0.17376672E+03   -0.30194076E+00   -0.22130112E-03    0.31328178E-03    0.00000000E+00    0.28997917E+05    0.12194058E+03    0.39953146E+00   -0.53307150E-04   -0.42845006E-03    0.00000000E+00    0.17267344E+03    0.32741672E+03    0.17866238E-02    0.20213074E-03   -0.80514719E-03
  0.1600   -0.10052679E+05   -0.25838767E+05    0.99312179E+04   -0.30426230E+00   -0.22716571E-03   -0.30779963E-01   -0.61229260E+01   -0.29040316E+03    0.30409590E+03   -0.26478592E+00    0.38720486E-03   -0.54832797E-03    0.00000000E+00    0.25660174E+05    0.18814967E+03    0.39456439E+00    0.80291710E-04   -0.49853947E-03    0.00000000E+00   -0.30505459E+03    0.64425157E+02    0.11821792E-02   -0.71072940E-04   -0.26927308E-03
  0.1700   -0.89412881E+04   -0.22755337E+05    0.86494452E+04   -0.27457297E+00   -0.40521615E-03   -0.27014716E-01    0.28161147E+02   -0.54009479E+03   -0.41656789E+02   -0.23495638E+00   -0.53063410E-04    0.75091206E-04    0.00000000E+00    0.22615602E+05    0.30495475E+03    0.38994790E+00    0.28242880E-03   -0.65574624E-03    0.00000000E+00    0.40806155E+02   -0.31037202E+03    0.51363466E-03   -0.48071153E-03    0.47412940E-03
  0.1800   -0.79996526E+04   -0.20212971E+05    0.78994476E+04   -0.24922971E+00   -0.11897127E-03   -0.24421149E-01   -0.11800381E+02   -0.13431914E+03   -0.23405726E+03   -0.20983171E+00   -0.29803899E-03    0.42202414E-03    0.00000000E+00    0.20100543E+05    0.11207695E+03    0.38510726E+00    0.15283163E-04   -0.32951487E-03    0.00000000E+00    0.23329762E+03    0.13049292E+03    0.85835647E-03    0.48865939E-04   -0.35258772E-03
  0.1900   -0.71450076E+04   -0.18303905E+05    0.71254031E+04   -0.22795756E+00   -0.62752487E-04   -0.21983628E-01   -0.16787536E+02   -0.54428006E+02    0.17233578E+03   -0.18782915E+00    0.21944895E-03   -0.31073175E-03    0.00000000E+00    0.18185415E+05    0.73112372E+02    0.38072933E+00   -0.25290908E-04   -0.25021674E-03    0.00000000E+00   -0.17301572E+03    0.18365137E+03    0.78161943E-03    0.12577742E-03   -0.43921502E-03
  0.2000   -0.64572308E+04   -0.16493480E+05    0.62681148E+04   -0.21005293E+00   -0.27747857E-03   -0.19560959E-01    0.20219825E+02   -0.35773307E+03    0.93366575E+02   -0.16959723E+00    0.11887329E-03   -0.16836339E-03    0.00000000E+00    0.16390514E+05    0.21494852E+03    0.37683501E+00    0.20183983E-03   -0.45943643E-03    0.00000000E+00   -0.93980480E+02   -0.22279362E+03    0.19014714E-03   -0.33232985E-03    0.35308138E-03
  0.2100   -0.58884076E+04   -0.14836692E+05    0.57662340E+04   -0.19431324E+00   -0.14563876E-03   -0.17885112E-01    0.22988721E+01   -0.17138496E+03   -0.20697344E+03   -0.15420873E+00   -0.26353957E-03    0.37320181E-03    0.00000000E+00    0.14758621E+05    0.12550994E+03    0.37277672E+00    0.80047983E-04   -0.30607582E-03    0.00000000E+00    0.20641527E+03   -0.24146305E+02    0.33549288E-03   -0.92170564E-04   -0.17885902E-04
  0.2200   -0.53440718E+04   -0.13617591E+05    0.53562413E+04   -0.18062993E+00    0.24775044E-05   -0.16475678E-01   -0.18791945E+02    0.37649610E+02    0.42781936E+02   -0.14020782E+00    0.54483375E-04   -0.77132689E-04    0.00000000E+00    0.13535372E+05    0.25479662E+02    0.36887634E+00   -0.59502484E-04   -0.13788914E-03    0.00000000E+00   -0.43289395E+02    0.20697452E+03    0.53528008E-03    0.18377963E-03   -0.45296508E-03
  0.2300   -0.48795246E+04   -0.12508589E+05    0.47759061E+04   -0.16899156E+00   -0.16645655E-03   -0.14859246E-01    0.96065101E+01   -0.20159274E+03    0.15297907E+03   -0.12813316E+00    0.19481427E-03   -0.27581667E-03    0.00000000E+00    0.12427763E+05    0.13713963E+03    0.36545943E+00    0.11651478E-03   -0.30538709E-03    0.00000000E+00   -0.15344281E+03   -0.10567567E+03    0.10618980E-03   -0.17111676E-03    0.15398810E-03
  0.2400   -0.45099159E+04   -0.11372966E+05    0.43792182E+04   -0.15861914E+00   -0.16353803E-03   -0.13635941E-01    0.10834278E+02   -0.19788927E+03   -0.13223482E+03   -0.11803242E+00   -0.16840594E-03    0.23840656E-03    0.00000000E+00    0.11312417E+05    0.13404914E+03    0.36201444E+00    0.11937312E-03   -0.29302103E-03    0.00000000E+00    0.13180766E+03   -0.11794849E+03    0.42505696E-04   -0.17947535E-03    0.18338612E-03
  0.2500   -0.41508300E+04   -0.10510533E+05    0.41556738E+04   -0.14929015E+00    0.87629864E-05   -0.12775919E-01   -0.14870302E+02    0.45088722E+02   -0.55208097E+02   -0.10869188E+00   -0.70305839E-04    0.99538565E-04    0.00000000E+00    0.10451426E+05    0.18076608E+02    0.35853317E+00   -0.47894397E-04   -0.10350600E-03    0.00000000E+00    0.54814769E+02    0.16462970E+03    0.33528329E-03    0.15264303E-03   -0.35383039E-03
  0.2600   -0.38184105E+04   -0.98041380E+04    0.37791158E+04   -0.14125803E+00   -0.77291508E-04   -0.11703515E-01   -0.21606469E+00   -0.77209839E+02    0.15016322E+03   -0.10023038E+00    0.19120344E-03   -0.27076471E-03    0.00000000E+00    0.97392332E+04    0.74664661E+02    0.35544187E+00    0.42519380E-04   -0.18718198E-03    0.00000000E+00   -0.15052590E+03    0.28228103E+01    0.10985699E-03   -0.30409765E-04   -0.39093971E-04
  0.2700   -0.35598449E+04   -0.90145258E+04    0.34398684E+04   -0.13410480E+00   -0.15888103E-03   -0.10741430E-01    0.13674835E+02   -0.19310712E+03   -0.43977654E+02   -0.93181500E-01   -0.56001534E-04    0.79293087E-04    0.00000000E+00    0.89632459E+04    0.12821917E+03    0.35246313E+00    0.12767005E-03   -0.26678855E-03    0.00000000E+00    0.43640493E+02   -0.14921526E+03   -0.98242801E-04   -0.20276925E-03    0.25628255E-03
  0.2800   -0.33175363E+04   -0.83545071E+04    0.32976182E+04   -0.12748188E+00   -0.15572273E-04   -0.10160497E-01   -0.79183294E+01    0.88389717E+01   -0.10801107E+03   -0.86731577E-01   -0.13753730E-03    0.19475230E-03    0.00000000E+00    0.83099929E+04    0.31751894E+02    0.34936412E+00   -0.12504183E-04   -0.11018698E-03    0.00000000E+00    0.10769726E+03    0.88598542E+02    0.15867488E-03    0.75702749E-04   -0.19686536E-03
  0.2900   -0.30726163E+04   -0.78768776E+04    0.30731795E+04   -0.12166319E+00   -0.16316345E-04   -0.94707691E-02   -0.70596879E+01    0.71123353E+01    0.10552978E+03   -0.80585227E-01    0.13437564E-03   -0.19028042E-03    0.00000000E+00    0.78247772E+04    0.31551829E+02    0.34651415E+00   -0.89491145E-05   -0.10601643E-03    0.00000000E+00   -0.10582134E+03    0.78557287E+02    0.12621125E-03    0.66766897E-04   -0.17490989E-03
  0.3000   -0.28783167E+04   -0.73330122E+04    0.27847675E+04   -0.11653314E+00   -0.13223265E-03   -0.86994032E-02    0.11861114E+02   -0.15737313E+03    0.31560811E+02   -0.75389518E-01    0.40186241E-04   -0.56908704E-04    0.00000000E+00    0.72873104E+04    0.10821771E+03    0.34387679E+00    0.10932549E-03   -0.22359982E-03    0.00000000E+00   -0.31833550E+02   -0.12926997E+03   -0.13643175E-03   -0.17141529E-03    0.22627604E-03
  0.3100   -0.27105666E+04   -0.68067553E+04    0.26642484E+04   -0.11169863E+00   -0.48835986E-04   -0.82452365E-02   -0.59000393E+00   -0.40073667E+02   -0.11554190E+03   -0.70792486E-01   -0.14713051E-03    0.20832722E-03    0.00000000E+00    0.67709146E+04    0.51855360E+02    0.34112508E+00    0.27951296E-04   -0.13157861E-03    0.00000000E+00    0.11528580E+03    0.81868224E+01    0.11118504E-04   -0.10245379E-04   -0.35431647E-04
  0.3200   -0.25290808E+04   -0.64530226E+04    0.25455668E+04   -0.10732227E+00    0.14472777E-04   -0.78168111E-02   -0.10014133E+02    0.48766745E+02    0.42580323E+02   -0.66240763E-01    0.54212112E-04   -0.76783701E-04    0.00000000E+00    0.64115212E+04    0.90151367E+01    0.33847782E+00   -0.33469245E-04   -0.61203773E-04    0.00000000E+00   -0.42819939E+02    0.11145597E+03    0.12045473E-03    0.11111590E-03   -0.23177173E-03
  0.3300   -0.23745585E+04   -0.60850480E+04    0.23152052E+04   -0.10350450E+00   -0.91788154E-04   -0.72143783E-02    0.71608298E+01   -0.10204320E+03    0.78336947E+02   -0.62237194E-01    0.99745263E-04   -0.14125367E-03    0.00000000E+00    0.60437153E+04    0.79368922E+02    0.33608239E+00    0.74425891E-04   -0.16974784E-03    0.00000000E+00   -0.78562063E+02   -0.77511090E+02   -0.11340092E-03   -0.10600541E-03    0.13245281E-03
  0.3400   -0.22533815E+04   -0.56644408E+04    0.21892631E+04   -0.99902698E-01   -0.75653256E-04   -0.68107900E-02    0.51003687E+01   -0.79791301E+02   -0.87983834E+02   -0.58840024E-01   -0.11202185E-03    0.15865515E-03    0.00000000E+00    0.56332478E+04    0.68014402E+02    0.33363596E+00    0.59662947E-04   -0.14957929E-03    0.00000000E+00    0.87771016E+02   -0.54351527E+02   -0.95166801E-04   -0.77761556E-04    0.89447661E-04
  0.3600   -0.19934213E+04   -0.51261931E+04    0.19672067E+04   -0.93579228E-01   -0.48484016E-04   -0.61004776E-02    0.15619947E+01   -0.42555031E+02    0.91206891E+02   -0.52263156E-01    0.11615549E-03   -0.16443705E-03    0.00000000E+00    0.50892132E+04    0.48907443E+02    0.32895462E+00    0.34963983E-04   -0.11549684E-03    0.00000000E+00   -0.91395904E+02   -0.15805188E+02   -0.64419250E-04   -0.30753466E-04    0.17870249E-04
  0.3700   -0.19000585E+04   -0.47993370E+04    0.18314088E+04   -0.90846662E-01   -0.87457957E-04   -0.57216773E-02    0.80344223E+01   -0.98166308E+02   -0.41373323E+02   -0.49642118E-01   -0.52662481E-04    0.74620070E-04    0.00000000E+00    0.47703544E+04    0.74432980E+02    0.32676306E+00    0.74916330E-04   -0.15407228E-03    0.00000000E+00    0.41193803E+02   -0.86636756E+02   -0.15391473E-03   -0.11174684E-03    0.15478596E-03
  0.3800   -0.18034832E+04   -0.45425690E+04    0.18011329E+04   -0.88197075E-01    0.38818627E-05   -0.55371955E-02   -0.60099453E+01    0.30425332E+02   -0.58482543E+02   -0.47088656E-01   -0.74463549E-04    0.10545449E-03    0.00000000E+00    0.45157472E+04    0.13018045E+02    0.32449787E+00   -0.15519090E-04   -0.55568325E-04    0.00000000E+00    0.58312263E+02    0.67924575E+02    0.23873542E-04    0.68114894E-04   -0.14085099E-03
  0.3900   -0.16993000E+04   -0.43686165E+04    0.16980210E+04   -0.85851437E-01   -0.12414972E-04   -0.52362749E-02   -0.31998750E+01    0.68661276E+01    0.74607259E+02   -0.44535608E-01    0.95024702E-04   -0.13450006E-03    0.00000000E+00    0.43363049E+04    0.23497429E+02    0.32239888E+00    0.16356761E-05   -0.70652757E-04    0.00000000E+00   -0.74768296E+02    0.36734871E+02   -0.17372459E-04    0.32825461E-04   -0.80187171E-04
  0.4000   -0.16218645E+04   -0.41265404E+04    0.15616370E+04   -0.83735383E-01   -0.82322313E-04   -0.48866051E-02    0.80402432E+01   -0.92427282E+02    0.72058251E+01   -0.42419351E-01    0.91951940E-05   -0.12973095E-04    0.00000000E+00    0.40986567E+04    0.69747547E+02    0.32040790E+00    0.72264429E-04   -0.14230972E-03    0.00000000E+00   -0.73591951E+01   -0.86722076E+02   -0.16681764E-03   -0.10935115E-03    0.15744413E-03
  0.4100   -0.15519170E+04   -0.38939968E+04    0.15304077E+04   -0.81641935E-01   -0.19422854E-04   -0.47276305E-02   -0.15960831E+01   -0.39822408E+01   -0.73923973E+02   -0.40480276E-01   -0.94135377E-04    0.13328730E-03    0.00000000E+00    0.38711952E+04    0.27368696E+02    0.31833238E+00    0.10019779E-04   -0.74178376E-04    0.00000000E+00    0.73777621E+02    0.19483896E+02   -0.44447092E-04    0.14264389E-04   -0.45676649E-04
  0.4200   -0.14680006E+04   -0.37581319E+04    0.14795413E+04   -0.79726192E-01    0.97680231E-05   -0.45419523E-02   -0.59865056E+01    0.36804024E+02    0.39523774E+02   -0.38432600E-01    0.50324324E-04   -0.71268200E-04    0.00000000E+00    0.37305993E+04    0.75392737E+01    0.31633965E+00   -0.18535621E-04   -0.41729745E-04    0.00000000E+00   -0.39662716E+02    0.67557470E+02    0.96627277E-05    0.70525093E-04   -0.13731142E-03
  0.4300   -0.13999608E+04   -0.35886078E+04    0.13571333E+04   -0.78045204E-01   -0.63640469E-04   -0.42387797E-02    0.57377581E+01   -0.67406245E+02    0.43837684E+02   -0.36657711E-01    0.55830851E-04   -0.79033158E-04    0.00000000E+00    0.35617028E+04    0.56193480E+02    0.31449782E+00    0.55431257E-04   -0.11744462E-03    0.00000000E+00   -0.43970204E+02   -0.61393791E+02   -0.14507443E-03   -0.78230647E-04    0.11064367E-03
  0.4400   -0.13477709E+04   -0.33826857E+04    0.13104892E+04   -0.76385335E-01   -0.41600760E-04   -0.40732424E-02    0.24720470E+01   -0.36660414E+02   -0.64569469E+02   -0.35148546E-01   -0.82207995E-04    0.11643611E-03    0.00000000E+00    0.33620185E+04    0.41130329E+02    0.31260262E+00    0.33862271E-04   -0.92672722E-04    0.00000000E+00    0.64442411E+02   -0.25225024E+02   -0.10413866E-03   -0.35840042E-04    0.41763233E-04
  0.4500   -0.12824887E+04   -0.32606002E+04    0.12945114E+04   -0.74797192E-01    0.15978854E-04   -0.39665080E-02   -0.64128736E+01    0.44306692E+02   -0.46232247E+00   -0.33524062E-01   -0.59054771E-06    0.83175968E-06    0.00000000E+00    0.32375028E+04    0.23883517E+01    0.31071340E+00   -0.23234790E-04   -0.30582411E-04    0.00000000E+00    0.34114784E+00    0.72399332E+02    0.94138214E-05    0.77618608E-04   -0.14511360E-03
  0.4600   -0.12212736E+04   -0.31468698E+04    0.11990060E+04   -0.73421836E-01   -0.38131560E-04   -0.37268016E-02    0.22329334E+01   -0.32588692E+02    0.60566098E+02   -0.32003018E-01    0.77116728E-04   -0.10921124E-03    0.00000000E+00    0.31214134E+04    0.38212076E+02    0.30897844E+00    0.31308246E-04   -0.86248916E-04    0.00000000E+00   -0.60681773E+02   -0.22805303E+02   -0.10447263E-03   -0.32195782E-04    0.37963368E-04
  0.4700   -0.11794876E+04   -0.29741759E+04    0.11344176E+04   -0.72099369E-01   -0.55455905E-04   -0.35454236E-02    0.51130131E+01   -0.57458056E+02   -0.37849310E+02   -0.30780077E-01   -0.48192468E-04    0.68248668E-04    0.00000000E+00    0.29543016E+04    0.49472974E+02    0.30724448E+00    0.49001265E-04   -0.10319938E-03    0.00000000E+00    0.37738065E+02   -0.54277522E+02   -0.14270542E-03   -0.68232450E-04    0.98749095E-04
  0.4800   -0.11305929E+04   -0.28534006E+04    0.11336871E+04   -0.70776954E-01    0.85360475E-05   -0.34791845E-02   -0.48022761E+01    0.32616348E+02   -0.33068668E+02   -0.29506643E-01   -0.42107985E-04    0.59625793E-04    0.00000000E+00    0.28339328E+04    0.64815639E+01    0.30546447E+00   -0.14632808E-04   -0.34572951E-04    0.00000000E+00    0.32962027E+02    0.54797902E+02   -0.14676167E-04    0.58404175E-04   -0.11017829E-03
  0.4900   -0.10761444E+04   -0.27760440E+04    0.10718351E+04   -0.69618522E-01   -0.13347443E-04   -0.33107840E-02   -0.12520073E+01    0.13240724E+01    0.56314271E+02   -0.28200117E-01    0.71703571E-04   -0.10154391E-03    0.00000000E+00    0.27526904E+04    0.20826094E+02    0.30380768E+00    0.75885750E-05   -0.56481658E-04    0.00000000E+00   -0.56416180E+02    0.15595263E+02   -0.61847746E-04    0.13334196E-04   -0.34643698E-04
  0.5000   -0.10394135E+04   -0.26416853E+04    0.99594988E+03   -0.68553236E-01   -0.57647780E-04   -0.31216279E-02    0.58325808E+01   -0.61644197E+02   -0.45469030E+01   -0.27159464E-01   -0.57852368E-05    0.82030381E-05    0.00000000E+00    0.26219192E+04    0.50132486E+02    0.30220777E+00    0.52178670E-04   -0.10205092E-03    0.00000000E+00    0.44487567E+01   -0.62209257E+02   -0.15429189E-03   -0.76426306E-04    0.11495675E-03
  0.5500   -0.85795583E+03   -0.21902247E+04    0.86759899E+03   -0.63810203E-01    0.12014274E-04   -0.26571021E-02   -0.46149668E+01    0.35219909E+02    0.80702545E+01   -0.22430122E-01    0.10260359E-04   -0.14567295E-04    0.00000000E+00    0.21722170E+04    0.24868736E+01    0.29437760E+00   -0.16270823E-04   -0.23921541E-04    0.00000000E+00   -0.81512874E+01    0.52756251E+02   -0.19620927E-04    0.57846565E-04   -0.10445488E-03
  0.6000   -0.72271068E+03   -0.18346864E+04    0.68949680E+03   -0.60316596E-01   -0.42844073E-04   -0.21640397E-02    0.43746355E+01   -0.43685242E+02   -0.10749876E+02   -0.18869872E-01   -0.13700589E-04    0.19370760E-04    0.00000000E+00    0.18194528E+04    0.38138460E+02    0.28735396E+00    0.39414035E-04   -0.77916654E-04    0.00000000E+00    0.10681725E+02   -0.46052775E+02   -0.13559567E-03   -0.55715097E-04    0.85963508E-04
  0.6500   -0.61364669E+03   -0.15740346E+04    0.62089068E+03   -0.57505797E-01    0.83235705E-05   -0.19018094E-02   -0.33740956E+01    0.27450772E+02    0.12641908E+02   -0.16049793E-01    0.16087410E-04   -0.22804662E-04    0.00000000E+00    0.15591219E+04    0.31743215E+01    0.28079320E+00   -0.11147441E-04   -0.20913051E-04    0.00000000E+00   -0.12699856E+02    0.39187658E+02   -0.33107199E-04    0.43561167E-04   -0.76997315E-04
  0.7000   -0.53159978E+03   -0.13479108E+04    0.50543097E+03   -0.55362803E-01   -0.32863111E-04   -0.15877912E-02    0.33273247E+01   -0.31792828E+02   -0.14068023E+02   -0.13870957E-01   -0.17925326E-04    0.25354105E-04    0.00000000E+00    0.13355363E+04    0.29963024E+02    0.27481347E+00    0.30476373E-04   -0.61703077E-04    0.00000000E+00    0.14017955E+02   -0.34463233E+02   -0.11783887E-03   -0.41273181E-04    0.64750892E-04
  0.7500   -0.46034633E+03   -0.11869222E+04    0.46542129E+03   -0.53564955E-01    0.51455809E-05   -0.14266951E-02   -0.24569606E+01    0.21026737E+02    0.15028215E+02   -0.12047321E-01    0.19134078E-04   -0.27099327E-04    0.00000000E+00    0.11741111E+04    0.39884436E+01    0.26917272E+00   -0.71974030E-05   -0.19467611E-04    0.00000000E+00   -0.15071688E+02    0.29152238E+02   -0.40231880E-04    0.32689186E-04   -0.56995927E-04
  0.8000   -0.40746687E+03   -0.10319345E+04    0.38651728E+03   -0.52160169E-01   -0.25613845E-04   -0.12147111E-02    0.25324155E+01   -0.23250622E+02   -0.15706818E+02   -0.10625677E-01   -0.19986341E-04    0.28334742E-04    0.00000000E+00    0.10215114E+04    0.23987285E+02    0.26396790E+00    0.23816615E-04   -0.49978831E-04    0.00000000E+00    0.15668488E+02   -0.25675977E+02   -0.10246396E-03   -0.30533665E-04    0.48456940E-04
  0.8500   -0.35791932E+03   -0.92776101E+03    0.36108409E+03   -0.50944627E-01    0.24609827E-05   -0.11083926E-02   -0.17478216E+01    0.15717255E+02    0.16087270E+02   -0.93730889E-02    0.20499438E-04   -0.28992085E-04    0.00000000E+00    0.91648876E+03    0.47830044E+01    0.25902438E+00   -0.40557591E-05   -0.18770386E-04    0.00000000E+00   -0.16121074E+02    0.21388575E+02   -0.44334931E-04    0.24145187E-04   -0.41655482E-04
  0.9000   -0.32228933E+03   -0.81534482E+03    0.30540231E+03   -0.49976210E-01   -0.20081276E-04   -0.95963319E-03    0.19069071E+01   -0.16780656E+02   -0.16286288E+02   -0.84001108E-02   -0.20732735E-04    0.29371056E-04    0.00000000E+00    0.80632688E+03    0.19410875E+02    0.25441737E+00    0.18639837E-04   -0.41076558E-04    0.00000000E+00    0.16256004E+02   -0.18766773E+02   -0.89318068E-04   -0.22181422E-04    0.35553430E-04
  0.9500   -0.28614293E+03   -0.74564862E+03    0.28763870E+03   -0.49119526E-01    0.19763460E-06   -0.88470559E-03   -0.11832365E+01    0.11306630E+02    0.16283644E+02   -0.74987765E-02    0.20727479E-04   -0.29368177E-04    0.00000000E+00    0.73556588E+03    0.55059514E+01    0.25002065E+00   -0.15082258E-05   -0.18446956E-04    0.00000000E+00   -0.16310671E+02    0.15204922E+02   -0.46849991E-04    0.17275927E-04   -0.29501104E-04
  1.0000   -0.26130086E+03   -0.66050938E+03    0.24768142E+03   -0.48424953E-01   -0.15722791E-04   -0.77769985E-03    0.14033654E+01   -0.11710351E+02   -0.16159106E+02   -0.68074913E-02   -0.20581720E-04    0.29130803E-04    0.00000000E+00    0.65254259E+03    0.15794161E+02    0.24588888E+00    0.14509500E-04   -0.34080289E-04    0.00000000E+00    0.16134578E+02   -0.13208072E+02   -0.78199305E-04   -0.15531388E-04    0.25102454E-04
  1.1000   -0.21612169E+03   -0.54606363E+03    0.20518651E+03   -0.47287253E-01   -0.12215944E-04   -0.64345997E-03    0.99279231E+00   -0.76543401E+01   -0.15543534E+02   -0.56284133E-02   -0.19793844E-04    0.28024908E-04    0.00000000E+00    0.53890550E+03    0.12875801E+02    0.23818747E+00    0.11163360E-04   -0.28448271E-04    0.00000000E+00    0.15523262E+02   -0.86776754E+01   -0.68663597E-04   -0.10126385E-04    0.16569963E-04
  1.2000   -0.18170995E+03   -0.45914396E+03    0.17300776E+03   -0.46431198E-01   -0.93602617E-05   -0.54160826E-03    0.65642111E+00   -0.43761227E+01   -0.14584951E+02   -0.47310200E-02   -0.18578630E-04    0.26291097E-04    0.00000000E+00    0.45262131E+03    0.10490403E+02    0.23116911E+00    0.84204555E-05   -0.23852642E-04    0.00000000E+00    0.14567921E+02   -0.49672503E+01   -0.60672899E-04   -0.57356599E-05    0.95457883E-05
  1.3000   -0.15488509E+03   -0.39162695E+03    0.14805146E+03   -0.45773605E-01   -0.70292030E-05   -0.46250064E-03    0.38145779E+00   -0.17216242E+01   -0.13386636E+02   -0.40320063E-02   -0.17047462E-04    0.24135723E-04    0.00000000E+00    0.38561218E+03    0.85276218E+01    0.22472442E+00    0.61647841E-05   -0.20069934E-04    0.00000000E+00    0.13372128E+02   -0.19348883E+01   -0.53838509E-04   -0.21486594E-05    0.38039086E-05
  1.4000   -0.13356064E+03   -0.33817600E+03    0.12829118E+03   -0.45259781E-01   -0.51208325E-05   -0.39980098E-03    0.15872862E+00    0.41519969E+00   -0.12026093E+02   -0.34768505E-02   -0.15315552E-04    0.21682003E-04    0.00000000E+00    0.33257284E+03    0.69103037E+01    0.21876838E+00    0.43228802E-05   -0.16936255E-04    0.00000000E+00    0.12013594E+02    0.52108684E+00   -0.48026236E-04    0.75609623E-06   -0.84699624E-06
  1.5000   -0.11632209E+03   -0.29516671E+03    0.11235594E+03   -0.44852722E-01   -0.35860567E-05   -0.34924237E-03   -0.18686934E-01    0.21113878E+01   -0.10564153E+02   -0.30284965E-02   -0.13450212E-04    0.19049772E-04    0.00000000E+00    0.28990124E+03    0.55820938E+01    0.21323350E+00    0.28297116E-05   -0.14343266E-04    0.00000000E+00    0.10553266E+02    0.24773046E+01   -0.43136636E-04    0.30581919E-05   -0.45630874E-05
  1.6000   -0.10218321E+03   -0.26006656E+03    0.99292557E+02   -0.44526500E-01   -0.23566412E-05   -0.30782425E-03   -0.15628098E+00    0.34259569E+01   -0.90501717E+01   -0.26611359E-02   -0.11517878E-04    0.16324433E-04    0.00000000E+00    0.25508135E+03    0.45000661E+01    0.20806545E+00    0.16376209E-05   -0.12206563E-04    0.00000000E+00    0.90406151E+01    0.39945320E+01   -0.39037413E-04    0.48446896E-05   -0.74442487E-05
  2.0000   -0.65060762E+02   -0.16894491E+03    0.64664423E+02   -0.43726382E-01    0.16320254E-06   -0.19877302E-03   -0.39224279E+00    0.57242542E+01   -0.32022993E+01   -0.16988335E-02   -0.40700864E-05    0.57815956E-05    0.00000000E+00    0.16471777E+03    0.20326763E+01    0.19027686E+00   -0.79717045E-06   -0.70505773E-05    0.00000000E+00    0.31962091E+01    0.65993073E+01   -0.28723784E-04    0.79330384E-05   -0.12369335E-04
  2.5000   -0.41178579E+02   -0.11095282E+03    0.41131983E+02   -0.43303109E-01   -0.84636923E-07   -0.12662472E-03   -0.22931623E+00    0.43481043E+01    0.19332607E+01   -0.10811933E-02    0.24620886E-05   -0.34854723E-05    0.00000000E+00    0.10729322E+03    0.15811216E+01    0.17263626E+00   -0.49302546E-06   -0.53572515E-05    0.00000000E+00   -0.19371262E+01    0.48130178E+01   -0.24734981E-04    0.59041109E-05   -0.89028501E-05
  3.0000   -0.28323495E+02   -0.78830605E+02    0.27193664E+02   -0.43151470E-01   -0.17931222E-05   -0.85452802E-04    0.11886179E+00    0.12550520E+01    0.36537712E+01   -0.74705351E-03    0.46557787E-05   -0.65848297E-05    0.00000000E+00    0.75628133E+02    0.23116118E+01    0.15835778E+00    0.12423347E-05   -0.58692007E-05    0.00000000E+00   -0.36564355E+01    0.98679376E+00   -0.25032125E-04    0.14850922E-05   -0.15507197E-05
  4.0000   -0.16055554E+02   -0.44545761E+02    0.13354016E+02   -0.43155362E-01   -0.34920913E-05   -0.44574923E-04    0.48440525E+00   -0.20018844E+01    0.38983271E+00   -0.42132861E-03    0.49402354E-06   -0.70527344E-06    0.00000000E+00    0.42179813E+02    0.29453892E+01    0.13613572E+00    0.29758023E-05   -0.60855113E-05    0.00000000E+00   -0.39132928E+00   -0.30297162E+01   -0.24286060E-04   -0.31547562E-05    0.61659844E-05
  5.0000   -0.10455417E+02   -0.28238046E+02    0.89984359E+01   -0.43302028E-01   -0.15514056E-05   -0.29234555E-04    0.23791121E+00    0.22756093E+00   -0.17867372E+01   -0.27140669E-03   -0.22734595E-05    0.32233305E-05    0.00000000E+00    0.26382638E+02    0.13577457E+01    0.11922392E+00    0.10561253E-05   -0.31208981E-05    0.00000000E+00    0.17857798E+01   -0.31714616E+00   -0.17584544E-04   -0.11642278E-08    0.97451694E-06
  6.0000   -0.71013370E+01   -0.20647342E+02    0.66758068E+01   -0.43490767E-01   -0.45211446E-06   -0.20989834E-04    0.10352280E+00    0.14404458E+01    0.21280487E+00   -0.18587614E-03    0.27002473E-06   -0.38465671E-06    0.00000000E+00    0.18958994E+02    0.43377868E+00    0.10567379E+00   -0.29048003E-07   -0.13635421E-05    0.00000000E+00   -0.21346032E+00    0.11601866E+01   -0.13487079E-04    0.17066358E-05   -0.18626087E-05
  7.0000   -0.51216401E+01   -0.15852832E+02    0.41196959E+01   -0.43687745E-01   -0.13466101E-05   -0.14020608E-04    0.27100746E+00   -0.66410789E-01    0.10266329E+01   -0.13480786E-03    0.13064586E-05   -0.18519160E-05    0.00000000E+00    0.14314247E+02    0.89837586E+00    0.94444303E-01    0.87583730E-06   -0.18879623E-05    0.00000000E+00   -0.10271057E+01   -0.68364640E+00   -0.13916472E-04   -0.42718527E-06    0.16760119E-05
  8.0000   -0.40345334E+01   -0.11876292E+02    0.27784644E+01   -0.43876329E-01   -0.15047144E-05   -0.10052494E-04    0.31619321E+00   -0.47397415E+00   -0.40147096E+00   -0.10419648E-03   -0.50809178E-06    0.72700959E-06    0.00000000E+00    0.10551903E+02    0.90858560E+00    0.84910452E-01    0.10458515E-05   -0.17493577E-05    0.00000000E+00    0.40110639E+00   -0.11824803E+01   -0.13170755E-04   -0.10110030E-05    0.26268268E-05
  9.0000   -0.32124893E+01   -0.94588764E+01    0.25993749E+01   -0.44050213E-01   -0.62300072E-06   -0.86198219E-05    0.19356431E+00    0.62768890E+00   -0.59978772E+00   -0.82198615E-04   -0.75812742E-06    0.10870836E-05    0.00000000E+00    0.82554856E+01    0.24898434E+00    0.76670410E-01    0.17476712E-06   -0.59121830E-06    0.00000000E+00    0.59950295E+00    0.16402532E+00   -0.10481230E-04    0.55170298E-06    0.47088917E-07
 10.0000   -0.25063497E+01   -0.82187989E+01    0.20695152E+01   -0.44208582E-01   -0.53423008E-06   -0.69009697E-05    0.19202659E+00    0.63871897E+00    0.44795909E+00   -0.64961468E-04    0.56785909E-06   -0.81026024E-06    0.00000000E+00    0.70519151E+01    0.13422378E+00    0.69451863E-01    0.93679394E-07   -0.31925202E-06    0.00000000E+00   -0.44818512E+00    0.17798783E+00   -0.95647722E-05    0.56772154E-06    0.20152652E-07
 12.0000   -0.18119860E+01   -0.56190800E+01    0.10704449E+01   -0.44473066E-01   -0.83587748E-06   -0.41290370E-05    0.25796845E+00    0.38164050E-01   -0.43011808E+00   -0.45388630E-04   -0.54839354E-06    0.77483898E-06    0.00000000E+00    0.46296228E+01    0.25783509E+00    0.57346027E-01    0.41301393E-06   -0.38020029E-06    0.00000000E+00    0.42996102E+00   -0.55413801E+00   -0.90265073E-05   -0.27489084E-06    0.14298816E-05
 16.0000   -0.10231844E+01   -0.33939515E+01    0.55018081E+00   -0.44790711E-01   -0.51139326E-06   -0.22039916E-05    0.22914200E+00    0.27814764E+00   -0.31099411E+00   -0.24665304E-04   -0.39841713E-06    0.55833762E-06    0.00000000E+00    0.25661619E+01   -0.44176384E-01    0.39434402E-01    0.11314817E-06    0.24905417E-06    0.00000000E+00    0.31091018E+00   -0.25487148E+00   -0.68726486E-05    0.62528177E-07    0.84662503E-06
 20.0000   -0.64721131E+00   -0.23614894E+01    0.32421331E+00   -0.44848398E-01   -0.34865538E-06   -0.13460782E-05    0.21548765E+00    0.37556625E+00   -0.16018630E+00   -0.14942922E-04   -0.20210086E-06    0.29070270E-06    0.00000000E+00    0.16276178E+01   -0.19303307E+00    0.26782891E-01   -0.28300338E-07    0.56555435E-06    0.00000000E+00    0.16013473E+00   -0.12769639E+00   -0.55644591E-05    0.20166729E-06    0.59451758E-06
 25.0000   -0.38080181E+00   -0.17650057E+01    0.85324263E-01   -0.44598179E-01   -0.37429265E-06   -0.63678763E-06    0.22753131E+00    0.22747369E+00    0.16351765E+00   -0.84574821E-05    0.20854793E-06   -0.29450433E-06    0.00000000E+00    0.10971885E+01   -0.19509637E+00    0.15480534E-01    0.21333238E-07    0.62153553E-06    0.00000000E+00   -0.16354640E+00   -0.29595106E+00   -0.47582010E-05   -0.34521896E-08    0.90702351E-06
 30.0000   -0.27532412E+00   -0.12374401E+01   -0.35106651E-01   -0.44035449E-01   -0.37957283E-06   -0.27156932E-06    0.23161744E+00    0.14270104E+00   -0.88890141E-01   -0.54895106E-05   -0.11277992E-06    0.16068528E-06    0.00000000E+00    0.63812680E+00   -0.19422028E+00    0.74467743E-02    0.47020415E-07    0.64452747E-06    0.00000000E+00    0.88871985E-01   -0.38410690E+00   -0.41424517E-05   -0.11394785E-06    0.10677340E-05
 40.0000   -0.12203617E+00   -0.84913935E+00   -0.83187787E-01   -0.42131852E-01   -0.29110246E-06   -0.35180213E-07    0.21673199E+00    0.15739667E+00    0.59331647E-01   -0.20247943E-05    0.74984713E-07   -0.10754554E-06    0.00000000E+00    0.31497749E+00   -0.23104262E+00   -0.25603877E-02   -0.11968666E-08    0.70959192E-06    0.00000000E+00   -0.59338844E-01   -0.32771990E+00   -0.30916868E-05   -0.76422307E-07    0.93178833E-06
 50.0000   -0.50970905E-01   -0.60791889E+00   -0.50707489E-01   -0.39402474E-01   -0.17984755E-06   -0.23848995E-07    0.19169094E+00    0.23567136E+00    0.43986583E-01   -0.53019463E-06    0.53475969E-07   -0.81846120E-07    0.00000000E+00    0.12175226E+00   -0.26574527E+00   -0.76169589E-02   -0.76364777E-07    0.74118464E-06    0.00000000E+00   -0.43988434E-01   -0.18465205E+00   -0.22528502E-05    0.55506006E-07    0.62357700E-06
 60.0000   -0.13591491E-01   -0.43057515E+00   -0.56027236E-01   -0.36054889E-01   -0.15148894E-06    0.20875499E-07    0.17555021E+00    0.21051484E+00   -0.34958947E-01    0.20301148E-06   -0.43051706E-07    0.64497402E-07    0.00000000E+00   -0.15850009E-01   -0.23535654E+00   -0.96779757E-02   -0.70703235E-07    0.65335706E-06    0.00000000E+00    0.34959786E-01   -0.16048303E+00   -0.17111606E-05    0.45884883E-07    0.53960131E-06
 70.0000    0.17674423E-01   -0.33518423E+00   -0.81361750E-01   -0.32265763E-01   -0.16338430E-06    0.86920247E-07    0.16311582E+00    0.13385851E+00   -0.29255777E-01    0.68483870E-06   -0.37473473E-07    0.52530172E-07    0.00000000E+00   -0.80839514E-01   -0.17134264E+00   -0.98028867E-02   -0.24244649E-07    0.50288072E-06    0.00000000E+00    0.29258517E-01   -0.19341271E+00   -0.13328250E-05   -0.36252131E-07    0.55877048E-06
 80.0000    0.44381982E-01   -0.28706656E+00   -0.71777582E-01   -0.28194412E-01   -0.13635051E-06    0.84468924E-07    0.14264288E+00    0.11714080E+00    0.25507257E-01    0.10402248E-05    0.32603477E-07   -0.45868073E-07    0.00000000E+00   -0.10271803E+00   -0.13014068E+00   -0.86472386E-02   -0.17953222E-07    0.38241680E-06    0.00000000E+00   -0.25503270E-01   -0.14908662E+00   -0.92216825E-06   -0.32147871E-07    0.42650817E-06
 90.0000    0.58270179E-01   -0.23129386E+00   -0.39908054E-01   -0.23989415E-01   -0.83200666E-07    0.39574072E-07    0.11706448E+00    0.14007222E+00    0.23014604E-01    0.11949283E-05    0.29629411E-07   -0.41173642E-07    0.00000000E+00   -0.12909450E+00   -0.10469683E+00   -0.66594749E-02   -0.39022390E-07    0.28307115E-06    0.00000000E+00   -0.23010326E-01   -0.54270162E-01   -0.47554106E-06    0.32105706E-07    0.19906461E-06
100.0000    0.62141956E-01   -0.16900242E+00   -0.31644956E-01   -0.19791166E-01   -0.64480115E-07    0.32873697E-07    0.96497752E-01    0.11789924E+00   -0.21397176E-01    0.11976432E-05   -0.27122286E-07    0.38704843E-07    0.00000000E+00   -0.15837961E+00   -0.56914712E-01   -0.41709815E-02   -0.26935844E-07    0.14815886E-06    0.00000000E+00    0.21401222E-01   -0.14581496E-01   -0.15242048E-06    0.29126668E-07    0.73985766E-07
110.0000    0.65525331E-01   -0.13403802E+00   -0.42808331E-01   -0.15732082E-01   -0.73169517E-07    0.58527751E-07    0.80588763E-01    0.60102239E-01   -0.20484637E-01    0.11885086E-05   -0.25993353E-07    0.37026405E-07    0.00000000E+00   -0.16037274E+00    0.71270369E-02   -0.14408873E-02    0.11070945E-07   -0.10854957E-07    0.00000000E+00    0.20489074E-01   -0.20462159E-01    0.86611941E-07   -0.27101805E-07    0.35848802E-07
120.0000    0.68483440E-01   -0.12194205E+00   -0.34555697E-01   -0.11935658E-01   -0.58375170E-07    0.47933362E-07    0.61701257E-01    0.41516055E-01    0.20188547E-01    0.11766276E-05    0.26349576E-07   -0.35759279E-07    0.00000000E+00   -0.13889662E+00    0.50699110E-01    0.13207189E-02    0.21299196E-07   -0.13467358E-06    0.00000000E+00   -0.20184429E-01    0.17583926E-01    0.36834080E-06   -0.25900542E-07   -0.79996438E-07
130.0000    0.63566440E-01   -0.97209708E-01   -0.79852565E-02   -0.85148247E-02   -0.18671101E-07    0.58950619E-08    0.40587865E-01    0.61097379E-01    0.20511344E-01    0.10577152E-05    0.26183273E-07   -0.36918648E-07    0.00000000E+00   -0.12536669E+00    0.73072656E-01    0.39406718E-02    0.45820247E-08   -0.22022163E-06    0.00000000E+00   -0.20507963E-01    0.96436615E-01    0.66368462E-06    0.26986621E-07   -0.26969485E-06
140.0000    0.51130554E-01   -0.57873508E-01   -0.12917687E-02   -0.55699380E-02   -0.71316282E-08   -0.31575792E-08    0.25766834E-01    0.47361346E-01   -0.21591816E-01    0.84628604E-06   -0.27454988E-07    0.38970940E-07    0.00000000E+00   -0.12177931E+00    0.10694570E+00    0.62763016E-02    0.12826934E-07   -0.31618512E-06    0.00000000E+00    0.21594817E-01    0.12705477E+00    0.85927647E-06    0.25589089E-07   -0.36528732E-06
150.0000    0.39998445E-01   -0.38049522E-01   -0.17899477E-01   -0.31865316E-02   -0.26251454E-07    0.28815214E-07    0.18373768E-01   -0.54443289E-02   -0.23817237E-01    0.65124271E-06   -0.30177003E-07    0.43095302E-07    0.00000000E+00   -0.98439603E-01    0.15414193E+00    0.82122128E-02    0.48435386E-07   -0.42577302E-06    0.00000000E+00    0.23819404E-01    0.10096990E+00    0.96481039E-06   -0.30634889E-07   -0.34126275E-06
160.0000    0.32240294E-01   -0.43134242E-01   -0.16372829E-01   -0.14333839E-02   -0.22994124E-07    0.27375904E-07    0.10023078E-01   -0.18223270E-01    0.28248088E-01    0.50801211E-06    0.36153878E-07   -0.50749672E-07    0.00000000E+00   -0.51112673E-01    0.17659844E+00    0.96589274E-02    0.56088018E-07   -0.48720649E-06    0.00000000E+00   -0.28246044E-01    0.11368541E+00    0.10821626E-05   -0.35530940E-07   -0.38527730E-06
170.0000    0.18977813E-01   -0.31928934E-01    0.17871807E-01   -0.36089941E-03    0.24715291E-07   -0.30266253E-07   -0.21058729E-02    0.37083264E-01    0.39190002E-01    0.29590734E-06    0.53115683E-07   -0.67450012E-07    0.00000000E+00   -0.16769090E-01    0.16054518E+00    0.10552516E-01    0.16392889E-07   -0.47751474E-06    0.00000000E+00   -0.39188768E-01    0.19863594E+00    0.12342373E-05    0.49820284E-07   -0.56127130E-06
179.9000   -0.45079229E-01    0.19111052E+00    0.15077408E+00    0.18152530E-06    0.21273575E-06   -0.25111167E-06   -0.31336706E-01    0.28526953E+00   -0.45045663E+00   -0.57504939E-06   -0.57710031E-06    0.80870255E-06    0.00000000E+00   -0.16923970E+00    0.46887172E-01    0.10854485E-01   -0.15157168E-06   -0.29581726E-06    0.00000000E+00    0.45045705E+00    0.50742336E+00    0.16901716E-05    0.41229620E-06   -0.11487614E-05
180.0000    0.00000000E+00    0.00000000E+00    0.00000000E+00    0.00000000E+00    0.00000000E+00    0.00000000E+00    0.00000000E+00    0.00000000E+00    0.00000000E+00    0.00000000E+00    0.00000000E+00    0.00000000E+00    0.00000000E+00    0.00000000E+00   -0.96003628E+01   -0.97962885E+03   -0.14790333E-04    0.14744608E-04    0.00000000E+00    0.00000000E+00    0.25476465E+02    0.25996393E+04    0.29593942E-04   -0.48782878E-04
