  0.0000    0.00000000E+00    0.00000000E+00    0.00000000E+00    0.00000000E+00    0.00000000E+00    0.00000000E+00    0.00000000E+00    0.00000000E+00    0.00000000E+00    0.00000000E+00    0.00000000E+00    0.00000000E+00    0.00000000E+00    0.00000000E+00   -0.16158420E+05   -0.42672555E+02   -0.82196026E-01   -0.32485614E-01    0.00000000E+00    0.00000000E+00    0.19348273E+06    0.84023512E+02    0.16421928E+00   -0.43101874E+00
  0.0003   -0.28078291E+02   -0.28081376E+02   -0.91408058E+00   -0.34710574E-03   -0.13333901E-05    0.14787241E-05   -0.23810850E+03   -0.24019985E+03   -0.63995270E+03   -0.27928242E+00   -0.81491347E-03    0.11538627E-02    0.00000000E+00   -0.51239904E+02   -0.16157127E+05   -0.42671862E+02   -0.82193362E-01   -0.32486928E-01    0.00000000E+00    0.63900397E+03    0.19347748E+06    0.84022126E+02    0.16421395E+00   -0.43100792E+00
  0.0004   -0.37437303E+02   -0.37444616E+02   -0.16249993E+01   -0.61706850E-03   -0.23704253E-05    0.26287878E-05   -0.23809240E+03   -0.24181028E+03   -0.85325288E+03   -0.37237186E+00   -0.10865292E-02    0.15384522E-02    0.00000000E+00   -0.68315704E+02   -0.16156121E+05   -0.42671323E+02   -0.82191290E-01   -0.32487950E-01    0.00000000E+00    0.85198793E+03    0.19347340E+06    0.84021047E+02    0.16420981E+00   -0.43099951E+00
  0.0005   -0.46795956E+02   -0.46810239E+02   -0.25389955E+01   -0.96415271E-03   -0.37036974E-05    0.41073702E-05   -0.23807171E+03   -0.24388076E+03   -0.10665382E+04   -0.46545727E+00   -0.13581259E-02    0.19230149E-02    0.00000000E+00   -0.85387931E+02   -0.16154828E+05   -0.42670630E+02   -0.82188627E-01   -0.32489264E-01    0.00000000E+00    0.10649570E+04    0.19346815E+06    0.84019661E+02    0.16420448E+00   -0.43098869E+00
  0.0006   -0.56154160E+02   -0.56178841E+02   -0.36560374E+01   -0.13883503E-02   -0.53331619E-05    0.59144182E-05   -0.23804643E+03   -0.24641119E+03   -0.12798048E+04   -0.55853764E+00   -0.16296989E-02    0.23075440E-02    0.00000000E+00   -0.10245569E+03   -0.16153248E+05   -0.42669783E+02   -0.82185371E-01   -0.32490870E-01    0.00000000E+00    0.12779075E+04    0.19346173E+06    0.84017967E+02    0.16419797E+00   -0.43097546E+00
  0.0007   -0.65511827E+02   -0.65551017E+02   -0.49760865E+01   -0.18896514E-02   -0.72587650E-05    0.80498670E-05   -0.23801655E+03   -0.24940152E+03   -0.14930492E+04   -0.65161196E+00   -0.19012434E-02    0.26920329E-02    0.00000000E+00   -0.11951810E+03   -0.16151381E+05   -0.42668782E+02   -0.82181524E-01   -0.32492768E-01    0.00000000E+00    0.14908356E+04    0.19345415E+06    0.84015964E+02    0.16419028E+00   -0.43095984E+00
  0.0008   -0.74868865E+02   -0.74927363E+02   -0.64990969E+01   -0.24680443E-02   -0.94804426E-05    0.10513640E-04   -0.23798208E+03   -0.25285162E+03   -0.17062674E+04   -0.74467924E+00   -0.21727548E-02    0.30764747E-02    0.00000000E+00   -0.13657425E+03   -0.16149227E+05   -0.42667627E+02   -0.82177086E-01   -0.32494957E-01    0.00000000E+00    0.17037377E+04    0.19344540E+06    0.84013654E+02    0.16418140E+00   -0.43094180E+00
  0.0009   -0.84225187E+02   -0.84308474E+02   -0.82250159E+01   -0.31235157E-02   -0.11998121E-04    0.13305648E-04   -0.23794302E+03   -0.25676140E+03   -0.19194559E+04   -0.83773845E+00   -0.24442282E-02    0.34608628E-02    0.00000000E+00   -0.15362326E+03   -0.16146785E+05   -0.42666318E+02   -0.82172055E-01   -0.32497438E-01    0.00000000E+00    0.19166101E+04    0.19343549E+06    0.84011036E+02    0.16417133E+00   -0.43092137E+00
  0.0010   -0.93580701E+02   -0.93694944E+02   -0.10153784E+02   -0.38560501E-02   -0.14811717E-04    0.16425791E-04   -0.23789937E+03   -0.26113072E+03   -0.21326108E+04   -0.93078860E+00   -0.27156590E-02    0.38451905E-02    0.00000000E+00   -0.17066423E+03   -0.16144056E+05   -0.42664855E+02   -0.82166434E-01   -0.32500211E-01    0.00000000E+00    0.21294490E+04    0.19342441E+06    0.84008110E+02    0.16416009E+00   -0.43089854E+00
  0.0012   -0.11228895E+03   -0.11248634E+03   -0.14619592E+02   -0.55522385E-02   -0.21326277E-04    0.23650024E-04   -0.23779832E+03   -0.27124739E+03   -0.25588054E+04   -0.11168577E+01   -0.32583736E-02    0.46136379E-02    0.00000000E+00   -0.20471852E+03   -0.16137739E+05   -0.42661468E+02   -0.82153417E-01   -0.32506630E-01    0.00000000E+00    0.25550115E+04    0.19339876E+06    0.84001334E+02    0.16413405E+00   -0.43084566E+00
  0.0014   -0.13099290E+03   -0.13130630E+03   -0.19895904E+02   -0.75564518E-02   -0.29023258E-04    0.32185298E-04   -0.23767895E+03   -0.28320031E+03   -0.29848213E+04   -0.13028784E+01   -0.38008607E-02    0.53817632E-02    0.00000000E+00   -0.23872997E+03   -0.16130274E+05   -0.42657465E+02   -0.82138037E-01   -0.32514215E-01    0.00000000E+00    0.29803955E+04    0.19336845E+06    0.83993328E+02    0.16410329E+00   -0.43078318E+00
  0.0015   -0.14034303E+03   -0.14072848E+03   -0.22837774E+02   -0.86740106E-02   -0.33314843E-04    0.36944201E-04   -0.23761241E+03   -0.28986488E+03   -0.31977530E+04   -0.13958682E+01   -0.40720072E-02    0.57656883E-02    0.00000000E+00   -0.25571741E+03   -0.16126112E+05   -0.42655233E+02   -0.82129461E-01   -0.32518443E-01    0.00000000E+00    0.31930113E+04    0.19335155E+06    0.83988864E+02    0.16408613E+00   -0.43074834E+00
  0.0016   -0.14969183E+03   -0.15015957E+03   -0.25981987E+02   -0.98685034E-02   -0.37901639E-04    0.42030389E-04   -0.23754130E+03   -0.29698790E+03   -0.34106288E+04   -0.14888428E+01   -0.43430826E-02    0.61495128E-02    0.00000000E+00   -0.27269147E+03   -0.16121663E+05   -0.42652848E+02   -0.82120295E-01   -0.32522963E-01    0.00000000E+00    0.34055714E+04    0.19333349E+06    0.83984092E+02    0.16406780E+00   -0.43071111E+00
  0.0017   -0.15903919E+03   -0.15960018E+03   -0.29328435E+02   -0.11139903E-01   -0.42783492E-04    0.47443682E-04   -0.23746563E+03   -0.30456913E+03   -0.36234452E+04   -0.15818013E+01   -0.46140822E-02    0.65332300E-02    0.00000000E+00   -0.28965127E+03   -0.16116929E+05   -0.42650308E+02   -0.82110539E-01   -0.32527773E-01    0.00000000E+00    0.36180720E+04    0.19331426E+06    0.83979012E+02    0.16404828E+00   -0.43067147E+00
  0.0018   -0.16838502E+03   -0.16905090E+03   -0.32877001E+02   -0.12488178E-01   -0.47960242E-04    0.53183883E-04   -0.23738540E+03   -0.31260834E+03   -0.38361984E+04   -0.16747427E+01   -0.48850013E-02    0.69168333E-02    0.00000000E+00   -0.30659592E+03   -0.16111908E+05   -0.42647615E+02   -0.82100192E-01   -0.32532873E-01    0.00000000E+00    0.38305095E+04    0.19329387E+06    0.83973626E+02    0.16402759E+00   -0.43062944E+00
  0.0019   -0.17772925E+03   -0.17851230E+03   -0.36627562E+02   -0.13913300E-01   -0.53431716E-04    0.59250787E-04   -0.23730061E+03   -0.32110525E+03   -0.40488846E+04   -0.17676661E+01   -0.51558353E-02    0.73003159E-02    0.00000000E+00   -0.32352453E+03   -0.16106601E+05   -0.42644769E+02   -0.82089257E-01   -0.32538264E-01    0.00000000E+00    0.40428801E+04    0.19327232E+06    0.83967932E+02    0.16400571E+00   -0.43058502E+00
  0.0020   -0.18707178E+03   -0.18798499E+03   -0.40579990E+02   -0.15415233E-01   -0.59197732E-04    0.65644176E-04   -0.23721128E+03   -0.33005959E+03   -0.42615003E+04   -0.18605703E+01   -0.54265793E-02    0.76836712E-02    0.00000000E+00   -0.34043621E+03   -0.16101008E+05   -0.42641769E+02   -0.82077731E-01   -0.32543944E-01    0.00000000E+00    0.42551802E+04    0.19324961E+06    0.83961931E+02    0.16398266E+00   -0.43053819E+00
  0.0030   -0.28038393E+03   -0.28346196E+03   -0.91173358E+02   -0.34650684E-01   -0.13301089E-03    0.14747849E-03   -0.23606912E+03   -0.44468907E+03   -0.63829604E+04   -0.27883408E+01   -0.81280391E-02    0.11508756E-01    0.00000000E+00   -0.50842770E+03   -0.16029402E+05   -0.42603337E+02   -0.81930139E-01   -0.32616644E-01    0.00000000E+00    0.63734893E+04    0.19295872E+06    0.83885055E+02    0.16368743E+00   -0.42993853E+00
  0.0040   -0.37342850E+03   -0.38071107E+03   -0.16175905E+03   -0.61517748E-01   -0.23600674E-03    0.26163529E-03   -0.23447980E+03   -0.60464249E+03   -0.84933099E+04   -0.37131016E+01   -0.10815351E-01    0.15313808E-01    0.00000000E+00   -0.67375855E+03   -0.15929448E+05   -0.42549626E+02   -0.81724024E-01   -0.32718030E-01    0.00000000E+00    0.84806989E+04    0.19255243E+06    0.83777616E+02    0.16327513E+00   -0.42910090E+00
  0.0050   -0.46611784E+03   -0.48030774E+03   -0.25209352E+03   -0.95954164E-01   -0.36784474E-03    0.40770587E-03   -0.23245296E+03   -0.80939512E+03   -0.10588908E+05   -0.46338624E+01   -0.13483878E-01    0.19092262E-01    0.00000000E+00   -0.83556063E+03   -0.15801442E+05   -0.42480729E+02   -0.81459897E-01   -0.32847708E-01    0.00000000E+00    0.10573171E+05    0.19203169E+06    0.83639802E+02    0.16274680E+00   -0.42802719E+00
  0.0060   -0.55836554E+03   -0.58281439E+03   -0.36186576E+03   -0.13788031E+00   -0.52808998E-03    0.58516836E-03   -0.23000084E+03   -0.10582767E+04   -0.12666166E+05   -0.55496439E+01   -0.16129052E-01    0.22837649E-01    0.00000000E+00   -0.99298173E+03   -0.15645756E+05   -0.42396766E+02   -0.81138411E-01   -0.33005178E-01    0.00000000E+00    0.12647322E+05    0.19139769E+06    0.83471850E+02    0.16210373E+00   -0.42671982E+00
  0.0070   -0.65008681E+03   -0.68877739E+03   -0.49069886E+03   -0.18719954E+00   -0.71621529E-03    0.79339037E-03   -0.22713821E+03   -0.13504749E+04   -0.14721562E+05   -0.64594804E+01   -0.18746387E-01    0.26543616E-01    0.00000000E+00   -0.11451894E+04   -0.15462848E+05   -0.42297883E+02   -0.80760358E-01   -0.33189832E-01    0.00000000E+00    0.14699632E+05    0.19065192E+06    0.83274053E+02    0.16134751E+00   -0.42518171E+00
  0.0080   -0.74119874E+03   -0.79872402E+03   -0.63815190E+03   -0.24379856E+00   -0.93160387E-03    0.10316322E-02   -0.22388225E+03   -0.16850390E+04   -0.16751651E+05   -0.73624226E+01   -0.21331497E-01    0.30203955E-01    0.00000000E+00   -0.12913745E+04   -0.15253249E+05   -0.42184249E+02   -0.80326667E-01   -0.33400959E-01    0.00000000E+00    0.16726660E+05    0.18979609E+06    0.83046749E+02    0.16047999E+00   -0.42341630E+00
  0.0090   -0.83162061E+03   -0.91315963E+03   -0.80372214E+03   -0.30754786E+00   -0.11735523E-02    0.12990507E-02   -0.22025245E+03   -0.20608846E+04   -0.18753080E+05   -0.82575397E+01   -0.23880111E-01    0.33812617E-01    0.00000000E+00   -0.14307550E+04   -0.15017568E+05   -0.42056059E+02   -0.79838398E-01   -0.33637750E-01    0.00000000E+00    0.18725056E+05    0.18883216E+06    0.82790330E+02    0.15950330E+00   -0.42142752E+00
  0.0100   -0.92127410E+03   -0.10325649E+04   -0.98684758E+03   -0.37830231E+00   -0.14412740E-02    0.15947035E-02   -0.21627041E+03   -0.24767991E+04   -0.20722596E+05   -0.91439225E+01   -0.26388088E-01    0.37363737E-01    0.00000000E+00   -0.15625793E+04   -0.14756484E+05   -0.41913532E+02   -0.79296739E-01   -0.33899299E-01    0.00000000E+00    0.20691571E+05    0.18776233E+06    0.82505233E+02    0.15841981E+00   -0.41921976E+00
  0.0120   -0.10979765E+04   -0.12880687E+04   -0.14032364E+04   -0.54017112E+00   -0.20504986E-02    0.22664743E-02   -0.20734570E+03   -0.34233781E+04   -0.24553448E+05   -0.10886967E+02   -0.31266288E-01    0.44270926E-01    0.00000000E+00   -0.18007228E+04   -0.14161172E+05   -0.41586458E+02   -0.78058599E-01   -0.34492602E-01    0.00000000E+00    0.24516528E+05    0.18531493E+06    0.81850983E+02    0.15594315E+00   -0.41416713E+00
  0.0140   -0.12707375E+04   -0.15684945E+04   -0.18817490E+04   -0.72795356E+00   -0.27514766E-02    0.30376116E-02   -0.19731707E+03   -0.45127440E+04   -0.28220618E+05   -0.12584792E+02   -0.35936056E-01    0.50882984E-01    0.00000000E+00   -0.20005160E+04   -0.13474074E+05   -0.41205222E+02   -0.76624080E-01   -0.35171898E-01    0.00000000E+00    0.28177967E+05    0.18247583E+06    0.81088392E+02    0.15307365E+00   -0.40830230E+00
  0.0160   -0.14390419E+04   -0.18765612E+04   -0.24160717E+04   -0.93998999E+00   -0.35353577E-02    0.38975422E-02   -0.18641572E+03   -0.57312407E+04   -0.31702769E+05   -0.14231108E+02   -0.40370226E-01    0.57161444E-01    0.00000000E+00   -0.21573393E+04   -0.12702879E+05   -0.40772345E+02   -0.75006672E-01   -0.35927024E-01    0.00000000E+00    0.31654573E+05    0.17927010E+06    0.80222503E+02    0.14983832E+00   -0.40167540E+00
  0.0180   -0.16024331E+04   -0.22143936E+04   -0.29992687E+04   -0.11744381E+01   -0.43924101E-02    0.48346604E-02   -0.17488825E+03   -0.70638443E+04   -0.34981076E+05   -0.15820160E+02   -0.44544824E-01    0.63072361E-01    0.00000000E+00   -0.22673142E+04   -0.11856063E+05   -0.40290638E+02   -0.73221293E-01   -0.36746823E-01    0.00000000E+00    0.34927543E+05    0.17572548E+06    0.79258938E+02    0.14626698E+00   -0.39434194E+00
  0.0200   -0.17605168E+04   -0.25834829E+04   -0.36239138E+04   -0.14293007E+01   -0.53122021E-02    0.58365517E-02   -0.16298931E+03   -0.84944410E+04   -0.38039420E+05   -0.17346777E+02   -0.48439325E-01    0.68586672E-01    0.00000000E+00   -0.23273565E+04   -0.10942742E+05   -0.39763165E+02   -0.71284044E-01   -0.37619355E-01    0.00000000E+00    0.37980775E+05    0.17187198E+06    0.78203825E+02    0.14239184E+00   -0.38636202E+00
  0.0220   -0.19129632E+04   -0.29846627E+04   -0.42822289E+04   -0.17024556E+01   -0.62837925E-02    0.68902283E-02   -0.15097429E+03   -0.10006119E+05   -0.40864534E+05   -0.18806403E+02   -0.52036835E-01    0.73680456E-01    0.00000000E+00   -0.23352129E+04   -0.99725100E+04   -0.39193202E+02   -0.69211954E-01   -0.38532124E-01    0.00000000E+00    0.40801020E+05    0.16774138E+06    0.77063717E+02    0.13824696E+00   -0.37779934E+00
  0.0240   -0.20595080E+04   -0.34181004E+04   -0.49662255E+04   -0.19916861E+01   -0.72959262E-02    0.79823691E-02   -0.13909193E+03   -0.11581466E+05   -0.43446093E+05   -0.20195132E+02   -0.55324207E-01    0.78335098E-01    0.00000000E+00   -0.22894792E+04   -0.89552832E+04   -0.38584195E+02   -0.67022703E-01   -0.39472311E-01    0.00000000E+00    0.43377967E+05    0.16336673E+06    0.75845508E+02    0.13386771E+00   -0.36872025E+00
  0.0260   -0.21999513E+04   -0.38833046E+04   -0.56678461E+04   -0.22947118E+01   -0.83372293E-02    0.90995599E-02   -0.12757749E+03   -0.13202872E+05   -0.45776747E+05   -0.21509719E+02   -0.58292080E-01    0.82537341E-01    0.00000000E+00   -0.21896002E+04   -0.79011319E+04   -0.37939719E+02   -0.64734362E-01   -0.40427003E-01    0.00000000E+00    0.45704276E+05    0.15878192E+06    0.74556346E+02    0.12929023E+00   -0.35919284E+00
  0.0280   -0.23341561E+04   -0.43791466E+04   -0.63791023E+04   -0.26092202E+01   -0.93963998E-02    0.10228526E-01   -0.11664634E+03   -0.14852820E+05   -0.47852093E+05   -0.22747590E+02   -0.60934848E-01    0.86279251E-01    0.00000000E+00   -0.20358523E+04   -0.68201229E+04   -0.37263431E+02   -0.62365117E-01   -0.41383417E-01    0.00000000E+00    0.47775556E+05    0.15402113E+06    0.73203549E+02    0.12455089E+00   -0.34928588E+00
  0.0300   -0.24620440E+04   -0.49038975E+04   -0.70922056E+04   -0.29328961E+01   -0.10462390E-01    0.11356356E-01   -0.10648839E+03   -0.16514165E+05   -0.49670605E+05   -0.23906834E+02   -0.63250569E-01    0.89558074E-01    0.00000000E+00   -0.18293087E+04   -0.57221652E+04   -0.36559033E+02   -0.59933018E-01   -0.42329119E-01    0.00000000E+00    0.49590286E+05    0.14911839E+06    0.71794522E+02    0.11968580E+00   -0.33906800E+00
  0.0400   -0.30074914E+04   -0.78657340E+04   -0.10441127E+05   -0.46110353E+01   -0.15545565E-01    0.16575939E-01   -0.71672827E+02   -0.24448606E+05   -0.55039102E+05   -0.28500969E+02   -0.70087014E-01    0.99237488E-01    0.00000000E+00   -0.90715211E+02   -0.29695545E+03   -0.32743008E+02   -0.47422948E-01   -0.46509382E-01    0.00000000E+00    0.54944218E+05    0.12360344E+06    0.64161177E+02    0.94660653E-01   -0.28559793E+00
  0.0500   -0.34074557E+04   -0.11055603E+05   -0.12956615E+05   -0.62133593E+01   -0.19530193E-01    0.20330058E-01   -0.65193815E+02   -0.30686283E+05   -0.55086251E+05   -0.31179698E+02   -0.70147346E-01    0.99322206E-01    0.00000000E+00    0.24662869E+04    0.43658580E+04   -0.28740599E+02   -0.35609703E-01   -0.49041004E-01    0.00000000E+00    0.54983726E+05    0.98895964E+05    0.56154942E+02    0.71028561E-01   -0.23321895E+00
  0.0600   -0.36832316E+04   -0.13994626E+05   -0.14347750E+05   -0.75728450E+01   -0.21964286E-01    0.22175709E-01   -0.75213191E+02   -0.34506841E+05   -0.51548965E+05   -0.32248389E+02   -0.65643319E-01    0.92943985E-01    0.00000000E+00    0.52668795E+04    0.77749946E+04   -0.24875482E+02   -0.25593959E-01   -0.49513265E-01    0.00000000E+00    0.51444613E+05    0.77222248E+05    0.48423296E+02    0.50991252E-01   -0.18657837E+00
  0.0700   -0.38528068E+04   -0.16340678E+05   -0.14701052E+05   -0.86164101E+01   -0.22922374E-01    0.22304533E-01   -0.84012383E+02   -0.36010268E+05   -0.46164082E+05   -0.32111508E+02   -0.58786592E-01    0.83234443E-01    0.00000000E+00    0.78316064E+04    0.98965638E+04   -0.21341758E+02   -0.17703864E-01   -0.48150049E-01    0.00000000E+00    0.46062246E+05    0.59396170E+05    0.41354563E+02    0.35205318E-01   -0.14752344E+00
  0.0800   -0.39286660E+04   -0.17969007E+05   -0.14293901E+05   -0.93414642E+01   -0.22756453E-01    0.21217877E-01   -0.81927897E+02   -0.35739852E+05   -0.40187320E+05   -0.31152182E+02   -0.51176172E-01    0.72457712E-01    0.00000000E+00    0.99010619E+04    0.10964774E+05   -0.18223896E+02   -0.11765309E-01   -0.45497780E-01    0.00000000E+00    0.40090952E+05    0.45274299E+05    0.35117789E+02    0.23322759E-01   -0.11596091E+00
  0.0900   -0.39238743E+04   -0.18926147E+05   -0.13411894E+05   -0.97823107E+01   -0.21847000E-01    0.19413889E-01   -0.71850371E+02   -0.34295855E+05   -0.34325897E+05   -0.29677433E+02   -0.43712620E-01    0.61888947E-01    0.00000000E+00    0.11416915E+05    0.11275772E+05   -0.15536119E+02   -0.74222229E-02   -0.42111462E-01    0.00000000E+00    0.34236831E+05    0.34319443E+05    0.29741510E+02    0.14631571E-01   -0.90950141E-01
  0.1000   -0.38570997E+04   -0.19330049E+05   -0.12262630E+05   -0.99854868E+01   -0.20481129E-01    0.17244119E-01   -0.62865136E+02   -0.32137988E+05   -0.28920466E+05   -0.27915308E+02   -0.36829716E-01    0.52142366E-01    0.00000000E+00    0.12428177E+05    0.11072614E+05   -0.13256199E+02   -0.43326204E-02   -0.38396855E-01    0.00000000E+00    0.28839708E+05    0.25960482E+05    0.25181335E+02    0.84478624E-02   -0.71418005E-01
  0.1100   -0.37506216E+04   -0.19296520E+05   -0.10982788E+05   -0.99989764E+01   -0.18856345E-01    0.14931546E-01   -0.60631627E+02   -0.29581761E+05   -0.24140784E+05   -0.26031449E+02   -0.30743626E-01    0.43524051E-01    0.00000000E+00    0.13009289E+05    0.10531307E+05   -0.11344381E+02   -0.22141492E-02   -0.34613084E-01    0.00000000E+00    0.24068736E+05    0.19692987E+05    0.21357813E+02    0.42069702E-02   -0.56377324E-01
  0.1200   -0.36233825E+04   -0.18921653E+05   -0.96761416E+04   -0.98693067E+01   -0.17127531E-01    0.12640540E-01   -0.63245665E+02   -0.26868180E+05   -0.20069793E+05   -0.24142116E+02   -0.25559967E-01    0.36183549E-01    0.00000000E+00    0.13230611E+05    0.97902732E+04   -0.97519610E+01   -0.81915241E-03   -0.30938342E-01    0.00000000E+00    0.20006432E+05    0.15053235E+05    0.18173573E+02    0.14135904E-02   -0.44896784E-01
  0.1300   -0.34858462E+04   -0.18296133E+05   -0.84293094E+04   -0.96392164E+01   -0.15425869E-01    0.10506397E-01   -0.64851259E+02   -0.24197099E+05   -0.16702161E+05   -0.22320452E+02   -0.21271948E-01    0.30111250E-01    0.00000000E+00    0.13165171E+05    0.89664882E+04   -0.84273537E+01    0.76962365E-04   -0.27507902E-01    0.00000000E+00    0.16647196E+05    0.11609273E+05    0.15525475E+02   -0.38147258E-03   -0.36096705E-01
  0.1400   -0.33410575E+04   -0.17512973E+05   -0.72996723E+04   -0.93439112E+01   -0.13841627E-01    0.86153775E-02   -0.62035042E+02   -0.21706600E+05   -0.13945820E+05   -0.20603597E+02   -0.17762333E-01    0.25141147E-01    0.00000000E+00    0.12894743E+05    0.81458327E+04   -0.73226493E+01    0.65382027E-03   -0.24406346E-01    0.00000000E+00    0.13898823E+05    0.90053980E+04    0.13317715E+02   -0.15374914E-02   -0.29242059E-01
  0.1500   -0.31901101E+04   -0.16654661E+05   -0.63034185E+04   -0.90085913E+01   -0.12407727E-01    0.69843622E-02   -0.56558550E+02   -0.19449952E+05   -0.11669951E+05   -0.19005028E+02   -0.14864538E-01    0.21037368E-01    0.00000000E+00    0.12497710E+05    0.73710872E+04   -0.63983940E+01    0.10237707E-02   -0.21652938E-01    0.00000000E+00    0.11630441E+05    0.70045461E+04    0.11471399E+02   -0.22791925E-02   -0.23828259E-01
  0.1600   -0.30365405E+04   -0.15775154E+05   -0.54256877E+04   -0.86496889E+01   -0.11113270E-01    0.55785336E-02   -0.52610751E+02   -0.17414086E+05   -0.97685328E+04   -0.17528053E+02   -0.12443556E-01    0.17608750E-01    0.00000000E+00    0.12030279E+05    0.66496396E+04   -0.56240091E+01    0.12410855E-02   -0.19216132E-01    0.00000000E+00    0.97360159E+04    0.54744915E+04    0.99253738E+01   -0.27151494E-02   -0.19557095E-01
  0.1700   -0.28860930E+04   -0.14897539E+05   -0.46463794E+04   -0.82787475E+01   -0.99382929E-02    0.43560152E-02   -0.52233379E+02   -0.15569593E+05   -0.81864148E+04   -0.16173587E+02   -0.10429162E-01    0.14755853E-01    0.00000000E+00    0.11520916E+05    0.59773822E+04   -0.49747269E+01    0.13368792E-02   -0.17052179E-01    0.00000000E+00    0.81603903E+04    0.43282998E+04    0.86301053E+01   -0.29076210E-02   -0.16223376E-01
  0.1800   -0.27432307E+04   -0.14029844E+05   -0.39583566E+04   -0.79056027E+01   -0.88785086E-02    0.32991384E-02   -0.53660186E+02   -0.13907886E+05   -0.68951837E+04   -0.14940345E+02   -0.87851722E-02    0.12427448E-01    0.00000000E+00    0.10982597E+05    0.53576391E+04   -0.44285570E+01    0.13476597E-02   -0.15134796E-01    0.00000000E+00    0.68751535E+04    0.34748270E+04    0.75416093E+01   -0.29296537E-02   -0.13619751E-01
  0.1900   -0.26086150E+04   -0.13182880E+05   -0.33646607E+04   -0.75387784E+01   -0.79419496E-02    0.24092277E-02   -0.53697711E+02   -0.12438316E+05   -0.58550863E+04   -0.13822068E+02   -0.74609667E-02    0.10551856E-01    0.00000000E+00    0.10429188E+05    0.48011033E+04   -0.39657960E+01    0.13159663E-02   -0.13454341E-01    0.00000000E+00    0.58405730E+04    0.28169662E+04    0.66204727E+01   -0.28663557E-02   -0.11532584E-01
  0.2000   -0.24801148E+04   -0.12374213E+05   -0.28635277E+04   -0.71840701E+01   -0.71291965E-02    0.16802752E-02   -0.51149549E+02   -0.11160545E+05   -0.50049961E+04   -0.12807509E+02   -0.63787076E-02    0.90188633E-02    0.00000000E+00    0.98804382E+04    0.43131901E+04   -0.35704445E+01    0.12721854E-02   -0.11997086E-01    0.00000000E+00    0.49955613E+04    0.22823863E+04    0.58346883E+01   -0.27785278E-02   -0.98001525E-02
  0.2100   -0.23559996E+04   -0.11618525E+05   -0.24400806E+04   -0.68438328E+01   -0.64224514E-02    0.10843106E-02   -0.47718085E+02   -0.10048299E+05   -0.42856455E+04   -0.11884263E+02   -0.54629243E-02    0.77216074E-02    0.00000000E+00    0.93540575E+04    0.38860374E+04   -0.32310432E+01    0.12231374E-02   -0.10732024E-01    0.00000000E+00    0.42808940E+04    0.18427420E+04    0.51613272E+01   -0.26798366E-02   -0.83489220E-02
  0.2200   -0.22369480E+04   -0.10918020E+05   -0.20732060E+04   -0.65182253E+01   -0.57949030E-02    0.58319114E-03   -0.45848092E+02   -0.90619046E+04   -0.36657604E+04   -0.11042847E+02   -0.46737929E-02    0.66036994E-02    0.00000000E+00    0.88565646E+04    0.35041532E+04   -0.29394997E+01    0.11609881E-02   -0.96193293E-02    0.00000000E+00    0.36653299E+04    0.14978770E+04    0.45841929E+01   -0.25546367E-02   -0.71627655E-02
  0.2300   -0.21251109E+04   -0.10264111E+05   -0.17488094E+04   -0.62073174E+01   -0.52286345E-02    0.15147291E-03   -0.46114378E+02   -0.81737929E+04   -0.31420872E+04   -0.10277270E+02   -0.40071701E-02    0.56592730E-02    0.00000000E+00    0.83838251E+04    0.31567157E+04   -0.26888751E+01    0.10821584E-02   -0.86292885E-02    0.00000000E+00    0.31456360E+04    0.12427236E+04    0.40893947E+01   -0.23957919E-02   -0.62189566E-02
  0.2400   -0.20216345E+04   -0.96481339E+04   -0.14649884E+04   -0.59120982E+01   -0.47217043E-02   -0.21475512E-03   -0.46865739E+02   -0.73792527E+04   -0.27155789E+04   -0.95822937E+01   -0.34642693E-02    0.48900466E-02    0.00000000E+00    0.79303276E+04    0.28432535E+04   -0.24721460E+01    0.99637267E-03   -0.77507265E-02    0.00000000E+00    0.27227832E+04    0.10511900E+04    0.36628722E+01   -0.22227718E-02   -0.54566949E-02
  0.2500   -0.19254134E+04   -0.90694532E+04   -0.12248009E+04   -0.56337371E+01   -0.42785757E-02   -0.51054897E-03   -0.46199857E+02   -0.66833809E+04   -0.23707263E+04   -0.89508630E+01   -0.30253412E-02    0.42680563E-02    0.00000000E+00    0.74970413E+04    0.25678950E+04   -0.22827523E+01    0.91853285E-03   -0.69814424E-02    0.00000000E+00    0.23812869E+04    0.88976470E+03    0.32914904E+01   -0.20653997E-02   -0.48027075E-02
  0.2600   -0.18342406E+04   -0.85333352E+04   -0.10256871E+04   -0.53722838E+01   -0.38960117E-02   -0.74054682E-03   -0.43958279E+02   -0.60809339E+04   -0.20784696E+04   -0.83744522E+01   -0.26533816E-02    0.37409058E-02    0.00000000E+00    0.70902977E+04    0.23298125E+04   -0.21158342E+01    0.85473517E-03   -0.63127934E-02    0.00000000E+00    0.20921179E+04    0.74137905E+03    0.29655149E+01   -0.19358862E-02   -0.42166944E-02
  0.2700   -0.17469217E+04   -0.80423501E+04   -0.85696206E+03   -0.51263885E+01   -0.35597457E-02   -0.92335330E-03   -0.41685137E+02   -0.55510578E+04   -0.18160767E+04   -0.78456372E+01   -0.23194433E-02    0.32676078E-02    0.00000000E+00    0.67143233E+04    0.21204520E+04   -0.19685289E+01    0.79830792E-03   -0.57251357E-02    0.00000000E+00    0.18325702E+04    0.61208575E+03    0.26792042E+01   -0.18209041E-02   -0.37039493E-02
  0.2800   -0.16640843E+04   -0.75913121E+04   -0.70699848E+03   -0.48943285E+01   -0.32541291E-02   -0.10790906E-02   -0.40823599E+02   -0.50706308E+04   -0.15804700E+04   -0.73598869E+01   -0.20196078E-02    0.28426135E-02    0.00000000E+00    0.63662990E+04    0.19297068E+04   -0.18389266E+01    0.73920310E-03   -0.51974244E-02    0.00000000E+00    0.15995827E+04    0.51470536E+03    0.24287234E+01   -0.17003726E-02   -0.32838328E-02
  0.2900   -0.15869986E+04   -0.71708548E+04   -0.57136256E+03   -0.46751918E+01   -0.29730697E-02   -0.12153070E-02   -0.41213506E+02   -0.46299320E+04   -0.13811623E+04   -0.69147199E+01   -0.17659881E-02    0.24830750E-02    0.00000000E+00    0.60390819E+04    0.17534973E+04   -0.17247877E+01    0.67553147E-03   -0.47189980E-02    0.00000000E+00    0.14026771E+04    0.44873779E+03    0.22095766E+01   -0.15705276E-02   -0.29510425E-02
  0.3000   -0.15158524E+04   -0.67750746E+04   -0.45311220E+03   -0.44690035E+01   -0.27204735E-02   -0.13265009E-02   -0.41421306E+02   -0.42336635E+04   -0.12220755E+04   -0.65073457E+01   -0.15635783E-02    0.21960640E-02    0.00000000E+00    0.57280272E+04    0.15945469E+04   -0.16232843E+01    0.61492867E-03   -0.42905994E-02    0.00000000E+00    0.12457856E+04    0.39782038E+03    0.20160922E+01   -0.14466543E-02   -0.26705249E-02
  0.3100   -0.14493379E+04   -0.64048227E+04   -0.35565499E+03   -0.42758070E+01   -0.25007008E-02   -0.14065496E-02   -0.40370647E+02   -0.38875982E+04   -0.10923727E+04   -0.61333989E+01   -0.13985787E-02    0.19620405E-02    0.00000000E+00    0.54343548E+04    0.14561971E+04   -0.15318383E+01    0.56545089E-03   -0.39144524E-02    0.00000000E+00    0.11180872E+04    0.34531392E+03    0.18430971E+01   -0.13448783E-02   -0.24072158E-02
  0.3200   -0.13858603E+04   -0.60636353E+04   -0.27639262E+03   -0.40948071E+01   -0.23100548E-02   -0.14597494E-02   -0.38438912E+02   -0.35863144E+04   -0.97490319E+03   -0.57879494E+01   -0.12491500E-02    0.17500813E-02    0.00000000E+00    0.51618990E+04    0.13364926E+04   -0.14489733E+01    0.52679272E-03   -0.35848469E-02    0.00000000E+00    0.10024499E+04    0.28940516E+03    0.16876221E+01   -0.12646009E-02   -0.21549385E-02
  0.3300   -0.13249487E+04   -0.57513416E+04   -0.20775348E+03   -0.39244987E+01   -0.21381586E-02   -0.14990174E-02   -0.36920684E+02   -0.33148219E+04   -0.86138747E+03   -0.54674442E+01   -0.11047491E-02    0.15452579E-02    0.00000000E+00    0.49113821E+04    0.12287681E+04   -0.13742068E+01    0.49119278E-03   -0.32890388E-02    0.00000000E+00    0.89060763E+03    0.24151859E+03    0.15486857E+01   -0.11903106E-02   -0.19333281E-02
  0.3400   -0.12673721E+04   -0.54623615E+04   -0.14376916E+03   -0.37635660E+01   -0.19767697E-02   -0.15344725E-02   -0.36573766E+02   -0.30609446E+04   -0.75738126E+03   -0.51703722E+01   -0.97245062E-03    0.13575875E-02    0.00000000E+00    0.46785733E+04    0.11274670E+04   -0.13071344E+01    0.45218639E-03   -0.30163983E-02    0.00000000E+00    0.78812244E+03    0.21116274E+03    0.14254627E+01   -0.11090888E-02   -0.17587184E-02
  0.3600   -0.11644459E+04   -0.49321310E+04   -0.34569050E+02   -0.34684934E+01   -0.16909822E-02   -0.15846326E-02   -0.36634063E+02   -0.26118816E+04   -0.60770993E+03   -0.46427506E+01   -0.78212344E-03    0.10874598E-02    0.00000000E+00    0.42475404E+04    0.94744350E+03   -0.11914767E+01    0.37497853E-03   -0.25397747E-02    0.00000000E+00    0.64105366E+03    0.17857613E+03    0.12168992E+01   -0.94794066E-03   -0.14973194E-02
  0.3700   -0.11176524E+04   -0.46908128E+04    0.43224343E+01   -0.33342982E+01   -0.15746113E-02   -0.15879090E-02   -0.35395938E+02   -0.24276636E+04   -0.55301553E+03   -0.44077218E+01   -0.71259706E-03    0.98872209E-03    0.00000000E+00    0.40495238E+04    0.87438042E+03   -0.11402976E+01    0.34782192E-03   -0.23421571E-02    0.00000000E+00    0.58745945E+03    0.15496898E+03    0.11263385E+01   -0.89012380E-03   -0.13668766E-02
  0.3800   -0.10725601E+04   -0.44686781E+04    0.35149637E+02   -0.32081025E+01   -0.14724199E-02   -0.15805557E-02   -0.33783370E+02   -0.22653010E+04   -0.49774867E+03   -0.41880955E+01   -0.64233486E-03    0.88895911E-03    0.00000000E+00    0.38665335E+04    0.81059723E+03   -0.10928826E+01    0.32672918E-03   -0.21670246E-02    0.00000000E+00    0.53317425E+03    0.12789101E+03    0.10435651E+01   -0.84435522E-03   -0.12378043E-02
  0.3900   -0.10292041E+04   -0.42642975E+04    0.63428669E+02   -0.30887412E+01   -0.13768155E-02   -0.15719500E-02   -0.32793920E+02   -0.21138770E+04   -0.44071732E+03   -0.39823919E+01   -0.56981896E-03    0.78602148E-03    0.00000000E+00    0.36977430E+04    0.75106662E+03   -0.10494001E+01    0.30506725E-03   -0.20055442E-02    0.00000000E+00    0.47701291E+03    0.10799800E+03    0.96889991E+00   -0.79737720E-03   -0.11296266E-02
  0.4000   -0.98836447E+03   -0.40727636E+04    0.91746859E+02   -0.29754560E+01   -0.12841339E-02   -0.15663876E-02   -0.32694184E+02   -0.19679110E+04   -0.38971028E+03   -0.37904370E+01   -0.50496752E-03    0.69395282E-03    0.00000000E+00    0.35390910E+04    0.69322232E+03   -0.10097393E+01    0.27974661E-03   -0.18529104E-02    0.00000000E+00    0.42676648E+03    0.99951292E+02    0.90210520E+00   -0.74301880E-03   -0.10505130E-02
  0.4100   -0.95050565E+03   -0.38900019E+04    0.11787479E+03   -0.28681693E+01   -0.11971770E-02   -0.15598117E-02   -0.32789159E+02   -0.18311112E+04   -0.35151714E+03   -0.36120700E+01   -0.45642633E-03    0.62499510E-03    0.00000000E+00    0.33870286E+04    0.63884242E+03   -0.97319406E+00    0.25408257E-03   -0.17112779E-02    0.00000000E+00    0.38922685E+03    0.97438831E+02    0.84175270E+00   -0.68791871E-03   -0.98768344E-03
  0.4200   -0.91514331E+03   -0.37159778E+04    0.13810299E+03   -0.27670405E+01   -0.11207473E-02   -0.15456129E-02   -0.32235391E+02   -0.17101779E+04   -0.32389671E+03   -0.34460713E+01   -0.42134157E-03    0.57510727E-03    0.00000000E+00    0.32415043E+04    0.59119861E+03   -0.93887303E+00    0.23356338E-03   -0.15852237E-02    0.00000000E+00    0.36215904E+03    0.90452061E+02    0.78604434E+00   -0.64306122E-03   -0.92133157E-03
  0.4300   -0.88128178E+03   -0.35534284E+04    0.15185238E+03   -0.26718334E+01   -0.10554679E-02   -0.15226327E-02   -0.30954289E+02   -0.16060144E+04   -0.29796697E+03   -0.32904334E+01   -0.38840309E-03    0.52827446E-03    0.00000000E+00    0.31050292E+04    0.55087356E+03   -0.90633244E+00    0.21959656E-03   -0.14751330E-02    0.00000000E+00    0.33669019E+03    0.76079414E+02    0.73407705E+00   -0.61126868E-03   -0.84532244E-03
  0.4400   -0.84837864E+03   -0.34037905E+04    0.16252297E+03   -0.25817856E+01   -0.99663773E-03   -0.14966299E-02   -0.29662734E+02   -0.15119617E+04   -0.26768242E+03   -0.31435731E+01   -0.34991274E-03    0.47359619E-03    0.00000000E+00    0.29791048E+04    0.51483546E+03   -0.87572532E+00    0.20811104E-03   -0.13757494E-02    0.00000000E+00    0.30678246E+03    0.60931432E+02    0.68614176E+00   -0.58440576E-03   -0.77185766E-03
  0.4500   -0.81676823E+03   -0.32648885E+04    0.17393849E+03   -0.24960842E+01   -0.93899157E-03   -0.14741029E-02   -0.29049511E+02   -0.14204464E+04   -0.23568076E+03   -0.30051007E+01   -0.30922941E-03    0.41582834E-03    0.00000000E+00    0.28620382E+04    0.47953148E+03   -0.84733416E+00    0.19418206E-03   -0.12810678E-02    0.00000000E+00    0.27507700E+03    0.53158818E+02    0.64278852E+00   -0.55262940E-03   -0.71616932E-03
  0.4600   -0.78712661E+03   -0.31327431E+04    0.18652272E+03   -0.24143922E+01   -0.88182607E-03   -0.14556520E-02   -0.29037298E+02   -0.13302908E+04   -0.20943063E+03   -0.28753348E+01   -0.27586363E-03    0.36843717E-03    0.00000000E+00    0.27504028E+04    0.44438378E+03   -0.82102755E+00    0.17727991E-03   -0.11898402E-02    0.00000000E+00    0.24904331E+03    0.53374139E+02    0.60373988E+00   -0.51488652E-03   -0.67908886E-03
  0.4700   -0.75961371E+03   -0.30052733E+04    0.19735251E+03   -0.23368517E+01   -0.82893401E-03   -0.14360772E-02   -0.28915558E+02   -0.12467416E+04   -0.19247128E+03   -0.27541613E+01   -0.25432231E-03    0.33780406E-03    0.00000000E+00    0.26423201E+04    0.41188301E+03   -0.79622838E+00    0.16143569E-03   -0.11056977E-02    0.00000000E+00    0.23222316E+03    0.54342532E+02    0.56782723E+00   -0.47924557E-03   -0.64642711E-03
  0.4800   -0.73363254E+03   -0.28837738E+04    0.20378462E+03   -0.22635935E+01   -0.78374620E-03   -0.14106774E-02   -0.28145197E+02   -0.11746484E+04   -0.18051219E+03   -0.26405022E+01   -0.23914209E-03    0.31619286E-03    0.00000000E+00    0.25389002E+04    0.38439507E+03   -0.77239076E+00    0.15047547E-03   -0.10320929E-02    0.00000000E+00    0.22033207E+03    0.49199624E+02    0.53394465E+00   -0.45336467E-03   -0.60472437E-03
  0.4900   -0.70842438E+03   -0.27707090E+04    0.20651997E+03   -0.21943116E+01   -0.74522149E-03   -0.13805678E-02   -0.26928200E+02   -0.11125814E+04   -0.16628893E+03   -0.25329240E+01   -0.22107268E-03    0.29050525E-03    0.00000000E+00    0.24423981E+04    0.36133649E+03   -0.74943430E+00    0.14378645E-03   -0.96784361E-03    0.00000000E+00    0.20611292E+03    0.38768401E+02    0.50191758E+00   -0.43602374E-03   -0.55529241E-03
  0.5000   -0.68380810E+03   -0.26664296E+04    0.20883582E+03   -0.21283565E+01   -0.70887033E-03   -0.13513412E-02   -0.25944623E+02   -0.10541754E+04   -0.14737365E+03   -0.24306484E+01   -0.19702264E-03    0.25636358E-03    0.00000000E+00    0.23532807E+04    0.33974528E+03   -0.72766572E+00    0.13715885E-03   -0.90804717E-03    0.00000000E+00    0.18714286E+03    0.30116453E+02    0.47234599E+00   -0.41880839E-03   -0.51145985E-03
  0.5500   -0.57894348E+03   -0.22134958E+04    0.21947558E+03   -0.18413328E+01   -0.54943748E-03   -0.12246410E-02   -0.23281580E+02   -0.79974711E+03   -0.93746959E+02   -0.19999821E+01   -0.12883286E-03    0.15957405E-03    0.00000000E+00    0.19639809E+04    0.24548336E+03   -0.63412707E+00    0.98428963E-04   -0.65678588E-03    0.00000000E+00    0.13243029E+03    0.19408574E+02    0.35584367E+00   -0.32175675E-03   -0.38146606E-03
  0.6000   -0.49490428E+03   -0.18641653E+04    0.21734494E+03   -0.16136263E+01   -0.43571679E-03   -0.11043655E-02   -0.20900670E+02   -0.61800681E+03   -0.59016559E+02   -0.16703816E+01   -0.84577817E-04    0.96983093E-04    0.00000000E+00    0.16611538E+04    0.18060396E+03   -0.55759414E+00    0.72121220E-04   -0.48349604E-03    0.00000000E+00    0.95575914E+02    0.14565924E+02    0.27351733E+00   -0.25027517E-03   -0.29508636E-03
  0.6500   -0.42664086E+03   -0.15900348E+04    0.20830819E+03   -0.14302300E+01   -0.35298546E-03   -0.99383313E-03   -0.18650781E+02   -0.48579758E+03   -0.35314452E+02   -0.14137395E+01   -0.54257108E-04    0.54385687E-04    0.00000000E+00    0.14219314E+04    0.13550683E+03   -0.49284656E+00    0.54740731E-04   -0.36213792E-03    0.00000000E+00    0.69061316E+02    0.11703875E+02    0.21363375E+00   -0.19777879E-03   -0.23378506E-03
  0.7000   -0.37060211E+03   -0.13713000E+04    0.19557070E+03   -0.12804175E+01   -0.29197260E-03   -0.89363414E-03   -0.16445352E+02   -0.38850284E+03   -0.18952669E+02   -0.12110041E+01   -0.33193541E-04    0.25113211E-04    0.00000000E+00    0.12300696E+04    0.10409791E+03   -0.43680763E+00    0.43895027E-04   -0.27635597E-03    0.00000000E+00    0.49484332E+02    0.88045312E+01    0.16897744E+00   -0.15976439E-03   -0.18685100E-03
  0.7500   -0.32423014E+03   -0.11939008E+04    0.18113201E+03   -0.11563761E+01   -0.24634216E-03   -0.80358393E-03   -0.14283414E+02   -0.31613847E+03   -0.82336795E+01   -0.10488860E+01   -0.19243985E-04    0.60864366E-05    0.00000000E+00    0.10738634E+04    0.82189727E+02   -0.38762199E+00    0.37624934E-04   -0.21522684E-03    0.00000000E+00    0.35374508E+02    0.53272739E+01    0.13500207E+00   -0.13248794E-03   -0.14887698E-03
  0.8000   -0.28561089E+03   -0.10478106E+04    0.16641133E+03   -0.10523216E+01   -0.21146667E-03   -0.72342117E-03   -0.12232399E+02   -0.26143057E+03   -0.21209360E+01   -0.91784523E+00   -0.11105782E-04   -0.45808499E-05    0.00000000E+00    0.94486678E+03    0.66721062E+02   -0.34413828E+00    0.34189407E-04   -0.17107395E-03    0.00000000E+00    0.25869020E+02    0.17214572E+01    0.10878282E+00   -0.11255105E-03   -0.11784701E-03
  0.8500   -0.25324699E+03   -0.92591847E+03    0.15243159E+03   -0.96392365E+00   -0.18391522E-03   -0.65286187E-03   -0.10385230E+02   -0.21898551E+03    0.45114662E+00   -0.81084429E+00   -0.74376086E-05   -0.88255342E-05    0.00000000E+00    0.83703114E+03    0.55431442E+02   -0.30560057E+00    0.32125980E-04   -0.13840553E-03    0.00000000E+00    0.20028905E+02   -0.11769577E+01    0.88379918E-01   -0.97038826E-04   -0.93417987E-04
  0.9000   -0.22592680E+03   -0.82320350E+03    0.13981848E+03   -0.88792270E+00   -0.16127144E-03   -0.59141461E-03   -0.88129861E+01   -0.18496994E+03    0.75481882E+00   -0.72257446E+00   -0.66330309E-05   -0.89551858E-05    0.00000000E+00    0.74604707E+03    0.46744046E+02   -0.27146004E+00    0.30401694E-04   -0.11340356E-03    0.00000000E+00    0.16668350E+02   -0.27076883E+01    0.72438706E-01   -0.83838224E-04   -0.75508183E-04
  0.9500   -0.20266168E+03   -0.73607047E+03    0.12878526E+03   -0.82186264E+00   -0.14202581E-03   -0.53822596E-03   -0.75333769E+01   -0.15691999E+03    0.10018882E+00   -0.64897896E+00   -0.70353705E-05   -0.73435954E-05    0.00000000E+00    0.66879990E+03    0.39692612E+02   -0.24126566E+00    0.28504126E-04   -0.93607818E-04    0.00000000E+00    0.14530602E+02   -0.27323561E+01    0.59945478E-01   -0.71835343E-04   -0.63429413E-04
  1.0000   -0.18266118E+03   -0.66181986E+03    0.11919153E+03   -0.76389037E+00   -0.12540625E-03   -0.49209186E-03   -0.65061048E+01   -0.13347754E+03   -0.46914788E+00   -0.58695185E+00   -0.73253169E-05   -0.58820115E-05    0.00000000E+00    0.60292864E+03    0.33805392E+02   -0.21461084E+00    0.26394454E-04   -0.77605810E-04    0.00000000E+00    0.12599193E+02   -0.16756719E+01    0.50095131E-01   -0.60834986E-04   -0.55679881E-04
  1.1000   -0.15018822E+03   -0.54353886E+03    0.10289125E+03   -0.66689257E+00   -0.99067836E-04   -0.41560661E-03   -0.48942672E+01   -0.98197129E+02    0.24639405E+00   -0.48873656E+00   -0.55618450E-05   -0.63198616E-05    0.00000000E+00    0.49787781E+03    0.25043163E+02   -0.17044305E+00    0.22622380E-04   -0.54421410E-04    0.00000000E+00    0.77714494E+01    0.65598865E+00    0.35854634E-01   -0.43462379E-04   -0.45480489E-04
  1.2000   -0.12535696E+03   -0.45420507E+03    0.88603272E+02   -0.58893342E+00   -0.80881660E-04   -0.35346432E-03   -0.34816593E+01   -0.75867127E+02    0.16572511E+01   -0.41515800E+00   -0.29693730E-05   -0.80678067E-05    0.00000000E+00    0.41836412E+03    0.19872038E+02   -0.13639227E+00    0.20732624E-04   -0.40402510E-04    0.00000000E+00    0.33415054E+01    0.99800708E-01    0.26165768E-01   -0.33883532E-04   -0.34190563E-04
  1.3000   -0.10630038E+03   -0.38397542E+03    0.76362133E+02   -0.52474700E+00   -0.67834476E-04   -0.30275801E-03   -0.22900219E+01   -0.61377613E+02    0.79451325E+00   -0.35858752E+00   -0.33503502E-05   -0.57946226E-05    0.00000000E+00    0.35567514E+03    0.16604418E+02   -0.11056377E+00    0.19598908E-04   -0.31483591E-04    0.00000000E+00    0.20895558E+01   -0.18194572E+01    0.19401117E-01   -0.28774661E-04   -0.23177209E-04
  1.4000   -0.91444573E+02   -0.32767897E+03    0.67098287E+02   -0.47076699E+00   -0.56652299E-04   -0.26307616E-03   -0.15536651E+01   -0.49597721E+02   -0.13425648E+01   -0.31381834E+00   -0.54401077E-05   -0.13097876E-05    0.00000000E+00    0.30524192E+03    0.13371156E+02   -0.91443662E-01    0.17228666E-04   -0.23906894E-04    0.00000000E+00    0.28093605E+01   -0.16940326E+01    0.14859712E-01   -0.23239888E-04   -0.18028299E-04
  1.5000   -0.79447956E+02   -0.28281494E+03    0.60192530E+02   -0.42474993E+00   -0.46743053E-04   -0.23192177E-03   -0.11824889E+01   -0.39412677E+02   -0.18380114E+01   -0.27719109E+00   -0.55244071E-05    0.13012483E-06    0.00000000E+00    0.26484810E+03    0.10054820E+02   -0.77549383E-01    0.13922937E-04   -0.17010116E-04    0.00000000E+00    0.23988289E+01    0.57613134E-01    0.11805558E-01   -0.17162258E-04   -0.17339502E-04
  1.6000   -0.69548419E+02   -0.24682068E+03    0.54033278E+02   -0.38527985E+00   -0.39245538E-04   -0.20547568E-03   -0.85769720E+00   -0.32283092E+02   -0.65926769E+00   -0.24653472E+00   -0.35557243E-05   -0.15275267E-05    0.00000000E+00    0.23222676E+03    0.76293049E+01   -0.67499773E-01    0.11426802E-04   -0.12044298E-04    0.00000000E+00    0.67294088E+00    0.54680045E+00    0.94664336E-02   -0.13495726E-04   -0.15177925E-04
  2.0000   -0.44359392E+02   -0.15193715E+03    0.36658027E+02   -0.27289820E+00   -0.21247189E-04   -0.13402341E-03   -0.18071379E+00   -0.16629539E+02   -0.87293788E+00   -0.16288382E+00   -0.25729673E-05    0.11257384E-06    0.00000000E+00    0.14491045E+03    0.15330077E+01   -0.49507092E-01    0.43023062E-05   -0.41390032E-06    0.00000000E+00    0.39516652E+00    0.47130958E+00    0.42696227E-02   -0.65118013E-05   -0.79617570E-05
  2.5000   -0.28212216E+02   -0.93084270E+02    0.24360022E+02   -0.19451202E+00   -0.11463191E-04   -0.86405339E-04    0.13033174E-01   -0.83992098E+01    0.12245297E+00   -0.10419052E+00   -0.56503941E-06   -0.94175864E-06    0.00000000E+00    0.89110805E+02   -0.18912469E+01   -0.43579027E-01   -0.31034416E-06    0.55079637E-05    0.00000000E+00   -0.30518805E+00    0.98290025E-01    0.16117550E-02   -0.33282514E-05   -0.36306348E-05
  3.0000   -0.19309134E+02   -0.62254114E+02    0.16864444E+02   -0.15236851E+00   -0.74461369E-05   -0.59328589E-04    0.79739638E-01   -0.48611900E+01    0.42453201E+00   -0.70321179E-01    0.15227556E-06   -0.11537717E-05    0.00000000E+00    0.59164106E+02   -0.29273486E+01   -0.36707593E-01   -0.18794653E-05    0.71263474E-05    0.00000000E+00   -0.39067776E+00   -0.36746679E+00    0.36513114E-03   -0.22685969E-05   -0.11381073E-05
  4.0000   -0.10253055E+02   -0.33038473E+02    0.87938422E+01   -0.11611362E+00   -0.45729636E-05   -0.31626693E-04    0.12443405E+00   -0.19064476E+01    0.82865862E-01   -0.36115286E-01   -0.39717490E-07   -0.29464935E-06    0.00000000E+00    0.30422526E+02   -0.27372721E+01   -0.10855829E-01   -0.19111419E-05    0.65099117E-05    0.00000000E+00    0.74892679E-01   -0.54642644E+00   -0.62490102E-03   -0.12033952E-05    0.47765301E-06
  5.0000   -0.59775218E+01   -0.20463523E+02    0.50297371E+01   -0.10381946E+00   -0.34376394E-05   -0.18911324E-04    0.12553436E+00   -0.55156281E+00    0.51903627E-01   -0.21050378E-01   -0.79089284E-08   -0.16758733E-06    0.00000000E+00    0.18159809E+02   -0.19736274E+01    0.22117837E-01   -0.10962525E-05    0.49754942E-05    0.00000000E+00    0.87681505E-01   -0.17217890E+00   -0.92550930E-03   -0.31562354E-06    0.21407455E-06
  6.0000   -0.36874824E+01   -0.14032081E+02    0.29055267E+01   -0.98020927E-01   -0.29859481E-05   -0.11924627E-04    0.16279317E+00   -0.18626067E+00    0.24621316E+00   -0.13673013E-01    0.26577712E-06   -0.49168292E-06    0.00000000E+00    0.12083385E+02   -0.11247953E+01    0.53256313E-01   -0.10075646E-06    0.33596089E-05    0.00000000E+00   -0.14942425E+00   -0.24980960E+00   -0.10777841E-02   -0.20427433E-06    0.56424996E-06
  7.0000   -0.24094905E+01   -0.10145710E+02    0.16634914E+01   -0.93316194E-01   -0.26878960E-05   -0.78055278E-05    0.20214248E+00   -0.13843918E+00    0.97005415E-01   -0.98073013E-02    0.88020100E-07   -0.21041125E-06    0.00000000E+00    0.85679421E+01   -0.47173307E+00    0.78784154E-01    0.65715686E-06    0.21084154E-05    0.00000000E+00   -0.37921068E-01   -0.43367065E+00   -0.11579307E-02   -0.31482455E-06    0.10193372E-05
  8.0000   -0.16502231E+01   -0.76380058E+01    0.10579231E+01   -0.88226073E-01   -0.22405790E-05   -0.54952161E-05    0.20568114E+00    0.70910970E-01   -0.36733894E-01   -0.76072958E-02   -0.75138773E-07    0.37870852E-07    0.00000000E+00    0.63885163E+01   -0.15085478E+00    0.97961226E-01    0.96483999E-06    0.14289357E-05    0.00000000E+00    0.68898830E-01   -0.30126124E+00   -0.11587941E-02   -0.10415842E-06    0.82265373E-06
  9.0000   -0.11604235E+01   -0.60055949E+01    0.69787936E+00   -0.82614502E-01   -0.18702684E-05   -0.40172525E-05    0.21076252E+00    0.17276444E+00    0.63113649E-01   -0.62223055E-02    0.56936518E-07   -0.13722884E-06    0.00000000E+00    0.50165318E+01    0.47655713E-01    0.11140734E+00    0.11264137E-05    0.97980376E-06    0.00000000E+00   -0.48338497E-01   -0.24526138E+00   -0.11458651E-02   -0.48215095E-08    0.74971044E-06
 10.0000   -0.85286177E+00   -0.48048837E+01    0.41959251E+00   -0.76699518E-01   -0.16410874E-05   -0.29319387E-05    0.22844982E+00    0.10711160E+00    0.60108766E-01   -0.53011225E-02    0.56867199E-07   -0.12805382E-06    0.00000000E+00    0.40264466E+01    0.21363840E+00    0.12013908E+00    0.12675157E-05    0.61026999E-06    0.00000000E+00   -0.55984853E-01   -0.36599735E+00   -0.11407397E-02   -0.12279916E-06    0.10031698E-05
 12.0000   -0.51816450E+00   -0.32105825E+01    0.24749265E+00   -0.64903866E-01   -0.11040019E-05   -0.18653982E-05    0.22618479E+00    0.22615719E+00   -0.42889731E-02   -0.41247659E-02   -0.19669210E-07   -0.64744405E-08    0.00000000E+00    0.27229218E+01    0.24635556E+00    0.12737510E+00    0.11601606E-05    0.40226250E-06    0.00000000E+00   -0.10453706E-02   -0.26288781E+00   -0.10704237E-02    0.20579882E-07    0.82933848E-06
 16.0000   -0.26054022E+00   -0.16805777E+01    0.11347814E+00   -0.45307234E-01   -0.55815234E-06   -0.90726104E-06    0.23231387E+00    0.22403339E+00    0.25559035E-01   -0.27838067E-02    0.24665756E-07   -0.53965083E-07    0.00000000E+00    0.14464257E+01    0.18661270E+00    0.12032055E+00    0.88633058E-06    0.31222780E-06    0.00000000E+00   -0.32428416E-01   -0.29517288E+00   -0.93816651E-03   -0.58495613E-09    0.90749672E-06
 20.0000   -0.17192537E+00   -0.10005454E+01    0.66103735E-01   -0.32190220E-01   -0.31436365E-06   -0.51772783E-06    0.23363863E+00    0.20622469E+00    0.13820117E-01   -0.20029016E-02    0.12852596E-07   -0.29664167E-07    0.00000000E+00    0.84256018E+00    0.10117800E+00    0.10313663E+00    0.65145926E-06    0.34019121E-06    0.00000000E+00   -0.18558464E-01   -0.32274107E+00   -0.81399575E-03   -0.30803509E-07    0.96209008E-06
 25.0000   -0.12003920E+00   -0.59775318E+00    0.55852104E-01   -0.22346950E-01   -0.15146734E-06   -0.32329300E-06    0.22703921E+00    0.23330420E+00   -0.12810940E-01   -0.14062418E-02   -0.19143831E-07    0.20268257E-07    0.00000000E+00    0.46169736E+00   -0.61219371E-03    0.79183815E-01    0.41043319E-06    0.41231657E-06    0.00000000E+00    0.98566392E-02   -0.28420523E+00   -0.67159879E-03    0.86777146E-08    0.88301808E-06
 30.0000   -0.85172091E-01   -0.41675111E+00    0.30261395E-01   -0.16834980E-01   -0.10101028E-06   -0.19410765E-06    0.22422294E+00    0.21278063E+00    0.78786154E-02   -0.10247192E-02    0.81627347E-08   -0.16075354E-07    0.00000000E+00    0.27788987E+00   -0.56198160E-01    0.56159240E-01    0.26143297E-06    0.43432325E-06    0.00000000E+00   -0.98512927E-02   -0.29677768E+00   -0.55531817E-03   -0.15086408E-07    0.89793234E-06
 40.0000   -0.45170083E-01   -0.24604563E+00    0.10755091E-01   -0.12259753E-01   -0.56193067E-07   -0.89280461E-07    0.21190932E+00    0.20527324E+00    0.54789261E-02   -0.56176111E-03    0.60659951E-08   -0.10789593E-07    0.00000000E+00    0.91788450E-01   -0.13900570E+00    0.16878967E-01    0.35890931E-07    0.46353365E-06    0.00000000E+00   -0.64042255E-02   -0.26933277E+00   -0.36261774E-03   -0.92216498E-08    0.81936450E-06
 50.0000   -0.20576028E-01   -0.17154752E+00   -0.32040362E-02   -0.11679119E-01   -0.50562710E-07   -0.40705684E-07    0.19698751E+00    0.19246109E+00    0.43310403E-02   -0.27165147E-03    0.51527307E-08   -0.81714553E-08    0.00000000E+00    0.46591748E-02   -0.17543599E+00   -0.11288156E-01   -0.96742988E-07    0.44297532E-06    0.00000000E+00   -0.46593308E-02   -0.23801965E+00   -0.21958808E-03   -0.62898077E-08    0.72596341E-06
 60.0000   -0.39341165E-02   -0.13067608E+00   -0.13894879E-01   -0.12587143E-01   -0.56372394E-07   -0.13625630E-07    0.17981406E+00    0.17643168E+00    0.36743285E-02   -0.72254667E-04    0.46885324E-08   -0.66153192E-08    0.00000000E+00   -0.40207195E-01   -0.17814134E+00   -0.28215117E-01   -0.16002422E-06    0.38801696E-06    0.00000000E+00   -0.36634782E-02   -0.20282924E+00   -0.11785755E-03   -0.46339677E-08    0.61935805E-06
 70.0000    0.75719222E-02   -0.10470090E+00   -0.21152122E-01   -0.13691761E-01   -0.63209780E-07    0.18634579E-08    0.16086628E+00    0.15815362E+00    0.32322970E-02    0.63288608E-04    0.43709592E-08   -0.55730089E-08    0.00000000E+00   -0.61336912E-01   -0.15842036E+00   -0.35377794E-01   -0.17382553E-06    0.31354521E-06    0.00000000E+00   -0.30602397E-02   -0.16443415E+00   -0.49457082E-04   -0.36505508E-08    0.50222126E-06
 80.0000    0.15353590E-01   -0.86102554E-01   -0.24931667E-01   -0.14299326E-01   -0.66745405E-07    0.99553742E-08    0.14069669E+00    0.13838049E+00    0.29054505E-02    0.15019607E-03    0.41016564E-08   -0.48367882E-08    0.00000000E+00   -0.68336950E-01   -0.12541656E+00   -0.34926295E-01   -0.15535817E-06    0.23047836E-06    0.00000000E+00   -0.26835474E-02   -0.12380532E+00   -0.64640186E-05   -0.30581482E-08    0.37782152E-06
 90.0000    0.20283343E-01   -0.71451916E-01   -0.25681453E-01   -0.14119208E-01   -0.65767411E-07    0.13240042E-07    0.11990612E+00    0.11781828E+00    0.26564282E-02    0.20014657E-03    0.38581768E-08   -0.43141653E-08    0.00000000E+00   -0.67202746E-01   -0.85742815E-01   -0.29069717E-01   -0.11794803E-06    0.14583460E-06    0.00000000E+00   -0.24457873E-02   -0.82071559E-01    0.18213904E-04   -0.27069412E-08    0.24978130E-06
100.0000    0.22957263E-01   -0.59155537E-01   -0.24124002E-01   -0.13130158E-01   -0.60655509E-07    0.13560540E-07    0.99120561E-01    0.97152752E-01    0.24699134E-02    0.22250357E-03    0.36418303E-08   -0.39567104E-08    0.00000000E+00   -0.61715272E-01   -0.43930305E-01   -0.19779142E-01   -0.71199230E-07    0.63949722E-07    0.00000000E+00   -0.22983669E-02   -0.40441743E-01    0.30402408E-04   -0.25121678E-08    0.12190443E-06
110.0000    0.23801983E-01   -0.48488346E-01   -0.21036707E-01   -0.11473098E-01   -0.52487886E-07    0.12230284E-07    0.78969329E-01    0.77046558E-01    0.23396751E-02    0.22460026E-03    0.34607554E-08   -0.37371151E-08    0.00000000E+00   -0.54162763E-01   -0.30181407E-02   -0.86870633E-02   -0.21734953E-07   -0.12449824E-07    0.00000000E+00   -0.22149405E-02   -0.14849371E-03    0.34595051E-04   -0.24259023E-08   -0.19690703E-08
120.0000    0.23137537E-01   -0.39119969E-01   -0.17129854E-01   -0.93714307E-02   -0.42548537E-07    0.10150433E-07    0.60064434E-01    0.58127729E-01    0.22650400E-02    0.21202543E-03    0.33257245E-08   -0.36425356E-08    0.00000000E+00   -0.45846641E-01    0.34969291E-01    0.29160456E-02    0.26029197E-07   -0.81551733E-07    0.00000000E+00   -0.21837273E-02    0.37598484E-01    0.34085932E-04   -0.24238060E-08   -0.11809329E-06
130.0000    0.21220798E-01   -0.30878520E-01   -0.12998239E-01   -0.70763046E-02   -0.32076570E-07    0.79117357E-08    0.42981318E-01    0.40974261E-01    0.22513588E-02    0.18895253E-03    0.32518049E-08   -0.36743656E-08    0.00000000E+00   -0.37440713E-01    0.68683940E-01    0.14044012E-01    0.69243533E-07   -0.14205849E-06    0.00000000E+00   -0.22047998E-02    0.71652437E-01    0.31180028E-04   -0.24998732E-08   -0.22293430E-06
140.0000    0.18275657E-01   -0.23637778E-01   -0.91142259E-02   -0.48313501E-02   -0.22153183E-07    0.58861869E-08    0.28241418E-01    0.26095513E-01    0.23141470E-02    0.15846319E-03    0.32643852E-08   -0.38549496E-08    0.00000000E+00   -0.29236620E-01    0.97226858E-01    0.23964350E-01    0.10613401E-06   -0.19297860E-06    0.00000000E+00   -0.22920281E-02    0.10096220E+00    0.27416218E-04   -0.26674929E-08   -0.31327167E-06
150.0000    0.14513457E-01   -0.17271478E-01   -0.58434527E-02   -0.28513125E-02   -0.13667468E-07    0.43095641E-08    0.16297417E-01    0.13906867E-01    0.24916391E-02    0.12283618E-03    0.34159342E-08   -0.42494443E-08    0.00000000E+00   -0.21302633E-01    0.12000401E+00    0.32148486E-01    0.13564888E-06   -0.23353628E-06    0.00000000E+00   -0.24841646E-02    0.12459145E+00    0.23769687E-04   -0.29728891E-08   -0.38627103E-06
160.0000    0.10148680E-01   -0.11654055E-01   -0.34826454E-02   -0.13100050E-02   -0.73394422E-08    0.33747080E-08    0.75238742E-02    0.46769950E-02    0.28893849E-02    0.83792896E-04    0.38435116E-08   -0.50455080E-08    0.00000000E+00   -0.13570128E-01    0.13665154E+00    0.38229079E-01    0.15723236E-06   -0.26316790E-06    0.00000000E+00   -0.28884769E-02    0.14169780E+00    0.20816271E-04   -0.35501138E-08   -0.43947490E-06
170.0000    0.54304277E-02   -0.67669256E-02   -0.23985993E-02   -0.33412268E-03   -0.38943266E-08    0.34848205E-08    0.22308222E-02   -0.17128222E-02    0.39351166E-02    0.42721825E-04    0.50936195E-08   -0.70125310E-08    0.00000000E+00   -0.57986102E-02    0.14708850E+00    0.41966856E-01    0.17081617E-06   -0.28169280E-06    0.00000000E+00   -0.39349098E-02    0.15127492E+00    0.18830387E-04   -0.49446554E-08   -0.47033288E-06
179.9000    0.29677529E-02   -0.20460175E-01    0.12369263E-01    0.16576031E-05    0.16577184E-07   -0.21476112E-07   -0.65680251E-02    0.27391536E-01    0.44428327E-01    0.61953675E-05    0.56575219E-07   -0.80105869E-07    0.00000000E+00    0.16591481E-01    0.13430992E+00    0.43224616E-01    0.15099136E-06   -0.26220506E-06    0.00000000E+00   -0.44407433E-01    0.19659640E+00    0.23124699E-04    0.43329338E-07   -0.56148772E-06
180.0000    0.00000000E+00    0.00000000E+00    0.00000000E+00    0.00000000E+00    0.00000000E+00    0.00000000E+00    0.00000000E+00    0.00000000E+00    0.00000000E+00    0.00000000E+00    0.00000000E+00    0.00000000E+00    0.00000000E+00    0.00000000E+00    0.24605230E+00    0.25107377E+02    0.31832315E-06   -0.43864201E-06    0.00000000E+00    0.00000000E+00   -0.92438026E-01   -0.94324516E+01   -0.29133978E-06   -0.69597308E-08
