  0.0000    0.00000000E+00    0.00000000E+00    0.00000000E+00    0.00000000E+00    0.00000000E+00    0.00000000E+00    0.00000000E+00    0.00000000E+00    0.00000000E+00    0.00000000E+00    0.00000000E+00    0.00000000E+00    0.00000000E+00    0.00000000E+00   -0.15994563E+11   -0.41948032E+05   -0.82033202E+05   -0.32826888E+05    0.00000000E+00    0.00000000E+00    0.19341124E+12    0.83897975E+05    0.16406657E+06   -0.43095154E+06
  0.0003   -0.15393627E+10   -0.67608306E+10   -0.41384213E+09   -0.43828566E+04   -0.26744464E+04   -0.14012859E+04   -0.11635469E+07   -0.42016511E+10   -0.12549495E+10   -0.66287392E+04   -0.15980307E+04    0.22627461E+04    0.00000000E+00    0.57495176E+10    0.17188346E+10   -0.99339573E+03    0.72707870E+03   -0.45608130E+04    0.00000000E+00    0.12549369E+10    0.38849213E+09    0.19885675E+04   -0.14541108E+04   -0.26492836E+04
  0.0004   -0.10190248E+10   -0.40714805E+10    0.12896099E+09   -0.28696187E+04   -0.12418017E+04   -0.16385424E+04    0.21959739E+06   -0.19501392E+10   -0.43085401E+09   -0.39396617E+04   -0.54864193E+03    0.77685462E+03    0.00000000E+00    0.35745858E+10    0.80463251E+09   -0.44185915E+03    0.37375492E+03   -0.21016488E+04    0.00000000E+00    0.43083803E+09    0.94462931E+08    0.88545915E+03   -0.74747440E+03   -0.10380839E+04
  0.0005   -0.71913626E+09   -0.26734315E+10    0.24706748E+09   -0.20024013E+04   -0.66649234E+03   -0.14265806E+04    0.55237616E+06   -0.10462209E+10   -0.18902375E+09   -0.25891489E+04   -0.24069933E+03    0.34082092E+03    0.00000000E+00    0.23962951E+10    0.43339827E+09   -0.23162556E+03    0.21010664E+03   -0.11232172E+04    0.00000000E+00    0.18901446E+09    0.27869381E+08    0.46496258E+03   -0.42018409E+03   -0.50592257E+03
  0.0006   -0.53275824E+09   -0.18761720E+10    0.25706449E+09   -0.14695714E+04   -0.39268916E+03   -0.11835327E+04   -0.16912254E+05   -0.61676010E+09   -0.96738720E+08   -0.18245408E+04   -0.12318545E+03    0.17442543E+03    0.00000000E+00    0.17068698E+10    0.25578799E+09   -0.13589787E+03    0.12468483E+03   -0.66223161E+03    0.00000000E+00    0.96730513E+08    0.14665950E+08    0.27348133E+03   -0.24934646E+03   -0.29446538E+03
  0.0007   -0.40927322E+09   -0.13861270E+10    0.23611959E+09   -0.11219201E+04   -0.24901994E+03   -0.97542772E+03   -0.34145520E+06   -0.39143726E+09   -0.50608475E+08   -0.13518665E+04   -0.64443902E+02    0.91250041E+02    0.00000000E+00    0.12752169E+10    0.16240566E+09   -0.86225550E+02    0.78811519E+02   -0.42081977E+03    0.00000000E+00    0.50603632E+08    0.10239166E+08    0.17411521E+03   -0.15760238E+03   -0.18910256E+03
  0.0008   -0.32382086E+09   -0.10640686E+10    0.20681511E+09   -0.88377446E+03   -0.16965041E+03   -0.80590471E+03   -0.58882254E+05   -0.26650029E+09   -0.27236271E+08   -0.10406152E+04   -0.34682387E+02    0.49108371E+02    0.00000000E+00    0.98747260E+09    0.11077301E+09   -0.57701699E+02    0.55010364E+02   -0.28577618E+03    0.00000000E+00    0.27231111E+08    0.37001180E+07    0.11704831E+03   -0.11000250E+03   -0.12138569E+03
  0.0009   -0.26277999E+09   -0.84009935E+09    0.17917274E+09   -0.71373224E+03   -0.12153352E+03   -0.67274773E+03    0.21948138E+06   -0.19064810E+09   -0.18274181E+08   -0.82566498E+03   -0.23269792E+02    0.32949631E+02    0.00000000E+00    0.78517036E+09    0.79408437E+08   -0.40291346E+02    0.40679186E+02   -0.20361612E+03    0.00000000E+00    0.18271395E+08   -0.60470886E+06    0.82210200E+02   -0.81342301E+02   -0.79481951E+02
  0.0010   -0.21757619E+09   -0.67896855E+09    0.15677484E+09   -0.58801124E+03   -0.88454612E+02   -0.57076302E+03    0.87424508E+05   -0.13882808E+09   -0.14272635E+08   -0.67097788E+03   -0.18174550E+02    0.25734359E+02    0.00000000E+00    0.63835845E+09    0.57794401E+08   -0.29305281E+02    0.29318757E+02   -0.14848226E+03    0.00000000E+00    0.14269937E+08    0.31437155E+06    0.60222270E+02   -0.58623090E+02   -0.59590236E+02
  0.0012   -0.15562518E+09   -0.47140077E+09    0.12131864E+09   -0.41868246E+03   -0.50637225E+02   -0.42386674E+03   -0.98821990E+05   -0.79619411E+08   -0.48145257E+07   -0.46734923E+03   -0.61310142E+01    0.86805858E+01    0.00000000E+00    0.44719323E+09    0.33105512E+08   -0.16781796E+02    0.16312324E+02   -0.85534801E+02    0.00000000E+00    0.48124879E+07    0.14426726E+07    0.35147678E+02   -0.32612957E+02   -0.37051252E+02
  0.0014   -0.11704759E+09   -0.34470528E+09    0.94602117E+08   -0.31321449E+03   -0.32981099E+02   -0.32401885E+03    0.97678807E+05   -0.51694173E+08   -0.40164632E+07   -0.34433755E+03   -0.51144575E+01    0.72419510E+01    0.00000000E+00    0.32925322E+09    0.21575264E+08   -0.10213576E+02    0.11304080E+02   -0.55070927E+02    0.00000000E+00    0.40154704E+07   -0.82121621E+06    0.21987830E+02   -0.22597646E+02   -0.20071224E+02
  0.0015   -0.10289903E+09   -0.29975197E+09    0.85251958E+08   -0.27468008E+03   -0.26006588E+02   -0.28827913E+03   -0.52032263E+05   -0.40889828E+08   -0.34092293E+07   -0.30022934E+03   -0.43413307E+01    0.61469590E+01    0.00000000E+00    0.28712374E+09    0.17002431E+08   -0.82567856E+01    0.83660233E+01   -0.43940938E+02    0.00000000E+00    0.34080683E+07    0.77223502E+06    0.18063289E+02   -0.16722641E+02   -0.19098376E+02
  0.0016   -0.91017298E+08   -0.26363277E+09    0.76812807E+08   -0.24287467E+03   -0.21169086E+02   -0.25747909E+03   -0.92247887E+05   -0.33332726E+08   -0.15182239E+07   -0.26388661E+03   -0.19333378E+01    0.27373871E+01    0.00000000E+00    0.25310702E+09    0.13842936E+08   -0.67042184E+01    0.66329274E+01   -0.35954035E+02    0.00000000E+00    0.15175245E+07    0.10962172E+07    0.14948143E+02   -0.13257073E+02   -0.16629520E+02
  0.0017   -0.81116977E+08   -0.23346898E+09    0.68863331E+08   -0.21637133E+03   -0.18305905E+02   -0.23015982E+03    0.21853834E+05   -0.28722170E+08   -0.64624093E+06   -0.23381581E+03   -0.82266509E+00    0.11654564E+01    0.00000000E+00    0.22461413E+09    0.11982655E+08   -0.54032484E+01    0.61838741E+01   -0.30680045E+02    0.00000000E+00    0.64523493E+06   -0.20863496E+06    0.12336890E+02   -0.12359286E+02   -0.11717433E+02
  0.0018   -0.72879531E+08   -0.20762947E+09    0.62193675E+08   -0.19395803E+03   -0.15817001E+02   -0.20715212E+03    0.81738441E+05   -0.24753456E+08   -0.13366954E+07   -0.20876986E+03   -0.17019250E+01    0.24103383E+01    0.00000000E+00    0.20017435E+09    0.10355883E+08   -0.43996180E+01    0.55946792E+01   -0.26264573E+02    0.00000000E+00    0.13360895E+07   -0.83510564E+06    0.10320842E+02   -0.11181437E+02   -0.86122841E+01
  0.0019   -0.65830071E+08   -0.18587241E+09    0.57023187E+08   -0.17477101E+03   -0.12999938E+02   -0.18842836E+03   -0.19861213E+03   -0.20411379E+08   -0.17282462E+07   -0.18752691E+03   -0.22011408E+01    0.31157053E+01    0.00000000E+00    0.17954214E+09    0.85040817E+07   -0.36798869E+01    0.43011676E+01   -0.21861130E+02    0.00000000E+00    0.17275919E+07    0.81670661E+05    0.88730060E+01   -0.85947457E+01   -0.88460006E+01
  0.0020   -0.59639672E+08   -0.16784205E+09    0.52472941E+08   -0.15829024E+03   -0.10719023E+02   -0.17214888E+03   -0.70218992E+05   -0.16899259E+08   -0.84893984E+06   -0.16921667E+03   -0.10809025E+01    0.15308101E+01    0.00000000E+00    0.16236695E+09    0.70090011E+07   -0.30960205E+01    0.32618286E+01   -0.18300944E+02    0.00000000E+00    0.84817088E+06    0.80846031E+06    0.76972107E+01   -0.65162902E+01   -0.90034700E+01
  0.0030   -0.27286020E+08   -0.74216424E+08    0.25072513E+08   -0.72090178E+02   -0.33746270E+01   -0.80508713E+02    0.78524594E+04   -0.52883411E+07    0.21731905E+06   -0.75282136E+02    0.27681077E+00   -0.39175826E+00    0.00000000E+00    0.72533005E+08    0.22118382E+07   -0.40184378E+00    0.11629894E+01   -0.56415982E+01    0.00000000E+00   -0.21759015E+06   -0.93879126E+05    0.22444748E+01   -0.23210515E+01   -0.20322380E+01
  0.0040   -0.15617337E+08   -0.41420163E+08    0.14573911E+08   -0.41055526E+02   -0.15373357E+01   -0.46373099E+02    0.21346777E+05   -0.23901813E+07   -0.18182201E+06   -0.42415735E+02   -0.23157250E+00    0.32779203E+00    0.00000000E+00    0.40715016E+08    0.10091416E+07    0.23508073E+00    0.60270166E+00   -0.25018622E+01    0.00000000E+00    0.18166083E+06   -0.23126352E+06    0.92443996E+00   -0.12016089E+01   -0.49014055E+00
  0.0050   -0.10089498E+08   -0.26421460E+08    0.96679564E+07   -0.26455612E+02   -0.63097153E+00   -0.30373861E+02   -0.13697012E+05   -0.10023451E+07   -0.13300828E+06   -0.27157042E+02   -0.16938328E+00    0.23980872E+00    0.00000000E+00    0.26060072E+08    0.41290734E+06    0.42673711E+00    0.15220727E+00   -0.11180774E+01    0.00000000E+00    0.13291325E+06    0.15271211E+06    0.50500350E+00   -0.30154960E+00   -0.77135926E+00
  0.0060   -0.70283351E+07   -0.18399605E+08    0.67883847E+07   -0.18472484E+02   -0.38634772E+00   -0.21270407E+02   -0.48968099E+04   -0.60967727E+06    0.11755578E+06   -0.18835214E+02    0.14957056E+00   -0.21208276E+00    0.00000000E+00    0.18179390E+08    0.25365082E+06    0.52069690E+00    0.10961783E+00   -0.67072373E+00    0.00000000E+00   -0.11762176E+06    0.51862135E+05    0.28768127E+00   -0.21683810E+00   -0.37638885E+00
  0.0070   -0.51949154E+07   -0.13460201E+08    0.49708436E+07   -0.13636303E+02   -0.33116543E+00   -0.15623668E+02    0.10752763E+05   -0.50772914E+06   -0.26360167E+04   -0.13851100E+02   -0.32214856E-02    0.48880621E-02    0.00000000E+00    0.13324479E+08    0.21857012E+06    0.57049923E+00    0.15681407E+00   -0.51560382E+00    0.00000000E+00    0.25864001E+04   -0.11842746E+06    0.16303379E+00   -0.31167993E+00    0.52655071E-01
  0.0080   -0.39989544E+07   -0.10257349E+08    0.38868801E+07   -0.10468437E+02   -0.15934075E+00   -0.12117094E+02   -0.25863496E+04   -0.25138946E+06   -0.87206148E+05   -0.10616549E+02   -0.11099062E+00    0.15729387E+00    0.00000000E+00    0.10170391E+08    0.10480618E+06    0.58018579E+00    0.42366309E-01   -0.28006362E+00    0.00000000E+00    0.87168441E+05    0.29293425E+05    0.12194680E+00   -0.82961952E-01   -0.17308142E+00
  0.0090   -0.31565787E+07   -0.81443870E+07    0.31075097E+07   -0.82932220E+01   -0.86014896E-01   -0.96460825E+01   -0.59920666E+04   -0.13977257E+06    0.41984064E+05   -0.83744000E+01    0.53457704E-01   -0.75703753E-01    0.00000000E+00    0.80778980E+07    0.56551920E+05    0.58616115E+00    0.39958664E-02   -0.16998273E+00    0.00000000E+00   -0.42013268E+05    0.65384858E+05    0.90708307E-01   -0.65525409E-02   -0.20770514E+00
  0.0100   -0.25618481E+07   -0.65925670E+07    0.24812023E+07   -0.67420177E+01   -0.12352911E+00   -0.77567994E+01    0.51599815E+04   -0.18766183E+06    0.34556424E+05   -0.67834034E+01    0.44049041E-01   -0.62261727E-01    0.00000000E+00    0.65435956E+07    0.81944269E+05    0.59610350E+00    0.63730602E-01   -0.18836603E+00    0.00000000E+00   -0.34580930E+05   -0.57158284E+05    0.53606941E-01   -0.12620002E+00    0.49644012E-01
  0.0120   -0.17866898E+07   -0.45638969E+07    0.17750812E+07   -0.46997162E+01   -0.22027279E-01   -0.54829583E+01   -0.47999141E+04   -0.38422119E+05    0.21801353E+04   -0.47137536E+01    0.27920391E-02   -0.39150165E-02    0.00000000E+00    0.45362543E+07    0.14564025E+05    0.58755851E+00   -0.12608277E-01   -0.57413629E-01    0.00000000E+00   -0.21973221E+04    0.52723381E+05    0.41018096E-01    0.26343396E-01   -0.13585693E+00
  0.0140   -0.13181589E+07   -0.33390410E+07    0.12801536E+07   -0.34734827E+01   -0.51466508E-01   -0.39897823E+01    0.28726208E+04   -0.77137381E+05   -0.25469142E+05   -0.34667991E+01   -0.32429272E-01    0.45925019E-01    0.00000000E+00    0.33227597E+07    0.34379520E+05    0.58640021E+00    0.29624542E-01   -0.76141992E-01    0.00000000E+00    0.25456750E+05   -0.31478646E+05    0.18097216E-01   -0.58229867E-01    0.38612303E-01
  0.0160   -0.10058589E+07   -0.25761976E+07    0.99694767E+06   -0.26704478E+01   -0.18639930E-01   -0.30856898E+01   -0.59946084E+03   -0.29160485E+05    0.30440323E+05   -0.26478208E+01    0.38708199E-01   -0.54939630E-01    0.00000000E+00    0.25628021E+07    0.12578348E+05    0.57689636E+00    0.40459343E-02   -0.34650602E-01    0.00000000E+00   -0.30449728E+05    0.63902241E+04    0.15261974E-01   -0.72532767E-02   -0.26912418E-01
  0.0180   -0.80049246E+06   -0.20144754E+07    0.79340945E+06   -0.21201278E+01   -0.81842359E-02   -0.24490609E+01   -0.11875388E+04   -0.13417667E+05   -0.23362203E+05   -0.20982762E+01   -0.29718292E-01    0.42154125E-01    0.00000000E+00    0.20072088E+07    0.56210374E+04    0.56905140E+00   -0.20973308E-02   -0.19390116E-01    0.00000000E+00    0.23354417E+05    0.13154262E+05    0.11678866E-01    0.49927930E-02   -0.35475505E-01
  0.0200   -0.64620917E+06   -0.16431665E+07    0.62988710E+06   -0.17283391E+01   -0.24477644E-01   -0.19622876E+01    0.20199451E+04   -0.35842307E+05    0.92824962E+04   -0.16959483E+01    0.11847565E-01   -0.16709479E-01    0.00000000E+00    0.16364605E+07    0.16517789E+05    0.56390056E+00    0.16994402E-01   -0.33821588E-01    0.00000000E+00   -0.92887956E+04   -0.22281218E+05    0.47058072E-02   -0.33287811E-01    0.35259021E-01
  0.0220   -0.53483854E+06   -0.13561893E+07    0.53842690E+06   -0.14340895E+01    0.32369685E-02   -0.16532011E+01   -0.18861576E+04    0.37138673E+04    0.43510389E+04   -0.14020689E+01    0.55188413E-02   -0.78668694E-02    0.00000000E+00    0.13512316E+07   -0.19710874E+04    0.55451493E+00   -0.88267593E-02   -0.27628270E-02    0.00000000E+00   -0.43560737E+04    0.20713699E+05    0.79575193E-02    0.18451850E-01   -0.45272605E-01
  0.0240   -0.45139836E+06   -0.11321462E+07    0.44052088E+06   -0.12139321E+01   -0.13550307E-01   -0.13687864E+01    0.10677624E+04   -0.19780756E+05   -0.13258178E+05   -0.11803225E+01   -0.16891189E-01    0.23896802E-01    0.00000000E+00    0.11290936E+07    0.92462299E+04    0.54993078E+00    0.92333531E-02   -0.19212120E-01    0.00000000E+00    0.13253840E+05   -0.11709026E+05    0.28004513E-02   -0.17830072E-01    0.18192045E-01
  0.0260   -0.38221342E+06   -0.97567475E+06    0.38026028E+06   -0.10402959E+01   -0.52425450E-02   -0.11750905E+01   -0.28121054E+02   -0.78105706E+04    0.15023453E+05   -0.10022897E+01    0.19164245E-01   -0.27054508E-01    0.00000000E+00    0.97195801E+06    0.36824761E+04    0.54311661E+00    0.18205151E-02   -0.95084022E-02    0.00000000E+00   -0.15027116E+05    0.24635299E+03    0.32580745E-02   -0.31787352E-02   -0.39366255E-02
  0.0280   -0.33209676E+06   -0.83106289E+06    0.33199290E+06   -0.90247010E+00    0.81916903E-03   -0.10205371E+01   -0.81078579E+03    0.89403704E+03   -0.10761433E+05   -0.86731036E+00   -0.13697036E-01    0.19409869E-01    0.00000000E+00    0.82918927E+06   -0.37444058E+03    0.53688145E+00   -0.35522838E-02   -0.24003398E-02    0.00000000E+00    0.10758271E+05    0.89440316E+04    0.36156554E-02    0.76457951E-02   -0.19869983E-01
  0.0300   -0.28816117E+06   -0.72916726E+06    0.28053098E+06   -0.79293096E+00   -0.11019752E-01   -0.87405651E+00    0.11723022E+04   -0.15782881E+05    0.31049640E+04   -0.75389075E+00    0.40123468E-02   -0.55398892E-02    0.00000000E+00    0.72701082E+06    0.75421977E+04    0.53274466E+00    0.88008443E-02   -0.14402275E-01    0.00000000E+00   -0.31076879E+04   -0.12912332E+05    0.54977542E-03   -0.17117758E-01    0.22606258E-01
  0.0400   -0.16243520E+06   -0.40954575E+06    0.15770911E+06   -0.46461794E+00   -0.65816612E-02   -0.49176429E+00    0.78554971E+03   -0.92752381E+04    0.67347140E+03   -0.42420053E+00    0.91184326E-03   -0.11600512E-02    0.00000000E+00    0.40857958E+06    0.45413418E+04    0.50952192E+00    0.56603747E-02   -0.83107914E-02    0.00000000E+00   -0.67501166E+03   -0.86458925E+04   -0.18380558E-03   -0.10875099E-01    0.15723472E-01
  0.0500   -0.10414075E+06   -0.26167669E+06    0.10083612E+06   -0.31240333E+00   -0.44294847E-02   -0.31464577E+00    0.56228464E+03   -0.61878663E+04   -0.49747388E+03   -0.27162683E+00   -0.62804570E-03    0.90240291E-03    0.00000000E+00    0.26116631E+06    0.30859738E+04    0.49125767E+00    0.39586269E-02   -0.55351865E-02    0.00000000E+00    0.49649131E+03   -0.61855390E+04   -0.35394701E-03   -0.76273768E-02    0.11402064E-01
  0.0600   -0.72437109E+05   -0.18138859E+06    0.69988563E+05   -0.22965704E+00   -0.31911675E-02   -0.21850679E+00    0.41491245E+03   -0.43850856E+04   -0.11131980E+04   -0.18872473E+00   -0.14140760E-02    0.20106110E-02    0.00000000E+00    0.18109367E+06    0.22230045E+04    0.47628600E+00    0.28999546E-02   -0.39389857E-02    0.00000000E+00    0.11125133E+04   -0.45625718E+04   -0.35431255E-03   -0.55423940E-02    0.84940849E-02
  0.0700   -0.53301881E+05   -0.13300588E+06    0.51437847E+05   -0.17971016E+00   -0.23231415E-02   -0.16056860E+00    0.30909066E+03   -0.31904423E+04   -0.14401920E+04   -0.13874024E+00   -0.18509064E-02    0.25797580E-02    0.00000000E+00    0.13282675E+06    0.16451395E+04    0.46360220E+00    0.21493016E-02   -0.29118715E-02    0.00000000E+00    0.14396891E+04   -0.33976826E+04   -0.34161288E-03   -0.41389631E-02    0.63138040E-02
  0.0800   -0.40870264E+05   -0.10163001E+06    0.39438511E+05   -0.14727161E+00   -0.17167561E-02   -0.12304697E+00    0.22881072E+03   -0.23319944E+04   -0.15990374E+04   -0.10629401E+00   -0.20358987E-02    0.28834443E-02    0.00000000E+00    0.10151826E+06    0.12269470E+04    0.45260390E+00    0.15945314E-02   -0.21800975E-02    0.00000000E+00    0.15986518E+04   -0.25142246E+04   -0.25576996E-03   -0.30188233E-02    0.47160381E-02
  0.0900   -0.32338080E+05   -0.80144082E+05    0.31243024E+05   -0.12502491E+00   -0.12519919E-02   -0.97369286E-01    0.16568338E+03   -0.16817848E+04   -0.16517943E+04   -0.84024985E-01   -0.20889681E-02    0.29926782E-02    0.00000000E+00    0.80073349E+05    0.90863676E+03    0.44290244E+00    0.11758943E-02   -0.16194723E-02    0.00000000E+00    0.16514899E+04   -0.18196759E+04   -0.21401467E-03   -0.22099753E-02    0.33881485E-02
  0.1000   -0.26227546E+05   -0.64799452E+05    0.25403612E+05   -0.10910822E+00   -0.89728873E-03   -0.79049979E-01    0.11491715E+03   -0.11724595E+04   -0.16338064E+04   -0.68092100E-01   -0.20826591E-02    0.29436485E-02    0.00000000E+00    0.64754146E+05    0.65838360E+03    0.43422545E+00    0.83340393E-03   -0.11920738E-02    0.00000000E+00    0.16335610E+04   -0.12612175E+04   -0.14359674E-03   -0.14963155E-02    0.23837445E-02
  0.1100   -0.21699951E+05   -0.53468944E+05    0.21098816E+05   -0.97327172E-01   -0.60237997E-03   -0.65511624E-01    0.73583477E+02   -0.76541920E+03   -0.15669890E+04   -0.56311549E-01   -0.20008503E-02    0.28198976E-02    0.00000000E+00    0.53439232E+05    0.45777152E+03    0.42637259E+00    0.55342009E-03   -0.85488659E-03    0.00000000E+00    0.15667845E+04   -0.80657869E+03   -0.11187938E-03   -0.98080922E-03    0.15005818E-02
  0.1200   -0.18250620E+05   -0.44872366E+05    0.17834564E+05   -0.88358320E-01   -0.36647649E-03   -0.55233444E-01    0.39786636E+02   -0.43695604E+03   -0.14659718E+04   -0.47340112E-01   -0.18724301E-02    0.26375446E-02    0.00000000E+00    0.44851755E+05    0.29539684E+03    0.41921833E+00    0.33688605E-03   -0.57188465E-03    0.00000000E+00    0.14658010E+04   -0.43487576E+03   -0.53110763E-04   -0.51769234E-03    0.82017690E-03
  0.1300   -0.15561162E+05   -0.38201635E+05    0.15299356E+05   -0.81383306E-01   -0.17658948E-03   -0.47244142E-01    0.12232796E+02   -0.17160888E+03   -0.13411784E+04   -0.40341740E-01   -0.17052986E-02    0.24207564E-02    0.00000000E+00    0.38185701E+05    0.16377062E+03    0.41262070E+00    0.13945048E-03   -0.36438002E-03    0.00000000E+00    0.13410323E+04   -0.13186100E+03   -0.33942147E-04   -0.19722416E-03    0.20843830E-03
  0.1400   -0.13422691E+05   -0.32926124E+05    0.13289039E+05   -0.75841306E-01   -0.19955956E-04   -0.40902888E-01   -0.10007449E+02    0.41287320E+02   -0.12004513E+04   -0.34798094E-01   -0.15342763E-02    0.21588404E-02    0.00000000E+00    0.32911797E+05    0.57698677E+02    0.40652091E+00   -0.90705182E-06   -0.17841358E-03    0.00000000E+00    0.12003257E+04    0.11269885E+03    0.31595441E-05    0.15031449E-03   -0.19639677E-03
  0.1500   -0.11693584E+05   -0.28685607E+05    0.11665418E+05   -0.71382392E-01    0.10219722E-03   -0.35785761E-01   -0.27637113E+02    0.20950244E+03   -0.10499595E+04   -0.30310248E-01   -0.13284119E-02    0.19017255E-02    0.00000000E+00    0.28670752E+05   -0.26616590E+02    0.40085047E+00   -0.12087489E-03   -0.38990547E-04    0.00000000E+00    0.10498494E+04    0.30654324E+03   -0.46998768E-05    0.29544372E-03   -0.64761819E-03
  0.1600   -0.10275088E+05   -0.25228490E+05    0.10332366E+05   -0.67726845E-01    0.20010688E-03   -0.31586799E-01   -0.41216147E+02    0.33901318E+03   -0.89471627E+03   -0.26623692E-01   -0.11020582E-02    0.16504828E-02    0.00000000E+00    0.25211643E+05   -0.92101622E+02    0.39553889E+00   -0.21651866E-03    0.66826466E-04    0.00000000E+00    0.89461936E+03    0.45583462E+03    0.25390739E-04    0.51448895E-03   -0.88785898E-03
  0.1700   -0.90966577E+04   -0.22374680E+05    0.92214676E+04   -0.64703513E-01    0.26319134E-03   -0.28106102E-01   -0.51213073E+02    0.43465961E+03   -0.73888798E+03   -0.23595423E-01   -0.95024638E-03    0.13228982E-02    0.00000000E+00    0.22354877E+05   -0.14112812E+03    0.39056931E+00   -0.26286504E-03    0.17130718E-03    0.00000000E+00    0.73880318E+03    0.56572948E+03    0.36784792E-04    0.61623326E-03   -0.11241996E-02
  0.1800   -0.81068174E+04   -0.19992486E+05    0.82830658E+04   -0.62166511E-01    0.32318621E-03   -0.25159170E-01   -0.58037243E+02    0.50055388E+03   -0.58597685E+03   -0.21025960E-01   -0.74889700E-03    0.10538257E-02    0.00000000E+00    0.19969145E+05   -0.17570745E+03    0.38586875E+00   -0.32520952E-03    0.21534392E-03    0.00000000E+00    0.58590059E+03    0.64073087E+03    0.44816651E-04    0.73982192E-03   -0.12313482E-02
  0.1900   -0.72672997E+04   -0.17983784E+05    0.74805222E+04   -0.60019554E-01    0.34666578E-03   -0.22666713E-01   -0.62059612E+02    0.54033538E+03   -0.43892969E+03   -0.18858276E-01   -0.53689802E-03    0.81344289E-03    0.00000000E+00    0.17956625E+05   -0.19761439E+03    0.38143031E+00   -0.35670458E-03    0.25124427E-03    0.00000000E+00    0.43886185E+03    0.68492035E+03    0.38497995E-04    0.75153758E-03   -0.13555789E-02
  0.2000   -0.65491775E+04   -0.16274253E+05    0.67864222E+04   -0.58193983E-01    0.35899796E-03   -0.20519023E-01   -0.63625571E+02    0.55732714E+03   -0.30021264E+03   -0.17009454E-01   -0.36616146E-03    0.55742475E-03    0.00000000E+00    0.16243229E+05   -0.20846491E+03    0.37722823E+00   -0.36571191E-03    0.27561790E-03    0.00000000E+00    0.30015178E+03    0.70209731E+03    0.63717326E-04    0.82263872E-03   -0.13373216E-02
  0.2100   -0.59302533E+04   -0.14806780E+05    0.61800105E+04   -0.56623693E-01    0.35557220E-03   -0.18656860E-01   -0.63062549E+02    0.55463126E+03   -0.17185025E+03   -0.15418742E-01   -0.22382777E-03    0.30485924E-03    0.00000000E+00    0.14772031E+05   -0.20976362E+03    0.37322402E+00   -0.35989053E-03    0.28543467E-03    0.00000000E+00    0.17179429E+03    0.69586365E+03    0.58007861E-04    0.77473755E-03   -0.13660453E-02
  0.2200   -0.53932591E+04   -0.13536909E+05    0.56454157E+04   -0.55260040E-01    0.34814008E-03   -0.17019643E-01   -0.60684508E+02    0.53518946E+03   -0.55454388E+02   -0.14043437E-01   -0.94832613E-04    0.75769490E-04    0.00000000E+00    0.13498721E+05   -0.20293113E+03    0.36940480E+00   -0.35137963E-03    0.27292582E-03    0.00000000E+00    0.55404737E+02    0.66967256E+03    0.68798748E-04    0.79720597E-03   -0.12630016E-02
  0.2300   -0.49245913E+04   -0.12429654E+05    0.51703999E+04   -0.54074591E-01    0.32861412E-03   -0.15577811E-01   -0.56793690E+02    0.50180792E+03    0.47746564E+02   -0.12829425E-01    0.54274635E-04   -0.92614809E-04    0.00000000E+00    0.12388429E+05   -0.18932047E+03    0.36576478E+00   -0.32389456E-03    0.25853853E-03    0.00000000E+00   -0.47793133E+02    0.62684783E+03    0.35254697E-04    0.69018385E-03   -0.12382760E-02
  0.2400   -0.45134070E+04   -0.11457214E+05    0.47454574E+04   -0.53036778E-01    0.29765640E-03   -0.14301459E-01   -0.51681046E+02    0.45717004E+03    0.13689921E+03   -0.11771077E-01    0.16628888E-03   -0.25487335E-03    0.00000000E+00    0.11413433E+05   -0.17022243E+03    0.36228456E+00   -0.29561506E-03    0.22806405E-03    0.00000000E+00   -0.13694202E+03    0.57059083E+03    0.40360561E-04    0.63604994E-03   -0.11193386E-02
  0.2500   -0.41509687E+04   -0.10597311E+05    0.43631562E+04   -0.52124002E-01    0.25833126E-03   -0.13164657E-01   -0.45625410E+02    0.40383543E+03    0.21149901E+03   -0.10836551E-01    0.27423919E-03   -0.37642483E-03    0.00000000E+00    0.10551515E+05   -0.14686482E+03    0.35893740E+00   -0.26325308E-03    0.18856773E-03    0.00000000E+00   -0.21153821E+03    0.50396616E+03    0.35093730E-04    0.56507131E-03   -0.98535040E-03
  0.2600   -0.38301619E+04   -0.98319659E+04    0.40176507E+04   -0.51309533E-01    0.22068687E-03   -0.12139375E-01   -0.38892058E+02    0.34423227E+03    0.27137315E+03   -0.10006419E-01    0.35126657E-03   -0.48359667E-03    0.00000000E+00    0.97847331E+04   -0.12041066E+03    0.35572944E+00   -0.21886538E-03    0.15157082E-03    0.00000000E+00   -0.27140914E+03    0.42989261E+03    0.27925775E-04    0.48516236E-03   -0.83737651E-03
  0.2700   -0.35451364E+04   -0.91465879E+04    0.37043123E+04   -0.50594912E-01    0.16597909E-03   -0.11230116E-01   -0.31730853E+02    0.28063903E+03    0.31665968E+03   -0.92729283E-02    0.40273362E-03   -0.57145092E-03    0.00000000E+00    0.90985083E+04   -0.91950935E+02    0.35263401E+00   -0.17445126E-03    0.10843029E-03    0.00000000E+00   -0.31669306E+03    0.35111721E+03    0.11771126E-04    0.36701800E-03   -0.71317306E-03
  0.2800   -0.32910366E+04   -0.85292719E+04    0.34194486E+04   -0.49949796E-01    0.11974451E-03   -0.10399984E-01   -0.24374260E+02    0.21517189E+03    0.34778194E+03   -0.86111260E-02    0.44613898E-03   -0.62379135E-03    0.00000000E+00    0.84809344E+04   -0.62497006E+02    0.34966105E+00   -0.12920563E-03    0.63062662E-04    0.00000000E+00   -0.34781273E+03    0.27019706E+03    0.20455781E-04    0.31983243E-03   -0.51141265E-03
  0.2900   -0.30637961E+04   -0.79702715E+04    0.31600875E+04   -0.49373692E-01    0.76141062E-04   -0.96456788E-02   -0.17035303E+02    0.14976736E+03    0.36542038E+03   -0.80211264E-02    0.47837015E-03   -0.64582378E-03    0.00000000E+00    0.79222441E+04   -0.32974812E+02    0.34679896E+00   -0.81386453E-04    0.20058582E-04    0.00000000E+00   -0.36544952E+03    0.18947458E+03   -0.11136403E-04    0.19270121E-03   -0.39020599E-03
  0.3000   -0.28599805E+04   -0.74615800E+04    0.29238074E+04   -0.48851818E-01    0.37287790E-04   -0.89576307E-02   -0.99056710E+01    0.86166469E+02    0.37048455E+03   -0.75025729E-02    0.45116138E-03   -0.68861216E-03    0.00000000E+00    0.74143993E+04   -0.42153978E+01    0.34402268E+00   -0.39881562E-04   -0.26913143E-04    0.00000000E+00   -0.37051133E+03    0.11105766E+03   -0.29173670E-05    0.14034017E-03   -0.20132208E-03
  0.3100   -0.26766665E+04   -0.69966058E+04    0.27086068E+04   -0.48385695E-01   -0.10217210E-04   -0.83430839E-02   -0.31541047E+01    0.25899618E+02    0.36407799E+03   -0.70178081E-02    0.46658518E-03   -0.65347895E-03    0.00000000E+00    0.69507629E+04    0.23049651E+02    0.34134250E+00    0.15157319E-05   -0.69395140E-04    0.00000000E+00   -0.36410366E+03    0.36802194E+02   -0.13458676E-04    0.30754593E-04   -0.82465153E-04
  0.3200   -0.25113470E+04   -0.65699097E+04    0.25127998E+04   -0.47957976E-01   -0.48604813E-04   -0.77790830E-02    0.30748622E+01   -0.29721272E+02    0.34746589E+03   -0.65776051E-02    0.45168496E-03   -0.61727304E-03    0.00000000E+00    0.65258423E+04    0.48194112E+02    0.33874358E+00    0.38086671E-04   -0.11017963E-03    0.00000000E+00   -0.34749029E+03   -0.31702313E+02   -0.30056776E-04   -0.46054197E-04    0.51476072E-04
  0.3300   -0.23618573E+04   -0.61769982E+04    0.23349345E+04   -0.47570129E-01   -0.79030008E-04   -0.72623161E-02    0.86618698E+01   -0.79614648E+02    0.32203734E+03   -0.61915089E-02    0.40189666E-03   -0.58883194E-03    0.00000000E+00    0.61350818E+04    0.70700111E+02    0.33623465E+00    0.75338153E-04   -0.14216651E-03    0.00000000E+00   -0.32205955E+03   -0.93144332E+02   -0.22475538E-04   -0.10172041E-03    0.18483255E-03
  0.3400   -0.22263177E+04   -0.58141511E+04    0.21737295E+04   -0.47212079E-01   -0.10638752E-03   -0.67937363E-02    0.13513233E+02   -0.12292935E+03    0.28926972E+03   -0.58337413E-02    0.37178942E-03   -0.51813155E-03    0.00000000E+00    0.57746943E+04    0.90161050E+02    0.33378780E+00    0.10408928E-03   -0.17328579E-03    0.00000000E+00   -0.28929023E+03   -0.14649359E+03   -0.34899235E-04   -0.17670490E-03    0.27397387E-03
  0.3600   -0.19907252E+04   -0.51668250E+04    0.18967444E+04   -0.46592626E-01   -0.15120114E-03   -0.59864218E-02    0.20762073E+02   -0.18758027E+03    0.20785049E+03   -0.52141220E-02    0.26416330E-03   -0.37527630E-03    0.00000000E+00    0.51329282E+04    0.11886659E+03    0.32911298E+00    0.14935789E-03   -0.21632807E-03    0.00000000E+00   -0.20786898E+03   -0.22619726E+03   -0.51973173E-04   -0.27776338E-03    0.41811896E-03
  0.3700   -0.18879672E+04   -0.48776313E+04    0.17788652E+04   -0.46322443E-01   -0.16584514E-03   -0.56384174E-02    0.23098357E+02   -0.20835727E+03    0.16227039E+03   -0.49352834E-02    0.21242657E-03   -0.28678857E-03    0.00000000E+00    0.48466908E+04    0.12783849E+03    0.32687923E+00    0.16445212E-03   -0.22883532E-03    0.00000000E+00   -0.16228763E+03   -0.25188052E+03   -0.40492512E-04   -0.27668934E-03    0.49820598E-03
  0.3800   -0.17936961E+04   -0.46088975E+04    0.16733991E+04   -0.46071170E-01   -0.18046362E-03   -0.53285758E-02    0.24574423E+02   -0.22141689E+03    0.11542793E+03   -0.46811657E-02    0.16331112E-03   -0.19179600E-03    0.00000000E+00    0.45809370E+04    0.13321014E+03    0.32470227E+00    0.18139606E-03   -0.22841695E-03    0.00000000E+00   -0.11544502E+03   -0.26810168E+03   -0.51479963E-04   -0.32334926E-03    0.50144949E-03
  0.3900   -0.17069262E+04   -0.43590912E+04    0.15793797E+04   -0.45832523E-01   -0.16934868E-03   -0.50282156E-02    0.25216333E+02   -0.22699129E+03    0.68718319E+02   -0.44495641E-02    0.10041961E-03   -0.11098818E-03    0.00000000E+00    0.43340685E+04    0.13508719E+03    0.32257391E+00    0.17708322E-03   -0.23850444E-03    0.00000000E+00   -0.68734070E+02   -0.27514798E+03   -0.39887496E-04   -0.30796756E-03    0.53850874E-03
  0.4000   -0.16267867E+04   -0.41268978E+04    0.14958514E+04   -0.45623833E-01   -0.18719490E-03   -0.47890923E-02    0.25069490E+02   -0.22548654E+03    0.23428490E+02   -0.42277531E-02    0.61057547E-04   -0.11018801E-04    0.00000000E+00    0.41047086E+04    0.13365855E+03    0.32050830E+00    0.18069909E-03   -0.23049343E-03    0.00000000E+00   -0.23443694E+02   -0.27351900E+03   -0.50082829E-04   -0.33154176E-03    0.50992306E-03
  0.4100   -0.15525094E+04   -0.39111709E+04    0.14218681E+04   -0.45420258E-01   -0.17264886E-03   -0.45469409E-02    0.24196300E+02   -0.21746147E+03   -0.19282979E+02   -0.40394885E-02   -0.24874145E-04    0.34448784E-04    0.00000000E+00    0.38916564E+04    0.12918624E+03    0.31848736E+00    0.17485306E-03   -0.22258066E-03    0.00000000E+00    0.19268739E+02   -0.26390209E+03   -0.47192443E-04   -0.29960134E-03    0.51227763E-03
  0.4200   -0.14834176E+04   -0.37108940E+04    0.13564908E+04   -0.45233758E-01   -0.16220303E-03   -0.43353658E-02    0.22673580E+02   -0.20360691E+03   -0.58408836E+02   -0.38590767E-02   -0.82574374E-04    0.97116912E-04    0.00000000E+00    0.36938466E+04    0.12199286E+03    0.31651447E+00    0.16003915E-03   -0.21526458E-03    0.00000000E+00    0.58394509E+02   -0.24714126E+03   -0.40104971E-04   -0.28340617E-03    0.47690912E-03
  0.4300   -0.14189170E+04   -0.35251464E+04    0.12987918E+04   -0.45059990E-01   -0.14285288E-03   -0.41385080E-02    0.20589783E+02   -0.18471633E+03   -0.93103023E+02   -0.36815612E-02   -0.11045766E-03    0.17596822E-03    0.00000000E+00    0.35103191E+04    0.11245149E+03    0.31459252E+00    0.14716113E-03   -0.19878914E-03    0.00000000E+00    0.93089565E+02   -0.22420987E+03   -0.40978435E-04   -0.24585940E-03    0.44390885E-03
  0.4400   -0.13584883E+04   -0.33530778E+04    0.12478582E+04   -0.44897251E-01   -0.13078626E-03   -0.39697473E-02    0.18042119E+02   -0.16166329E+03   -0.12269489E+03   -0.35248109E-02   -0.15859186E-03    0.21887161E-03    0.00000000E+00    0.33401913E+04    0.10097280E+03    0.31271176E+00    0.12840425E-03   -0.18223253E-03    0.00000000E+00    0.12268206E+03   -0.19617809E+03   -0.37744945E-04   -0.22761670E-03    0.37591345E-03
  0.4500   -0.13016795E+04   -0.31938859E+04    0.12027996E+04   -0.44747910E-01   -0.11689047E-03   -0.38172313E-02    0.15133629E+02   -0.13537424E+03   -0.14669330E+03   -0.33703764E-02   -0.17623599E-03    0.27505715E-03    0.00000000E+00    0.31826385E+04    0.87992209E+02    0.31087718E+00    0.11186329E-03   -0.15883948E-03    0.00000000E+00    0.14668101E+03   -0.16417859E+03   -0.34427308E-04   -0.20111486E-03    0.30397074E-03
  0.4600   -0.12481000E+04   -0.30468002E+04    0.11627548E+04   -0.44602347E-01   -0.88213730E-04   -0.36653591E-02    0.11970259E+02   -0.10680219E+03   -0.16478723E+03   -0.32340887E-02   -0.21541232E-03    0.29154573E-03    0.00000000E+00    0.30368764E+04    0.73957505E+02    0.30907284E+00    0.91485247E-04   -0.13604059E-03    0.00000000E+00    0.16477599E+03   -0.12937634E+03   -0.26821804E-04   -0.13820124E-03    0.25981733E-03
  0.4700   -0.11974151E+04   -0.29110700E+04    0.11268995E+04   -0.44471012E-01   -0.72875178E-04   -0.35397141E-02    0.86580428E+01   -0.76899333E+02   -0.17684466E+03   -0.31014938E-02   -0.23781641E-03    0.30623559E-03    0.00000000E+00    0.29021485E+04    0.59317561E+02    0.30731729E+00    0.65990984E-04   -0.11649594E-03    0.00000000E+00    0.17683348E+03   -0.92938495E+02   -0.18564716E-04   -0.10324502E-03    0.18267469E-03
  0.4800   -0.11493400E+04   -0.27859551E+04    0.10944552E+04   -0.44344558E-01   -0.41211753E-04   -0.34082377E-02    0.53004178E+01   -0.46595794E+02   -0.18290171E+03   -0.29702735E-02   -0.23705582E-03    0.32563034E-03    0.00000000E+00    0.27777183E+04    0.44510144E+02    0.30559653E+00    0.48840920E-04   -0.88091872E-04    0.00000000E+00    0.18289114E+03   -0.56002481E+02   -0.22046857E-04   -0.76625362E-04    0.95662917E-04
  0.4900   -0.11036351E+04   -0.26707202E+04    0.10646964E+04   -0.44230867E-01   -0.25553223E-04   -0.33010280E-02    0.19957227E+01   -0.16776734E+02   -0.18315742E+03   -0.28500029E-02   -0.22948600E-03    0.33398683E-03    0.00000000E+00    0.26628610E+04    0.29951447E+02    0.30390979E+00    0.24333061E-04   -0.67810772E-04    0.00000000E+00    0.18314664E+03   -0.19650107E+02   -0.13080269E-04   -0.16704642E-04    0.43747734E-04
  0.5000   -0.10601011E+04   -0.25646322E+04    0.10369581E+04   -0.44118490E-01    0.75579777E-06   -0.31893838E-02   -0.11650095E+01    0.11740152E+02   -0.17795403E+03   -0.27343341E-02   -0.21545628E-03    0.33200863E-03    0.00000000E+00    0.25568625E+04    0.16026682E+02    0.30225686E+00    0.12009317E-05   -0.48104196E-04    0.00000000E+00    0.17794452E+03    0.15118233E+02   -0.51478662E-05    0.32682477E-04   -0.13827861E-04
  0.5500   -0.87025581E+03   -0.21460629E+04    0.91020408E+03   -0.43665119E-01    0.67525399E-04   -0.27326629E-02   -0.12352546E+02    0.11270136E+03   -0.89944134E+02   -0.22597907E-02   -0.12261929E-03    0.15408845E-03    0.00000000E+00    0.21354373E+04   -0.33691192E+02    0.29447760E+00   -0.68570590E-04    0.35078345E-04    0.00000000E+00    0.89935989E+02    0.13817011E+03    0.97642144E-05    0.16905667E-03   -0.25601541E-03
  0.6000   -0.72019138E+03   -0.18516696E+04    0.77613163E+03   -0.43327165E-01    0.73638001E-04   -0.23140845E-02   -0.12916346E+02    0.11795994E+03    0.33785079E+02   -0.18854734E-02    0.28997536E-04   -0.74940235E-04    0.00000000E+00    0.18361298E+04   -0.37876792E+02    0.28738104E+00   -0.73521354E-04    0.43004328E-04    0.00000000E+00   -0.33791987E+02    0.14435685E+03   -0.28126374E-05    0.15449066E-03   -0.28961453E-03
  0.6500   -0.60556334E+03   -0.16132859E+04    0.63205579E+03   -0.43076846E-01    0.21016460E-04   -0.19234653E-02   -0.49764220E+01    0.46635616E+02    0.10856793E+03   -0.15881465E-02    0.14632408E-03   -0.18767864E-03    0.00000000E+00    0.15950742E+04   -0.56372956E+01    0.28087330E+00   -0.19782760E-04   -0.24399577E-05    0.00000000E+00   -0.10857336E+03    0.57011490E+02   -0.56162106E-05    0.61898581E-04   -0.11349386E-03
  0.7000   -0.52158551E+03   -0.13944062E+04    0.50188700E+03   -0.42884982E-01   -0.39335073E-04   -0.15833604E-02    0.46714840E+01   -0.40089474E+02    0.98208313E+02   -0.13703557E-02    0.12897769E-03   -0.17315430E-03    0.00000000E+00    0.13776213E+04    0.34080052E+02    0.27485190E+00    0.39088531E-04   -0.65756710E-04    0.00000000E+00   -0.98212939E+02   -0.49109835E+02   -0.65388320E-05   -0.40001983E-04    0.11108148E-03
  0.7500   -0.46019111E+03   -0.11907548E+04    0.41052932E+03   -0.42729188E-01   -0.67394571E-04   -0.13303634E-02    0.95890815E+01   -0.84262726E+02    0.26365142E+02   -0.12022927E-02    0.39602148E-04   -0.41508633E-04    0.00000000E+00    0.11783469E+04    0.53868275E+02    0.26923981E+00    0.66088182E-04   -0.99634342E-04    0.00000000E+00   -0.26369560E+02   -0.10319197E+03   -0.20357073E-04   -0.11358542E-03    0.20387849E-03
  0.8000   -0.41166488E+03   -0.10167188E+04    0.36468060E+03   -0.42604844E-01   -0.54911018E-04   -0.11768290E-02    0.75324007E+01   -0.65686057E+02   -0.49583767E+02   -0.10689391E-02   -0.70809270E-04    0.81732219E-04    0.00000000E+00    0.10087928E+04    0.44158573E+02    0.26400209E+00    0.57447226E-04   -0.78403980E-04    0.00000000E+00    0.49580069E+02   -0.80557705E+02   -0.20454979E-04   -0.96409629E-04    0.15142133E-03
  0.8500   -0.36821091E+03   -0.88619655E+03    0.34936414E+03   -0.42503874E-01   -0.16267548E-04   -0.10910654E-02    0.10584345E+01   -0.73715181E+01   -0.80116625E+02   -0.94837926E-03   -0.10577438E-03    0.14069962E-03    0.00000000E+00    0.88039942E+03    0.15794511E+02    0.25907592E+00    0.13278330E-04   -0.35312539E-04    0.00000000E+00    0.80113402E+02   -0.93395070E+01    0.15599111E-06    0.73820808E-05    0.36114515E-04
  0.9000   -0.32653711E+03   -0.79913274E+03    0.33911362E+03   -0.42416452E-01    0.23706914E-04   -0.10195558E-02   -0.49063437E+01    0.46346450E+02   -0.53078957E+02   -0.84313901E-03   -0.62957898E-04    0.10033634E-03    0.00000000E+00    0.79251766E+03   -0.10306521E+02    0.25443747E+00   -0.24877207E-04    0.68301868E-05    0.00000000E+00    0.53075670E+02    0.56271082E+02   -0.37001768E-05    0.61926273E-04   -0.11118834E-03
  0.9500   -0.28776976E+03   -0.74029009E+03    0.31434058E+03   -0.42351579E-01    0.35285091E-04   -0.93176488E-03   -0.65611989E+01    0.61266110E+02    0.48185973E+01   -0.74980009E-03    0.81323578E-05   -0.66917684E-05    0.00000000E+00    0.73125597E+03   -0.18008411E+02    0.25006045E+00   -0.34411419E-04    0.20990380E-04    0.00000000E+00   -0.48216996E+01    0.74469950E+02    0.42174230E-05    0.85075080E-04   -0.14402726E-03
  1.0000   -0.25499199E+03   -0.68865944E+03    0.27182163E+03   -0.42300041E-01    0.20496715E-04   -0.81574626E-03   -0.34718170E+01    0.33482697E+02    0.51061722E+02   -0.66926730E-03    0.68947483E-04   -0.88140847E-04    0.00000000E+00    0.67774018E+03   -0.54794368E+01    0.24590936E+00   -0.19363800E-04   -0.25066408E-05    0.00000000E+00   -0.51063996E+02    0.40483643E+02    0.75523608E-06    0.52353851E-04   -0.72191653E-04
  1.1000   -0.21246983E+03   -0.56258316E+03    0.18617770E+03   -0.42231112E-01   -0.39562497E-04   -0.61232705E-03    0.51507097E+01   -0.44082488E+02    0.24063351E+02   -0.55482250E-03    0.34968418E-04   -0.39061040E-04    0.00000000E+00    0.55374987E+03    0.30128221E+02    0.23821099E+00    0.35804227E-04   -0.56883442E-04    0.00000000E+00   -0.24065685E+02   -0.54360066E+02   -0.10907465E-04   -0.52627520E-04    0.11460797E-03
  1.2000   -0.18509947E+03   -0.44550573E+03    0.16920660E+03   -0.42180545E-01   -0.14017255E-04   -0.53457122E-03    0.15776293E+01   -0.11895608E+02   -0.46107067E+02   -0.47679134E-03   -0.59677643E-04    0.82167987E-04    0.00000000E+00    0.44079360E+03    0.14079592E+02    0.23119078E+00    0.14914390E-04   -0.28400633E-04    0.00000000E+00    0.46105151E+02   -0.15049428E+02   -0.16613879E-04   -0.34899962E-04    0.11398702E-04
  1.3000   -0.15419984E+03   -0.39514143E+03    0.16928839E+03   -0.42149231E-01    0.20037955E-04   -0.50076763E-03   -0.39941577E+01    0.38266547E+02   -0.46705582E+01   -0.40254650E-03   -0.52161845E-05    0.91525082E-05    0.00000000E+00    0.38887465E+03   -0.10325454E+02    0.22474113E+00   -0.19984687E-04    0.11780954E-04    0.00000000E+00    0.46688628E+01    0.46237939E+02   -0.52499550E-06    0.47066652E-04   -0.95181599E-04
  1.4000   -0.12870390E+03   -0.35929662E+03    0.12714001E+03   -0.42137465E-01   -0.10133596E-04   -0.40127221E-03    0.47749296E+00   -0.19673319E+01    0.38025814E+02   -0.33631637E-03    0.60268036E-04   -0.56716104E-04    0.00000000E+00    0.35133698E+03    0.80593063E+01    0.21878659E+00    0.66332221E-05   -0.18160751E-04    0.00000000E+00   -0.38027227E+02   -0.29522484E+01   -0.10889164E-04   -0.17126230E-04   -0.80438143E-05
  1.5000   -0.11618796E+03   -0.29612451E+03    0.95564046E+02   -0.42133791E-01   -0.23416414E-04   -0.31741348E-03    0.35789708E+01   -0.29868524E+02   -0.80221756E+01   -0.30473776E-03   -0.14470372E-04    0.10209371E-04    0.00000000E+00    0.29085002E+03    0.20702897E+02    0.21325186E+00    0.22805578E-04   -0.40885645E-04    0.00000000E+00    0.80208767E+01   -0.37065009E+02   -0.12019799E-04   -0.45203885E-04    0.68824397E-04
  1.6000   -0.10423910E+03   -0.25164775E+03    0.10354731E+03   -0.42135857E-01    0.22094197E-05   -0.31634766E-03   -0.10001961E+01    0.11352603E+02   -0.28620854E+02   -0.26789986E-03   -0.32244405E-04    0.55805937E-04    0.00000000E+00    0.24773825E+03    0.77263756E+00    0.20808120E+00   -0.47524375E-05   -0.71294107E-05    0.00000000E+00    0.28619937E+02    0.13307344E+02   -0.32750246E-05    0.18317218E-04   -0.22622028E-04
  2.0000   -0.65803532E+02   -0.16594879E+03    0.71241780E+02   -0.42198071E-01    0.52731229E-05   -0.21389795E-03   -0.17499475E+01    0.18116992E+02   -0.10130707E+02   -0.17072441E-03   -0.11696988E-04    0.19469526E-04    0.00000000E+00    0.16211698E+03   -0.38117415E+01    0.19028996E+00   -0.88045954E-05    0.29219990E-05    0.00000000E+00    0.10130156E+02    0.21554617E+02   -0.58106741E-05    0.12358441E-04   -0.53953047E-04
  2.5000   -0.39921644E+02   -0.11637539E+03    0.36074289E+02   -0.42324388E-01   -0.65770803E-05   -0.11755747E-03    0.84960605E+00   -0.52707543E+01    0.14753762E+02   -0.10956999E-03    0.89575992E-05   -0.36431466E-04    0.00000000E+00    0.11209915E+03    0.61271680E+01    0.17264792E+00    0.63386371E-05   -0.12511228E-04    0.00000000E+00   -0.14754010E+02   -0.70410596E+01   -0.45868541E-05   -0.11523198E-04    0.10138200E-04
  3.0000   -0.29858775E+02   -0.72351666E+02    0.24882272E+02   -0.42470195E-01   -0.47342067E-05   -0.81283027E-04    0.61391947E+00   -0.31452813E+01   -0.11555255E+02   -0.75381662E-04   -0.92372327E-05    0.26311817E-04    0.00000000E+00    0.69923602E+02    0.43915710E+01    0.15836262E+00    0.44764364E-05   -0.90339689E-05    0.00000000E+00    0.11554874E+02   -0.44475472E+01   -0.63575954E-05   -0.10317372E-04    0.33652409E-05
  4.0000   -0.15977011E+02   -0.44898472E+02    0.10836736E+02   -0.42768957E-01   -0.68160860E-05   -0.40154654E-04    0.10180260E+01   -0.67805561E+01    0.12346399E+01   -0.41495776E-04    0.49677686E-05    0.11694729E-05    0.00000000E+00    0.42496005E+02    0.52027431E+01    0.13613578E+00    0.68416782E-05   -0.91642494E-05    0.00000000E+00   -0.12347625E+01   -0.88937785E+01   -0.97187527E-05   -0.24060199E-04    0.33009780E-05
  5.0000   -0.97146608E+01   -0.31395525E+02    0.90059830E+01   -0.43054349E-01   -0.74359917E-06   -0.28449967E-04    0.23824096E+00    0.23717286E+00    0.56500825E+01   -0.25333856E-04    0.73338391E-05   -0.10048301E-04    0.00000000E+00    0.29170954E+02    0.13535844E+01    0.11922289E+00    0.15497398E-06   -0.40092473E-05    0.00000000E+00   -0.56501950E+01   -0.31748125E+00   -0.27443685E-05   -0.67244575E-06    0.30426631E-06
  6.0000   -0.70569718E+01   -0.20841021E+02    0.80597232E+01   -0.43320050E-01    0.56766064E-06   -0.24227595E-04   -0.18665377E+00    0.40596253E+01    0.67278563E+00   -0.18288590E-04    0.11553076E-05   -0.91447714E-06    0.00000000E+00    0.19131127E+02   -0.80300364E+00    0.10567364E+00   -0.20802587E-06    0.22623667E-05    0.00000000E+00   -0.67281596E+00    0.43547512E+01   -0.25827833E-05    0.10103998E-05   -0.12386731E-04
  7.0000   -0.55499942E+01   -0.14035373E+02    0.47821594E+01   -0.43560792E-01   -0.40657679E-06   -0.15118604E-04    0.13232500E+00    0.11869803E+01   -0.32468980E+01   -0.12657692E-04   -0.16022883E-05    0.83865988E-05    0.00000000E+00    0.12711409E+02    0.30656040E+00    0.94442591E-01   -0.55555982E-06   -0.14986745E-05    0.00000000E+00    0.32469867E+01    0.84398456E+00   -0.26620475E-05   -0.43282919E-05   -0.69247599E-05
  8.0000   -0.41219696E+01   -0.11506730E+02    0.19712632E+01   -0.43779208E-01   -0.19528576E-05   -0.80173307E-05    0.48667359E+00   -0.20048397E+01   -0.12694324E+01   -0.97689939E-05    0.60569090E-06    0.45110236E-05    0.00000000E+00    0.10226312E+02    0.16314298E+01    0.84908143E-01    0.19431755E-05   -0.30758205E-05    0.00000000E+00    0.12692304E+01   -0.30562097E+01   -0.22734253E-05   -0.40539445E-05    0.53483015E-05
  9.0000   -0.29632550E+01   -0.10519452E+02    0.17390486E+01   -0.43974182E-01   -0.16413363E-05   -0.69914153E-05    0.37506530E+00   -0.10033326E+01    0.18967971E+01   -0.94303151E-05   -0.82811904E-06   -0.66635016E-05    0.00000000E+00    0.91915833E+01    0.10191788E+01    0.76669024E-01    0.16981904E-05   -0.14372522E-05    0.00000000E+00   -0.18968782E+01   -0.18313562E+01    0.97979283E-07    0.19985193E-05    0.76325769E-05
 10.0000   -0.24097873E+01   -0.86300978E+01    0.25305904E+01   -0.44146232E-01    0.60708114E-06   -0.71781287E-05    0.95251376E-01    0.15118020E+01    0.14165692E+01   -0.63022769E-05    0.25478815E-05   -0.18101088E-05    0.00000000E+00    0.74150414E+01   -0.27799955E+00    0.69449869E-01   -0.29577420E-06    0.55947478E-06    0.00000000E+00   -0.14165729E+01    0.12435324E+01   -0.24409106E-07    0.50038370E-06   -0.33252691E-05
 12.0000   -0.19051530E+01   -0.52235933E+01    0.84589723E+00   -0.44429083E-01   -0.52512489E-06   -0.31274771E-05    0.30542110E+00   -0.38767501E+00   -0.13601775E+01   -0.40612610E-05   -0.48166001E-06    0.37028447E-05    0.00000000E+00    0.42807534E+01    0.45892869E+00    0.57343075E-01    0.59985578E-06   -0.81201086E-06    0.00000000E+00    0.13601925E+01   -0.10754433E+01   -0.21112060E-05   -0.43848782E-05   -0.10763414E-05
 16.0000   -0.10904904E+01   -0.31080649E+01    0.60100185E+00   -0.44766457E-01   -0.14702737E-05   -0.33192199E-05    0.21852695E+00    0.37427190E+00   -0.98355078E+00   -0.27644916E-05    0.48959270E-07    0.30747944E-05    0.00000000E+00    0.23139231E+01   -0.89578347E-01    0.39431290E-01   -0.27037925E-06    0.52031676E-08    0.00000000E+00    0.98347339E+00   -0.13774502E+00   -0.16273736E-05   -0.30989005E-05   -0.26751362E-05
 20.0000   -0.68187342E+00   -0.22142188E+01    0.48886517E+00   -0.44832960E-01   -0.39909214E-06   -0.19030565E-05    0.18086994E+00    0.68747444E+00   -0.50661356E+00   -0.10323049E-05    0.59023800E-06    0.21488043E-05    0.00000000E+00    0.14976630E+01   -0.34032457E+00    0.26781038E-01    0.39962800E-06    0.14466162E-05    0.00000000E+00    0.50660298E+00    0.25332072E+00    0.35669510E-06    0.18084102E-05    0.10290842E-05
 25.0000   -0.44886880E+00   -0.14756976E+01    0.85391733E-01   -0.44587858E-01   -0.49306659E-06   -0.75576914E-06    0.22754701E+00    0.22753496E+00   -0.51709538E+00   -0.73643947E-06   -0.29024479E-06    0.13005682E-05    0.00000000E+00    0.84190968E+00   -0.19514628E+00    0.15478408E-01   -0.19099127E-06    0.40936456E-06    0.00000000E+00    0.51714266E+00   -0.29592711E+00    0.59017655E-06    0.36133361E-05    0.45237381E-05
 30.0000   -0.29454723E+00   -0.11557214E+01   -0.12637174E+00   -0.44028140E-01   -0.23026935E-06    0.15850575E-06    0.25085105E+00   -0.30323473E-01   -0.28106492E+00   -0.33799948E-06    0.71469285E-06    0.15793722E-05    0.00000000E+00    0.56603350E+00   -0.11256704E+00    0.74448892E-02    0.30592004E-06    0.65222579E-06    0.00000000E+00    0.28115045E+00   -0.59554697E+00    0.29058964E-06    0.45789699E-06    0.22900616E-05
 40.0000   -0.10920428E+00   -0.90365977E+00   -0.14408663E+00   -0.42128218E-01   -0.79535125E-06   -0.35207737E-06    0.22956763E+00    0.41951277E-01    0.18760861E+00    0.30457181E-06    0.17495389E-05    0.11723722E-05    0.00000000E+00    0.36306417E+00   -0.17655023E+00   -0.25621679E-02   -0.27790258E-06    0.26524363E-06    0.00000000E+00   -0.18762795E+00   -0.46880623E+00    0.86133564E-06    0.28923968E-05    0.43346511E-05
 50.0000   -0.41457393E-01   -0.64834990E+00   -0.55165240E-02   -0.39400180E-01   -0.26952645E-06   -0.25255520E-06    0.18218390E+00    0.32129610E+00    0.13908073E+00   -0.20198585E-06   -0.16195922E-06   -0.58983276E-06    0.00000000E+00    0.15743473E+00   -0.30618459E+00   -0.76185260E-02   -0.39004854E-06    0.55191002E-06    0.00000000E+00   -0.13912512E+00   -0.80036198E-01   -0.29491422E-06   -0.94995679E-07    0.15123089E-06
 60.0000   -0.21149769E-01   -0.39842697E+00   -0.20097580E-01   -0.36052919E-01   -0.21193381E-07    0.40635621E-07    0.16799207E+00    0.27857171E+00   -0.11055799E+00    0.27463318E-06    0.70167302E-06    0.10417981E-05    0.00000000E+00   -0.44230874E-01   -0.26750426E+00   -0.96788197E-02    0.22562280E-06    0.10485836E-05    0.00000000E+00    0.11059674E+00   -0.77286621E-01    0.84670040E-06    0.99721020E-06    0.12349779E-05
 70.0000    0.11349254E-01   -0.30829817E+00   -0.11142462E+00   -0.32264594E-01   -0.10698214E-06    0.23580903E-06    0.16944476E+00    0.76941948E-01   -0.92533540E-01    0.10160970E-06   -0.26746010E-06    0.17213796E-07    0.00000000E+00   -0.10455930E+00   -0.14445139E+00   -0.98035641E-02   -0.99244374E-09    0.44340361E-06    0.00000000E+00    0.92519371E-01   -0.26301611E+00    0.28288984E-06    0.10371972E-05    0.18463505E-05
 80.0000    0.49898762E-01   -0.31050670E+00   -0.97963235E-01   -0.28193540E-01   -0.25506378E-06    0.46314246E-07    0.14815923E+00    0.67524064E-01    0.80645845E-01    0.65587472E-06    0.11702618E-05    0.92215965E-06    0.00000000E+00   -0.82032910E-01   -0.10670874E+00   -0.86481481E-02   -0.10266975E-06    0.22561330E-06    0.00000000E+00   -0.80634224E-01   -0.20972476E+00   -0.53416285E-06   -0.10878070E-05   -0.44260136E-06
 90.0000    0.63246817E-01   -0.25299174E+00   -0.16106491E-01   -0.23988775E-01    0.19476908E-07    0.69027565E-07    0.11209021E+00    0.18520875E+00    0.73867594E-01    0.16866662E-06    0.60256412E-06    0.37531489E-06    0.00000000E+00   -0.10988194E+00   -0.12600712E+00   -0.66598569E-02   -0.20218336E-06    0.18547001E-06    0.00000000E+00   -0.73862624E-01    0.80895344E-03   -0.57365112E-06   -0.56482182E-06   -0.56731051E-06
100.0000    0.57515465E-01   -0.14934094E+00   -0.96662992E-02   -0.19790561E-01   -0.12482822E-06   -0.95090425E-07    0.91870708E-01    0.15957452E+00   -0.67680575E-01    0.33843183E-06    0.37928364E-06    0.58749888E-06    0.00000000E+00   -0.17574118E+00   -0.76575658E-01   -0.41710573E-02   -0.23267882E-07    0.21231254E-06    0.00000000E+00    0.67696103E-01    0.36323464E-01   -0.25938483E-06   -0.44396190E-06   -0.55570887E-06
110.0000    0.61095970E-01   -0.11520868E+00   -0.63857524E-01   -0.15731883E-01   -0.99151763E-06   -0.79506379E-06    0.85019596E-01    0.20218323E-01   -0.64793861E-01    0.15124427E-06    0.57878593E-07    0.25721303E-06    0.00000000E+00   -0.17698268E+00    0.25960900E-01   -0.14411937E-02   -0.43679373E-07   -0.12354653E-06    0.00000000E+00    0.64780818E-01   -0.69211247E-01   -0.15577252E-06   -0.14380480E-05   -0.12251237E-05
120.0000    0.72849390E-01   -0.14048841E+00   -0.55293507E-01   -0.11935396E-01   -0.36572287E-06   -0.19561570E-06    0.66066795E-01    0.22481264E-02    0.63864485E-01    0.64358926E-06    0.44594771E-06    0.24947244E-06    0.00000000E+00   -0.12253336E+00    0.69259565E-01    0.13212095E-02    0.38658640E-06    0.17351350E-06    0.00000000E+00   -0.63844476E-01   -0.30440979E-01   -0.35354671E-06    0.11546131E-06    0.20911116E-06
130.0000    0.68002095E-01   -0.11606163E+00    0.13080527E-01   -0.85147575E-02   -0.11215404E-06   -0.15239550E-06    0.36153175E-01    0.10106508E+00    0.64856078E-01   -0.45128282E-06   -0.19199688E-05   -0.21194947E-05    0.00000000E+00   -0.10874169E+00    0.54231895E-01    0.39410276E-02   -0.25160068E-06   -0.41844186E-06    0.00000000E+00   -0.64877650E-01    0.14520325E+00    0.14099146E-05    0.37088749E-05    0.32621658E-05
140.0000    0.46461528E-01   -0.38037155E-01    0.20891356E-01   -0.55700167E-02   -0.26881044E-06   -0.33308145E-06    0.21097463E-01    0.89360790E-01   -0.68305407E-01    0.69649193E-06    0.12148359E-05    0.14249734E-05    0.00000000E+00   -0.13926919E+00    0.87113002E-01    0.62773066E-02    0.23213710E-06   -0.35860830E-07    0.00000000E+00    0.68297619E-01    0.17843436E+00    0.12848661E-06    0.24945724E-06   -0.29948538E-06
150.0000    0.34848089E-01   -0.16136882E-01   -0.42379331E-01   -0.31863692E-02    0.30010679E-06    0.43048426E-06    0.23524595E-01   -0.51795584E-01   -0.75303496E-01    0.29793311E-06    0.67042125E-06    0.90208794E-06    0.00000000E+00   -0.11775718E+00    0.17604809E+00    0.82126820E-02   -0.41261826E-06   -0.95421968E-06    0.00000000E+00    0.75320394E-01    0.44280486E-01   -0.50594683E-07   -0.68345183E-06   -0.81967809E-06
160.0000    0.38348746E-01   -0.69098941E-01   -0.45390084E-01   -0.14333138E-02   -0.88173143E-07    0.51466733E-07    0.16131545E-01   -0.73147743E-01    0.89327219E-01    0.10126723E-05    0.20463081E-05    0.17714982E-05    0.00000000E+00   -0.28206518E-01    0.20256236E+00    0.96592911E-02    0.16153521E-06   -0.46163576E-06    0.00000000E+00   -0.89355394E-01    0.46486243E-01   -0.19043173E-06   -0.15481317E-05   -0.16911439E-05
170.0000    0.27452612E-01   -0.67960315E-01    0.58144525E-01   -0.36061376E-03    0.48827144E-06    0.30939329E-06   -0.10580100E-01    0.11330520E+00    0.12393089E+00   -0.24694940E-07    0.45286619E-06    0.71600221E-07    0.00000000E+00    0.15039323E-01    0.12453761E+00    0.10552641E-01   -0.66712531E-06   -0.10502578E-05    0.00000000E+00   -0.12397146E+00    0.29186465E+00    0.59443548E-06    0.10875140E-05    0.18960984E-06
179.9000   -0.99911188E-01    0.42500094E+00   -0.67663144E+00    0.75142635E-06   -0.12533528E-04   -0.10451912E-04    0.14256240E+00   -0.12819930E+01   -0.10014603E+01   -0.15376263E-05   -0.12323767E-05    0.18485560E-05    0.00000000E+00   -0.37528637E+00    0.78701585E+00    0.10866519E-01    0.12371814E-04    0.99506067E-05    0.00000000E+00    0.10007883E+01   -0.14081524E+01   -0.19048566E-04   -0.67940390E-04   -0.63608294E-04
180.0000    0.00000000E+00    0.00000000E+00    0.00000000E+00    0.00000000E+00    0.00000000E+00    0.00000000E+00    0.00000000E+00    0.00000000E+00    0.00000000E+00    0.00000000E+00    0.00000000E+00    0.00000000E+00    0.00000000E+00    0.00000000E+00   -0.97647197E+02   -0.99639997E+04   -0.47322024E-03   -0.17281448E-03    0.00000000E+00    0.00000000E+00    0.25341227E+03    0.25858395E+05    0.35333808E-02    0.27537731E-02
