  0.0000    0.00000000E+00    0.00000000E+00    0.00000000E+00    0.00000000E+00    0.00000000E+00    0.00000000E+00    0.00000000E+00    0.00000000E+00    0.00000000E+00    0.00000000E+00    0.00000000E+00    0.00000000E+00    0.00000000E+00    0.00000000E+00   -0.15990916E+07   -0.41894700E+03   -0.82031768E+01   -0.32836673E+01    0.00000000E+00    0.00000000E+00    0.19341653E+08    0.83904505E+03    0.16407966E+02   -0.43095472E+02
  0.0003   -0.28046244E+05   -0.28354231E+05   -0.91106787E+04   -0.34609273E+00   -0.13296513E-01    0.14731944E-01   -0.14957794E+05   -0.35838707E+05   -0.63815584E+06   -0.27880441E+02   -0.81261634E+00    0.11506319E+01    0.00000000E+00   -0.50866130E+05   -0.15861890E+07   -0.41825463E+03   -0.81765702E+01   -0.32967548E+01    0.00000000E+00    0.63805480E+06    0.19289209E+08    0.83766027E+03    0.16354752E+02   -0.42987343E+02
  0.0004   -0.37353255E+05   -0.38081945E+05   -0.16164047E+05   -0.61444085E+00   -0.23592497E-01    0.26135227E-01   -0.14800943E+05   -0.51850719E+05   -0.84914247E+06   -0.37127035E+02   -0.10812830E+01    0.15310530E+01    0.00000000E+00   -0.67406561E+05   -0.15761931E+07   -0.41771738E+03   -0.81559449E+01   -0.33068812E+01    0.00000000E+00    0.84900793E+06    0.19248545E+08    0.83658572E+03    0.16313501E+02   -0.42903497E+02
  0.0005   -0.46624687E+05   -0.48044520E+05   -0.25190779E+05   -0.95838975E+00   -0.36771612E-01    0.40726310E-01   -0.14600961E+05   -0.72347281E+05   -0.10586526E+07   -0.46333607E+02   -0.13480694E+01    0.19088118E+01    0.00000000E+00   -0.83593737E+05   -0.15633917E+07   -0.41702822E+03   -0.81295145E+01   -0.33198334E+01    0.00000000E+00    0.10584847E+07    0.19196427E+08    0.83520737E+03    0.16260639E+02   -0.42796019E+02
  0.0006   -0.55851889E+05   -0.58298220E+05   -0.36159751E+05   -0.13771429E+01   -0.52790328E-01    0.58452982E-01   -0.14359035E+05   -0.97261211E+05   -0.12663270E+07   -0.55490359E+02   -0.16125184E+01    0.22832609E+01    0.00000000E+00   -0.99342354E+05   -0.15478225E+07   -0.41618838E+03   -0.80973445E+01   -0.33355612E+01    0.00000000E+00    0.12661260E+07    0.19132975E+08    0.83352761E+03    0.16196298E+02   -0.42665153E+02
  0.0007   -0.65026370E+05   -0.68897704E+05   -0.49033248E+05   -0.18697331E+01   -0.71595878E-01    0.79251972E-01   -0.14076683E+05   -0.12651117E+06   -0.14718133E+07   -0.64587629E+02   -0.18741810E+01    0.26537645E+01    0.00000000E+00   -0.11456907E+06   -0.15295309E+07   -0.41519928E+03   -0.80595143E+01   -0.33540040E+01    0.00000000E+00    0.14715792E+07    0.19058335E+08    0.83154935E+03    0.16120636E+02   -0.42511190E+02
  0.0008   -0.74139826E+05   -0.79895715E+05   -0.63767146E+05   -0.24350271E+01   -0.93126528E-01    0.10304928E+00   -0.13755588E+05   -0.16000187E+06   -0.16747667E+07   -0.73615919E+02   -0.21326182E+01    0.30197011E+01    0.00000000E+00   -0.12919291E+06   -0.15085704E+07   -0.41406264E+03   -0.80161169E+01   -0.33750905E+01    0.00000000E+00    0.16744999E+07    0.18972681E+08    0.82927601E+03    0.16033840E+02   -0.42334477E+02
  0.0009   -0.83184174E+05   -0.91342806E+05   -0.80311140E+05   -0.30717291E+01   -0.11731187E+00    0.12976054E+00   -0.13397742E+05   -0.19762475E+06   -0.18748514E+07   -0.82565919E+02   -0.23874025E+01    0.33804654E+01    0.00000000E+00   -0.14313559E+06   -0.14850016E+07   -0.41278042E+03   -0.79672583E+01   -0.33987398E+01    0.00000000E+00    0.18745522E+07    0.18876209E+08    0.82671147E+03    0.15936121E+02   -0.42135405E+02
  0.0010   -0.92151574E+05   -0.10328706E+06   -0.98608992E+05   -0.37783869E+01   -0.14407318E+00    0.15929148E+00   -0.13005269E+05   -0.23925828E+06   -0.20717419E+07   -0.91428530E+02   -0.26381195E+01    0.37354705E+01    0.00000000E+00   -0.15632185E+06   -0.14588928E+07   -0.41135480E+03   -0.79130576E+01   -0.34248613E+01    0.00000000E+00    0.20714106E+07    0.18769139E+08    0.82386014E+03    0.15827718E+02   -0.41914415E+02
  0.0012   -0.10982554E+06   -0.12884549E+06   -0.14021335E+06   -0.53950120E+01   -0.20496952E+00    0.22638846E+00   -0.12126147E+05   -0.33401080E+06   -0.24546958E+07   -0.10885640E+03   -0.31257661E+01    0.44259585E+01    0.00000000E+00   -0.18014129E+06   -0.13993615E+07   -0.40808328E+03   -0.77891656E+01   -0.34841137E+01    0.00000000E+00    0.24543013E+07    0.18524202E+08    0.81731687E+03    0.15579929E+02   -0.41408668E+02
  0.0014   -0.12710484E+06   -0.15689694E+06   -0.18802293E+06   -0.72703815E+01   -0.27503477E+00    0.30340651E+00   -0.11139152E+05   -0.44305416E+06   -0.28212674E+07   -0.12583184E+03   -0.35925519E+01    0.50869083E+01    0.00000000E+00   -0.20012186E+06   -0.13306534E+07   -0.40427006E+03   -0.76456260E+01   -0.35519505E+01    0.00000000E+00    0.28208114E+07    0.18240069E+08    0.80969018E+03    0.15292845E+02   -0.40821634E+02
  0.0015   -0.13558014E+06   -0.17194477E+06   -0.21405984E+06   -0.82999813E+01   -0.31323259E+00    0.34530969E+00   -0.10612380E+05   -0.50251312E+06   -0.29977332E+07   -0.13413004E+03   -0.38172603E+01    0.54050862E+01    0.00000000E+00   -0.20852527E+06   -0.12930953E+07   -0.40216809E+03   -0.75669046E+01   -0.35887745E+01    0.00000000E+00    0.29972471E+07    0.18084077E+08    0.80548609E+03    0.15135400E+02   -0.40499180E+02
  0.0016   -0.14393789E+06   -0.18771325E+06   -0.24140599E+06   -0.93878919E+01   -0.35338317E+00    0.38928791E+00   -0.10067441E+05   -0.56502047E+06   -0.31693220E+07   -0.14229196E+03   -0.40357584E+01    0.57144708E+01    0.00000000E+00   -0.21580126E+06   -0.12535380E+07   -0.39994040E+03   -0.74837897E+01   -0.36273551E+01    0.00000000E+00    0.31688063E+07    0.17919250E+08    0.80103055E+03    0.14969167E+02   -0.40158332E+02
  0.0017   -0.15217255E+06   -0.20422703E+06   -0.26997281E+06   -0.10531754E+02   -0.39536216E+00    0.43519301E+00   -0.95074622E+04   -0.63038404E+06   -0.33358064E+07   -0.15031056E+03   -0.42477568E+01    0.60146518E+01    0.00000000E+00   -0.22190371E+06   -0.12120901E+07   -0.39759059E+03   -0.73964723E+01   -0.36675498E+01    0.00000000E+00    0.33352617E+07    0.17745943E+08    0.79633077E+03    0.14794529E+02   -0.39799801E+02
  0.0018   -0.16027901E+06   -0.22150677E+06   -0.29966860E+06   -0.11729113E+02   -0.43904078E+00    0.48287171E+00   -0.89357034E+04   -0.69840486E+06   -0.34969759E+07   -0.15817919E+03   -0.44529872E+01    0.63052498E+01    0.00000000E+00   -0.22679142E+06   -0.11688637E+07   -0.39512242E+03   -0.73051507E+01   -0.37092114E+01    0.00000000E+00    0.34964027E+07    0.17564525E+08    0.79139427E+03    0.14611882E+02   -0.39424326E+02
  0.0019   -0.16825252E+06   -0.23956908E+06   -0.33039908E+06   -0.12977424E+02   -0.48428652E+00    0.53216648E+00   -0.83552513E+04   -0.76887791E+06   -0.36526379E+07   -0.16589158E+03   -0.46512044E+01    0.65859173E+01    0.00000000E+00   -0.23042842E+06   -0.11239751E+07   -0.39253982E+03   -0.72100303E+01   -0.37521881E+01    0.00000000E+00    0.36520367E+07    0.17375379E+08    0.78622888E+03    0.14421638E+02   -0.39032676E+02
  0.0020   -0.17608877E+06   -0.25842643E+06   -0.36206775E+06   -0.14274066E+02   -0.53096364E+00    0.58291611E+00   -0.77694339E+04   -0.84159332E+06   -0.38026170E+07   -0.17344182E+03   -0.48421851E+01    0.68563383E+01    0.00000000E+00   -0.23278382E+06   -0.10775429E+07   -0.38984682E+03   -0.71113215E+01   -0.37963252E+01    0.00000000E+00    0.38019884E+07    0.17178899E+08    0.78084268E+03    0.14224217E+02   -0.38625636E+02
  0.0030   -0.24624059E+06   -0.49051604E+06   -0.70843644E+06   -0.29285299E+02   -0.10455461E+01    0.11339162E+01   -0.22768520E+04   -0.16441887E+07   -0.49645349E+07   -0.23902141E+03   -0.63217508E+01    0.89513436E+01    0.00000000E+00   -0.18285772E+06   -0.55563141E+06   -0.35780283E+03   -0.59757319E+01   -0.42663652E+01    0.00000000E+00    0.49636688E+07    0.14902144E+08    0.71675230E+03    0.11952993E+02   -0.33892560E+02
  0.0040   -0.30077896E+06   -0.78669256E+06   -0.10426422E+07   -0.46031450E+02   -0.15531363E+01    0.16544900E+01    0.98525543E+03   -0.24380162E+07   -0.54999425E+07   -0.28493962E+03   -0.70035294E+01    0.99167144E+01    0.00000000E+00   -0.88171360E+04   -0.13457400E+05   -0.31964591E+03   -0.47244848E+01   -0.46830839E+01    0.00000000E+00    0.54989099E+07    0.12349647E+08    0.64043527E+03    0.94504428E+01   -0.28542508E+02
  0.0050   -0.34077766E+06   -0.11055493E+07   -0.12933296E+07   -0.62010319E+02   -0.19506156E+01    0.20282356E+01    0.13661739E+04   -0.30617862E+07   -0.55032962E+07   -0.31170855E+03   -0.70077999E+01    0.99227613E+01    0.00000000E+00    0.24703550E+06    0.45226731E+06   -0.27963394E+03   -0.35433123E+01   -0.49346856E+01    0.00000000E+00    0.55021666E+07    0.98786512E+07    0.56040746E+03    0.70880336E+01   -0.23303045E+02
  0.0060   -0.36837731E+06   -0.13991611E+07   -0.14315202E+07   -0.75554626E+02   -0.21929168E+01    0.22110692E+01    0.72826444E+02   -0.34435224E+07   -0.51486056E+07   -0.32238909E+03   -0.65561432E+01    0.92832337E+01    0.00000000E+00    0.52714034E+06    0.79248960E+06   -0.24100381E+03   -0.25422540E+01   -0.49803008E+01    0.00000000E+00    0.51474373E+07    0.77118024E+07    0.48314282E+03    0.50858492E+01   -0.18639049E+02
  0.0070   -0.38537942E+06   -0.16333335E+07   -0.14660001E+07   -0.85937321E+02   -0.22876677E+01    0.22223939E+01   -0.10993615E+04   -0.35934159E+07   -0.46097185E+07   -0.32103052E+03   -0.58699339E+01    0.83115890E+01    0.00000000E+00    0.78352686E+06    0.10039428E+07   -0.20569460E+03   -0.17539711E+01   -0.48425409E+01    0.00000000E+00    0.46085551E+07    0.59302423E+07    0.41251959E+03    0.35092145E+01   -0.14734821E+02
  0.0080   -0.39302773E+06   -0.17956592E+07   -0.14246096E+07   -0.93135971E+02   -0.22702100E+01    0.21125163E+01   -0.11683642E+04   -0.35659941E+07   -0.40121743E+07   -0.31146488E+03   -0.51090317E+01    0.72341823E+01    0.00000000E+00    0.99028891E+06    0.11101591E+07   -0.17454818E+03   -0.11608735E+01   -0.45762114E+01    0.00000000E+00    0.40110456E+07    0.45193023E+07    0.35022167E+03    0.23229515E+01   -0.11580412E+02
  0.0090   -0.39262207E+06   -0.18908737E+07   -0.13359468E+07   -0.97495954E+02   -0.21786521E+01    0.19313083E+01   -0.41843813E+03   -0.34213931E+07   -0.34265349E+07   -0.29676014E+03   -0.43632888E+01    0.61782405E+01    0.00000000E+00    0.11416591E+07    0.11408112E+07   -0.14770438E+03   -0.72723330E+00   -0.42368705E+01    0.00000000E+00    0.34254595E+07    0.34250214E+07    0.29652878E+03    0.14556060E+01   -0.90812673E+01
  0.0100   -0.38602574E+06   -0.19308337E+07   -0.12207513E+07   -0.99483679E+02   -0.20416885E+01    0.17138797E+01    0.23957038E+03   -0.32055885E+07   -0.28866890E+07   -0.27919327E+03   -0.36758586E+01    0.52048671E+01    0.00000000E+00    0.12425974E+07    0.11202040E+07   -0.12493948E+03   -0.41881426E+00   -0.38650549E+01    0.00000000E+00    0.28856772E+07    0.25901863E+07    0.25099357E+03    0.83870632E+00   -0.71298466E+01
  0.0120   -0.36284238E+06   -0.18894106E+07   -0.96195613E+06   -0.98247178E+02   -0.17060646E+01    0.12533358E+01   -0.23743149E+03   -0.26789148E+07   -0.20031936E+07   -0.24159236E+03   -0.25508313E+01    0.36118739E+01    0.00000000E+00    0.13226372E+07    0.99171946E+06   -0.89964906E+02   -0.68240822E-01   -0.31192063E+01    0.00000000E+00    0.20023181E+07    0.15011570E+07    0.18103344E+03    0.13744813E+00   -0.44807714E+01
  0.0140   -0.33483141E+06   -0.17482710E+07   -0.72447402E+06   -0.92934011E+02   -0.13776151E+01    0.85118584E+00   -0.49106617E+03   -0.21633234E+07   -0.13923700E+07   -0.20635293E+03   -0.17730193E+01    0.25105235E+01    0.00000000E+00    0.12890536E+07    0.82729048E+06   -0.65738099E+02    0.78590996E-01   -0.24665186E+01    0.00000000E+00    0.13916222E+07    0.89753776E+06    0.13256891E+03   -0.15631110E+00   -0.29175323E+01
  0.0160   -0.30460752E+06   -0.15744794E+07   -0.53740275E+06   -0.85944132E+02   -0.11051481E+01    0.54813927E+00    0.13869608E+03   -0.17347939E+07   -0.97598399E+06   -0.17574416E+03   -0.12428008E+01    0.17597555E+01    0.00000000E+00    0.12027942E+07    0.67782629E+06   -0.48817781E+02    0.13708370E+00   -0.19482083E+01    0.00000000E+00    0.97534715E+06    0.54511877E+06    0.98717617E+02   -0.27337800E+00   -0.19504033E+01
  0.0180   -0.27550228E+06   -0.14001229E+07   -0.39100656E+06   -0.78462302E+02   -0.88206921E+00    0.32083904E+00   -0.24141234E+03   -0.13848521E+07   -0.68969384E+06   -0.15000700E+03   -0.87824397E+00    0.12435578E+01    0.00000000E+00    0.10983492E+07    0.54878167E+06   -0.36932333E+02    0.14756973E+00   -0.15407242E+01    0.00000000E+00    0.68915027E+06    0.34559483E+06    0.74936411E+02   -0.29441951E+00   -0.13576213E+01
  0.0200   -0.24941717E+06   -0.12348120E+07   -0.28182737E+06   -0.71209648E+02   -0.70750673E+00    0.15951828E+00   -0.23172323E+03   -0.11107226E+07   -0.50154740E+06   -0.12880985E+03   -0.63866163E+00    0.90431892E+00    0.00000000E+00    0.98850538E+06    0.44444581E+06   -0.28425333E+02    0.13985624E+00   -0.12274547E+01    0.00000000E+00    0.50108065E+06    0.22665855E+06    0.57912495E+02   -0.27905198E+00   -0.97635343E+00
  0.0220   -0.22531592E+06   -0.10894992E+07   -0.20307071E+06   -0.64515767E+02   -0.57442273E+00    0.50312164E-01    0.86473590E+02   -0.90142970E+06   -0.36831339E+06   -0.11128388E+03   -0.46900379E+00    0.66409028E+00    0.00000000E+00    0.88652092E+06    0.36360844E+06   -0.22196069E+02    0.12858033E+00   -0.99003926E+00    0.00000000E+00    0.36791014E+06    0.14838054E+06    0.45444460E+02   -0.25655135E+00   -0.71303519E+00
  0.0240   -0.20398909E+06   -0.96284377E+06   -0.14246149E+06   -0.58419208E+02   -0.46737475E+00   -0.29100494E-01   -0.21197495E+03   -0.73364320E+06   -0.27382757E+06   -0.96788031E+02   -0.34868723E+00    0.49372690E+00    0.00000000E+00    0.79431133E+06    0.29750940E+06   -0.17610018E+02    0.11191357E+00   -0.80335628E+00    0.00000000E+00    0.27347686E+06    0.10386661E+06    0.36263255E+02   -0.22326220E+00   -0.54280162E+00
  0.0260   -0.18544717E+06   -0.85168351E+06   -0.98696904E+05   -0.52985350E+02   -0.38502376E+00   -0.81388647E-01   -0.10185826E+03   -0.60423386E+06   -0.21057767E+06   -0.84809323E+02   -0.26814592E+00    0.37968367E+00    0.00000000E+00    0.71069823E+06    0.24609348E+06   -0.14141834E+02    0.97507609E-01   -0.65958425E+00    0.00000000E+00    0.21027036E+06    0.73013286E+05    0.29318175E+02   -0.19448902E+00   -0.41911002E+00
  0.0280   -0.16861518E+06   -0.75779833E+06   -0.66963948E+05   -0.48169428E+02   -0.32102147E+00   -0.11501089E+00    0.44600380E+02   -0.50360313E+06   -0.16113870E+06   -0.74753128E+02   -0.20519122E+00    0.29054236E+00    0.00000000E+00    0.63867397E+06    0.20596593E+06   -0.11474930E+02    0.85693333E-01   -0.54794852E+00    0.00000000E+00    0.16086784E+06    0.50427889E+05    0.23976026E+02   -0.17089450E+00   -0.32603288E+00
  0.0300   -0.15396441E+06   -0.67647940E+06   -0.41664000E+05   -0.43878665E+02   -0.26778402E+00   -0.13960722E+00   -0.17651854E+03   -0.42024403E+06   -0.12558243E+06   -0.66307434E+02   -0.15991449E+00    0.22643234E+00    0.00000000E+00    0.57520126E+06    0.17227278E+06   -0.94280216E+01    0.72954848E-01   -0.45703205E+00    0.00000000E+00    0.12534217E+06    0.38841872E+05    0.19874218E+02   -0.14544763E+00   -0.26494232E+00
  0.0400   -0.10192060E+06   -0.40745841E+06    0.12698478E+05   -0.28743911E+02   -0.12441518E+00   -0.16348129E+00   -0.18002403E+02   -0.19504079E+06   -0.43124970E+05   -0.39408295E+02   -0.54914610E-01    0.77756778E-01    0.00000000E+00    0.35764440E+06    0.80751915E+05   -0.39303323E+01    0.37559994E-01   -0.21086844E+00    0.00000000E+00    0.42982185E+05    0.94399354E+04    0.88434168E+01   -0.74767322E-01   -0.10380872E+00
  0.0500   -0.71923581E+05   -0.26759755E+06    0.24554151E+05   -0.20070339E+02   -0.66828809E-01   -0.14236818E+00    0.28899522E+02   -0.10463155E+06   -0.18924292E+05   -0.25899339E+02   -0.24097889E-01    0.34121561E-01    0.00000000E+00    0.23977534E+06    0.43568967E+05   -0.18431903E+01    0.21157390E-01   -0.11287993E+00    0.00000000E+00    0.18830458E+05    0.27824249E+04    0.46396625E+01   -0.42030418E-01   -0.50590382E-01
  0.0600   -0.53281225E+05   -0.18783160E+06    0.25582068E+05   -0.14741008E+02   -0.39413892E-01   -0.11811559E+00   -0.20717912E+02   -0.61678883E+05   -0.96879960E+04   -0.18250937E+02   -0.12336549E-01    0.17467991E-01    0.00000000E+00    0.17080532E+06    0.25768843E+05   -0.89895434E+00    0.12590134E-01   -0.66686167E-01    0.00000000E+00    0.96218760E+04    0.14635145E+04    0.27260575E+01   -0.24942360E-01   -0.29444774E-01
  0.0700   -0.40929908E+05   -0.13879758E+06    0.23507291E+05   -0.11263731E+02   -0.25022885E-01   -0.97341658E-01   -0.48322918E+02   -0.39143257E+05   -0.50712037E+04   -0.13522797E+02   -0.64576041E-02    0.91436503E-02    0.00000000E+00    0.12762061E+06    0.16402413E+05   -0.41352239E+00    0.79849667E-02   -0.42476074E-01    0.00000000E+00    0.50222157E+04    0.10212272E+04    0.17333225E+01   -0.15765587E-01   -0.18907331E-01
  0.0800   -0.32382881E+05   -0.10656950E+06    0.20591243E+05   -0.88817026E+01   -0.17068475E-01   -0.80416202E-01   -0.17027927E+02   -0.26647738E+05   -0.27310516E+04   -0.10409311E+02   -0.34776933E-02    0.49242233E-02    0.00000000E+00    0.98832155E+05    0.11218167E+05   -0.13828136E+00    0.55910288E-02   -0.28920989E-01    0.00000000E+00    0.26933447E+04    0.36894267E+03    0.11634988E+01   -0.11003063E-01   -0.12138093E-01
  0.0900   -0.26277517E+05   -0.84155275E+05    0.17837791E+05   -0.71808474E+01   -0.12243823E-01   -0.67120720E-01    0.13151466E+02   -0.19062096E+05   -0.18327720E+04   -0.82591808E+01   -0.23338380E-02    0.33045754E-02    0.00000000E+00    0.78591451E+05    0.80657054E+04    0.26910569E-01    0.41477286E-02   -0.20665931E-01    0.00000000E+00    0.18028555E+04   -0.61357693E+02    0.81578723E+00   -0.81362749E-02   -0.79475116E-02
  0.1000   -0.21756352E+05   -0.68028042E+05    0.15606211E+05   -0.59233009E+01   -0.89261722E-02   -0.56937747E-01    0.15816224E+01   -0.13880381E+05   -0.14314607E+04   -0.67118173E+01   -0.18228134E-02    0.25809895E-02    0.00000000E+00    0.63901808E+05    0.58916837E+04    0.12873341E+00    0.30038595E-02   -0.15121553E-01    0.00000000E+00    0.14071504E+04    0.30114654E+02    0.59645284E+00   -0.58644376E-02   -0.59570835E-02
  0.1100   -0.18282429E+05   -0.56195588E+05    0.13753964E+05   -0.49687685E+01   -0.66097634E-02   -0.48923010E-01   -0.20443716E+02   -0.10278274E+05   -0.93991699E+03   -0.55576523E+01   -0.11968890E-02    0.16947093E-02    0.00000000E+00    0.53040571E+05    0.43729240E+04    0.19441200E+00    0.21509106E-02   -0.11302128E-01    0.00000000E+00    0.91978830E+03    0.23446735E+03    0.45076572E+00   -0.41715799E-02   -0.48929047E-02
  0.1200   -0.15560376E+05   -0.47249727E+05    0.12073289E+05   -0.42295256E+01   -0.51294214E-02   -0.42272171E-01   -0.14900976E+02   -0.79592024E+04   -0.48467911E+03   -0.46749126E+01   -0.61719604E-03    0.87389021E-03    0.00000000E+00    0.44772861E+05    0.34035011E+04    0.23990774E+00    0.16907230E-02   -0.87799442E-02    0.00000000E+00    0.46774850E+03    0.14369654E+03    0.34658842E+00   -0.32620911E-02   -0.37041649E-02
  0.1300   -0.13416770E+05   -0.40210574E+05    0.10589720E+05   -0.36454759E+01   -0.41582467E-02   -0.36736885E-01    0.47783173E+01   -0.64237813E+04   -0.34746724E+03   -0.39884385E+01   -0.44247180E-03    0.62649035E-03    0.00000000E+00    0.38234669E+05    0.27667734E+04    0.27206602E+00    0.14496609E-02   -0.70621517E-02    0.00000000E+00    0.33302359E+03   -0.76653803E+02    0.27006231E+00   -0.27891910E-02   -0.25533702E-02
  0.1400   -0.11702124E+05   -0.34565066E+05    0.94101735E+04   -0.31745262E+01   -0.33539023E-02   -0.32303738E-01    0.61282271E+01   -0.51672432E+04   -0.40356382E+03   -0.34444165E+01   -0.51390336E-03    0.72763658E-03    0.00000000E+00    0.32970583E+05    0.22370379E+04    0.29359799E+00    0.11814274E-02   -0.57006857E-02    0.00000000E+00    0.39109099E+03   -0.82880986E+02    0.21563144E+00   -0.22606381E-02   -0.20056597E-02
  0.1500   -0.10287191E+05   -0.30063417E+05    0.84785532E+04   -0.27890565E+01   -0.26525271E-02   -0.28736288E-01   -0.83381565E+01   -0.40870842E+04   -0.34287623E+03   -0.30031998E+01   -0.43662401E-03    0.61821418E-03    0.00000000E+00    0.28754181E+05    0.17743969E+04    0.30777241E+00    0.88426001E-03   -0.45745659E-02    0.00000000E+00    0.33200174E+03    0.76364429E+02    0.17665021E+00   -0.16731673E-02   -0.19080979E-02
  0.1600   -0.90989716E+04   -0.26446014E+05    0.76377916E+04   -0.24708941E+01   -0.21651130E-02   -0.25662321E-01   -0.11992923E+02   -0.33312214E+04   -0.15375310E+03   -0.26396663E+01   -0.19579732E-03    0.27721488E-03    0.00000000E+00    0.25349563E+05    0.14535712E+04    0.31823656E+00    0.70771825E-03   -0.37641065E-02    0.00000000E+00    0.14419551E+03    0.10915775E+03    0.14573545E+00   -0.13260939E-02   -0.16619112E-02
  0.1700   -0.81088797E+04   -0.23424981E+05    0.68455790E+04   -0.22057677E+01   -0.18756331E-02   -0.22935647E-01   -0.28449482E+00   -0.28701043E+04   -0.66023354E+02   -0.23388570E+01   -0.84083176E-04    0.11903372E-03    0.00000000E+00    0.22497868E+05    0.12632833E+04    0.32648056E+00    0.66000237E-03   -0.32264129E-02    0.00000000E+00    0.57555408E+02   -0.21042353E+02    0.11983333E+00   -0.12359682E-02   -0.11712326E-02
  0.1800   -0.72850889E+04   -0.20836875E+05    0.61808276E+04   -0.19815577E+01   -0.16242378E-02   -0.20639184E-01    0.60183673E+01   -0.24735835E+04   -0.13470146E+03   -0.20883203E+01   -0.17153614E-03    0.24286484E-03    0.00000000E+00    0.20051772E+05    0.10970109E+04    0.33201916E+00    0.59888354E-03   -0.27760048E-02    0.00000000E+00    0.12714102E+03   -0.83983506E+02    0.99852666E-01   -0.11184488E-02   -0.86007859E-03
  0.1900   -0.65801697E+04   -0.18657260E+05    0.56657263E+04   -0.17896202E+01   -0.13403339E-02   -0.18770602E-01   -0.19132154E+01   -0.20397216E+04   -0.17393464E+03   -0.18758238E+01   -0.22149448E-03    0.31360503E-03    0.00000000E+00    0.17986500E+05    0.90862671E+03    0.33495399E+00    0.46757553E-03   -0.23277601E-02    0.00000000E+00    0.16714390E+03    0.74562605E+01    0.85537928E-01   -0.86005549E-03   -0.88299422E-03
  0.2000   -0.59611689E+04   -0.16850671E+05    0.52126612E+04   -0.16247513E+01   -0.11099992E-02   -0.17146439E-01   -0.87258415E+01   -0.16884361E+04   -0.86143403E+02   -0.16926679E+01   -0.10970223E-03    0.15531279E-03    0.00000000E+00    0.16267131E+05    0.75605624E+03    0.33674201E+00    0.36163995E-03   -0.19643218E-02    0.00000000E+00    0.80016068E+02    0.80340283E+02    0.73930545E-01   -0.65198575E-03   -0.89914782E-03
  0.2100   -0.54232337E+04   -0.15302459E+05    0.47595419E+04   -0.14828160E+01   -0.99204660E-03   -0.15634492E-01   -0.31831654E+01   -0.15009248E+04   -0.18313154E+01   -0.15348271E+01   -0.23403217E-05    0.32936104E-05    0.00000000E+00    0.14789669E+05    0.67816512E+03    0.33838395E+00    0.34560575E-03   -0.17407286E-02    0.00000000E+00   -0.37243267E+01    0.17556362E+02    0.62990624E-01   -0.62335782E-03   -0.67736892E-03
  0.2200   -0.49644053E+04   -0.13917509E+05    0.43485521E+04   -0.13593162E+01   -0.91072883E-03   -0.14288789E-01    0.42884495E+01   -0.13687029E+04   -0.34333513E+02   -0.13993038E+01   -0.43727686E-04    0.61897311E-04    0.00000000E+00    0.13468595E+05    0.62411354E+03    0.33940189E+00    0.34799479E-03   -0.15720531E-02    0.00000000E+00    0.29268715E+02   -0.61586403E+02    0.53640648E-01   -0.63126414E-03   -0.44179726E-03
  0.2300   -0.45654816E+04   -0.12695685E+05    0.40290908E+04   -0.12504624E+01   -0.78458133E-03   -0.13179838E-01    0.14764154E+01   -0.11760831E+04   -0.96958789E+02   -0.12814452E+01   -0.12347324E-03    0.17481467E-03    0.00000000E+00    0.12302483E+05    0.53989264E+03    0.33919877E+00    0.29150405E-03   -0.13694433E-02    0.00000000E+00    0.92320843E+02   -0.26754369E+02    0.47045677E-01   -0.52113909E-03   -0.43883088E-03
  0.2400   -0.42052430E+04   -0.11659774E+05    0.37645075E+04   -0.11542548E+01   -0.65048069E-03   -0.12231763E-01   -0.54969155E+01   -0.97489549E+03   -0.68691046E+02   -0.11768766E+01   -0.87477317E-04    0.12384657E-03    0.00000000E+00    0.11309745E+05    0.45052080E+03    0.33833020E+00    0.21637220E-03   -0.11696281E-02    0.00000000E+00    0.64431812E+02    0.50068716E+02    0.42068946E-01   -0.37349394E-03   -0.52752735E-03
  0.2500   -0.38806314E+04   -0.10767692E+05    0.34926790E+04   -0.10695113E+01   -0.58174428E-03   -0.11326762E-01   -0.44659394E+01   -0.86815251E+03    0.50174210E+01   -0.10839347E+01    0.63820580E-05   -0.90537373E-05    0.00000000E+00    0.10451648E+05    0.40480882E+03    0.33766989E+00    0.19778326E-03   -0.10475868E-02    0.00000000E+00   -0.89400615E+01    0.37147342E+02    0.36940511E-01   -0.33872552E-03   -0.45300710E-03
  0.2600   -0.35975891E+04   -0.99507237E+04    0.32224495E+04   -0.99444796E+00   -0.55837366E-03   -0.10472047E-01    0.21199712E+01   -0.82692047E+03    0.72169066E+01   -0.10023019E+01    0.91830955E-05   -0.13019285E-04    0.00000000E+00    0.96666498E+04    0.38910318E+03    0.33710541E+00    0.21686512E-03   -0.98018750E-03    0.00000000E+00   -0.10843919E+02   -0.34327944E+02    0.31865209E-01   -0.37911367E-03   -0.27350580E-03
  0.2700   -0.33504210E+04   -0.91982133E+04    0.30039746E+04   -0.92701148E+00   -0.50644485E-03   -0.97479928E-02    0.29138922E+01   -0.74646686E+03   -0.49853882E+02   -0.93031061E+00   -0.63489582E-04    0.89882901E-04    0.00000000E+00    0.89448239E+04    0.35413062E+03    0.33596143E+00    0.20109579E-03   -0.88836585E-03    0.00000000E+00    0.46487571E+02   -0.40219408E+02    0.28175918E-01   -0.34963466E-03   -0.22590206E-03
  0.2800   -0.31243542E+04   -0.85430994E+04    0.28357067E+04   -0.86609026E+00   -0.42248447E-03   -0.91463665E-02   -0.26385776E+01   -0.62190914E+03   -0.58867059E+02   -0.86532588E+00   -0.74966585E-04    0.10613440E-03    0.00000000E+00    0.83144797E+04    0.29786947E+03    0.33427019E+00    0.14850595E-03   -0.76787164E-03    0.00000000E+00    0.55736071E+02    0.21927823E+02    0.25792225E-01   -0.24636734E-03   -0.31382697E-03
  0.2900   -0.29141609E+04   -0.79817835E+04    0.26675192E+04   -0.81142148E+00   -0.36903683E-03   -0.85755000E-02   -0.45388940E+01   -0.54149289E+03   -0.43872451E+01   -0.80612001E+00   -0.55927410E-05    0.79043559E-05    0.00000000E+00    0.77715198E+04    0.26210282E+03    0.33271806E+00    0.12250651E-03   -0.68383713E-03    0.00000000E+00    0.14706509E+01    0.41829916E+02    0.23327060E-01   -0.19614912E-03   -0.32483635E-03
  0.3000   -0.27261680E+04   -0.74663250E+04    0.24844232E+04   -0.76241068E+00   -0.36227746E-03   -0.80054567E-02    0.12069339E+00   -0.52772814E+03    0.21309134E+02   -0.75302971E+00    0.27128782E-04   -0.38427493E-04    0.00000000E+00    0.72730406E+04    0.25740615E+03    0.33150211E+00    0.13956580E-03   -0.65232882E-03    0.00000000E+00   -0.24033487E+02   -0.95250428E+01    0.20373382E-01   -0.23192980E-03   -0.20262658E-03
  0.3100   -0.25618361E+04   -0.69736836E+04    0.23242990E+04   -0.71786483E+00   -0.34812725E-03   -0.74986938E-02    0.30446674E+01   -0.50398850E+03   -0.17900443E+02   -0.70579437E+00   -0.22799843E-04    0.32269798E-04    0.00000000E+00    0.67984698E+04    0.24761299E+03    0.33009889E+00    0.14603193E-03   -0.61573462E-03    0.00000000E+00    0.15347124E+02   -0.39917588E+02    0.17966405E-01   -0.24641692E-03   -0.12361285E-03
  0.3200   -0.24117644E+04   -0.65292375E+04    0.22067711E+04   -0.67694380E+00   -0.29748197E-03   -0.70864811E-02   -0.39049309E+00   -0.42919807E+03   -0.47287199E+02   -0.66282640E+00   -0.60220216E-04    0.85256020E-04    0.00000000E+00    0.63698961E+04    0.21347727E+03    0.32824006E+00    0.11353930E-03   -0.54321075E-03    0.00000000E+00    0.44889456E+02   -0.75909787E+00    0.16632225E-01   -0.18288919E-03   -0.18055387E-03
  0.3300   -0.22689251E+04   -0.61495578E+04    0.20995947E+04   -0.63959956E+00   -0.25116727E-03   -0.67104446E-02   -0.37806723E+01   -0.36108005E+03   -0.15877734E+02   -0.62294242E+00   -0.20223807E-04    0.28623091E-04    0.00000000E+00    0.60014194E+04    0.18235957E+03    0.32636419E+00    0.83452359E-04   -0.47756592E-03    0.00000000E+00    0.13624401E+02    0.36149207E+02    0.15484017E-01   -0.12408438E-03   -0.23529525E-03
  0.3400   -0.21372262E+04   -0.58066848E+04    0.19748090E+04   -0.60579274E+00   -0.24459564E-03   -0.63199773E-02   -0.13784573E+01   -0.34951160E+03    0.20830229E+02   -0.58641738E+00    0.26519627E-04   -0.37563325E-04    0.00000000E+00    0.56679330E+04    0.17777560E+03    0.32484513E+00    0.91280968E-04   -0.45563504E-03    0.00000000E+00   -0.22951319E+02    0.92054605E+01    0.13765280E-01   -0.14103035E-03   -0.16935040E-03
  0.3600   -0.19170947E+04   -0.51547773E+04    0.17631015E+04   -0.54614583E+00   -0.22223971E-03   -0.56463160E-02    0.11193068E+01   -0.31401033E+03   -0.33180900E+02   -0.52381141E+00   -0.42256911E-04    0.59822141E-04    0.00000000E+00    0.50377940E+04    0.16220036E+03    0.32160847E+00    0.92766611E-04   -0.40623308E-03    0.00000000E+00    0.31286469E+02   -0.16071934E+02    0.11122573E-01   -0.14636413E-03   -0.96919790E-04
  0.3700   -0.18166409E+04   -0.48818896E+04    0.16915371E+04   -0.51950992E+00   -0.18300238E-03   -0.53869149E-02   -0.25568809E+01   -0.25702661E+03   -0.23886011E+02   -0.49580925E+00   -0.30420842E-04    0.43063042E-04    0.00000000E+00    0.47726626E+04    0.13575912E+03    0.31967542E+00    0.63697237E-04   -0.35395757E-03    0.00000000E+00    0.22092956E+02    0.24482361E+02    0.10615284E-01   -0.89310684E-04   -0.16462920E-03
  0.3800   -0.17209059E+04   -0.46425208E+04    0.16072655E+04   -0.49515577E+00   -0.17111710E-03   -0.51157733E-02   -0.22336390E+01   -0.23894783E+03    0.12990512E+02   -0.46961906E+00    0.16537211E-04   -0.23427322E-04    0.00000000E+00    0.45387734E+04    0.12762926E+03    0.31801217E+00    0.61023018E-04   -0.33162076E-03    0.00000000E+00   -0.14688753E+02    0.20372250E+02    0.96829304E-02   -0.84990484E-04   -0.14766449E-03
  0.3900   -0.16354684E+04   -0.44076541E+04    0.15139732E+04   -0.47282292E+00   -0.18061434E-03   -0.48382621E-02    0.12877874E+01   -0.25120409E+03    0.14447559E+02   -0.44583979E+00    0.18392707E-04   -0.26054343E-04    0.00000000E+00    0.43103860E+04    0.13371032E+03    0.31656047E+00    0.78712871E-04   -0.33263893E-03    0.00000000E+00   -0.16059717E+02   -0.18083110E+02    0.84361689E-02   -0.12134570E-03   -0.65714096E-04
  0.4000   -0.15596825E+04   -0.41757219E+04    0.14402018E+04   -0.45193735E+00   -0.17233805E-03   -0.46030326E-02    0.18784153E+01   -0.23843193E+03   -0.18274982E+02   -0.42426124E+00   -0.23275485E-04    0.32946404E-04    0.00000000E+00    0.40860971E+04    0.12787272E+03    0.31492559E+00    0.77734778E-04   -0.31565799E-03    0.00000000E+00    0.16740936E+02   -0.23550201E+02    0.76591284E-02   -0.12031617E-03   -0.47865387E-04
  0.4100   -0.14871163E+04   -0.39699216E+04    0.13885325E+04   -0.43230262E+00   -0.14203955E-03   -0.44137767E-02   -0.12001260E+01   -0.19470040E+03   -0.26575441E+02   -0.40395280E+00   -0.33845042E-04    0.47912712E-04    0.00000000E+00    0.38862539E+04    0.10738473E+03    0.31307052E+00    0.54105781E-04   -0.27625693E-03    0.00000000E+00    0.25114908E+02    0.10754000E+02    0.74208469E-02   -0.73939450E-04   -0.10702349E-03
  0.4200   -0.14158306E+04   -0.37944523E+04    0.13323159E+04   -0.41414000E+00   -0.12473806E-03   -0.42235281E-02   -0.24455518E+01   -0.16950952E+03    0.26237038E+01   -0.38459692E+00    0.33367333E-05   -0.47349344E-05    0.00000000E+00    0.37143392E+04    0.95641035E+02    0.31135604E+00    0.42955489E-04   -0.25127843E-03    0.00000000E+00   -0.40141724E+01    0.24062765E+02    0.69950992E-02   -0.52478241E-04   -0.12650590E-03
  0.4300   -0.13504565E+04   -0.36262551E+04    0.12619665E+04   -0.39745263E+00   -0.13265509E-03   -0.40150193E-02    0.15734559E+00   -0.18004133E+03    0.18089263E+02   -0.36672761E+00    0.23030424E-04   -0.32620110E-04    0.00000000E+00    0.35498724E+04    0.10071241E+03    0.30990712E+00    0.56431717E-04   -0.25340399E-03    0.00000000E+00   -0.19415050E+02   -0.46629275E+01    0.61276542E-02   -0.80231014E-04   -0.65885797E-04
  0.4400   -0.12931417E+04   -0.34535943E+04    0.11993001E+04   -0.38182865E+00   -0.13599353E-03   -0.38255686E-02    0.19776001E+01   -0.18413163E+03   -0.47574711E+01   -0.35054558E+00   -0.60621399E-05    0.85739349E-05    0.00000000E+00    0.33824941E+04    0.10267162E+03    0.30842079E+00    0.64738493E-04   -0.25112459E-03    0.00000000E+00    0.34902541E+01   -0.23996539E+02    0.54204105E-02   -0.97608459E-04   -0.23784545E-04
  0.4500   -0.12393994E+04   -0.32931214E+04    0.11579537E+04   -0.36698121E+00   -0.11598360E-03   -0.36783588E-02    0.18236436E-01   -0.15530102E+03   -0.24125146E+02   -0.33540266E+00   -0.30724508E-04    0.43495060E-04    0.00000000E+00    0.32268639E+04    0.89058438E+02    0.30670888E+00    0.49273109E-04   -0.22470984E-03    0.00000000E+00    0.22912737E+02   -0.18560685E+01    0.52459625E-02   -0.67407538E-04   -0.61697454E-04
  0.4600   -0.11855246E+04   -0.31580524E+04    0.11203474E+04   -0.35306089E+00   -0.95748828E-04   -0.35424307E-02   -0.21231156E+01   -0.12627037E+03   -0.69255002E+01   -0.32077671E+00   -0.88226724E-05    0.12483214E-04    0.00000000E+00    0.30945021E+04    0.75357803E+02    0.30500984E+00    0.33285982E-04   -0.19854779E-03    0.00000000E+00    0.57660279E+01    0.21541916E+02    0.51238928E-02   -0.36131301E-04   -0.10240372E-03
  0.4700   -0.11342633E+04   -0.30344415E+04    0.10689999E+04   -0.34022539E+00   -0.98322472E-04   -0.33870368E-02   -0.77466206E+00   -0.12954459E+03    0.15809445E+02   -0.30698838E+00    0.20127677E-04   -0.28509135E-04    0.00000000E+00    0.29729766E+04    0.76895103E+02    0.30355844E+00    0.39768424E-04   -0.19679476E-03    0.00000000E+00   -0.16919013E+02    0.64463808E+01    0.45813694E-02   -0.49764542E-04   -0.69596447E-04
  0.4800   -0.10892532E+04   -0.29051189E+04    0.10157053E+04   -0.32824016E+00   -0.10753740E-03   -0.32322939E-02    0.15842172E+01   -0.14221362E+03    0.55784271E+01   -0.29446239E+00    0.70997545E-05   -0.10061942E-04    0.00000000E+00    0.28471219E+04    0.82822085E+02    0.30218910E+00    0.52497027E-04   -0.20230016E-03    0.00000000E+00   -0.66426626E+01   -0.19139504E+02    0.39464724E-02   -0.75862274E-04   -0.16980737E-04
  0.4900   -0.10483544E+04   -0.27777246E+04    0.97933077E+03   -0.31678192E+00   -0.97784962E-04   -0.31106374E-02    0.91141202E+00   -0.12810167E+03   -0.17863417E+02   -0.28287381E+00   -0.22750609E-04    0.32205122E-04    0.00000000E+00    0.27236891E+04    0.76075577E+02    0.30064191E+00    0.45946686E-04   -0.18809527E-03    0.00000000E+00    0.16841119E+02   -0.11150014E+02    0.37361142E-02   -0.63375827E-04   -0.29073476E-04
  0.5000   -0.10072328E+04   -0.26690884E+04    0.95303502E+03   -0.30588562E+00   -0.77948168E-04   -0.30099033E-02   -0.14439232E+01   -0.99812208E+02   -0.13570526E+02   -0.27163036E+00   -0.17284041E-04    0.24464870E-04    0.00000000E+00    0.26174528E+04    0.62643178E+02    0.29900941E+00    0.29123240E-04   -0.16359475E-03    0.00000000E+00    0.12588918E+02    0.14823306E+02    0.37624901E-02   -0.30318546E-04   -0.75921560E-04
  0.5500   -0.83366895E+03   -0.22114527E+04    0.79456297E+03   -0.26055707E+00   -0.57934535E-04   -0.25023599E-02   -0.15331724E+01   -0.70729648E+02    0.24117511E+01   -0.22432896E+00    0.30678481E-05   -0.43517598E-05    0.00000000E+00    0.21694183E+04    0.48396832E+02    0.29191049E+00    0.21099232E-04   -0.12779072E-03    0.00000000E+00   -0.32221938E+01    0.16139575E+02    0.26737261E-02   -0.16896591E-04   -0.66549028E-04
  0.6000   -0.70134642E+03   -0.18624798E+04    0.66747563E+03   -0.22603499E+00   -0.50839065E-04   -0.21042879E-02   -0.48995477E+00   -0.60413547E+02    0.11590637E+02   -0.18838489E+00    0.14756332E-04   -0.20901568E-04    0.00000000E+00    0.18274003E+04    0.42879579E+02    0.28536963E+00    0.22323587E-04   -0.10959287E-03    0.00000000E+00   -0.12271030E+02    0.50004283E+01    0.17911252E-02   -0.21532935E-04   -0.36916453E-04
  0.6500   -0.59892844E+03   -0.15870695E+04    0.56600416E+03   -0.19911647E+00   -0.48329633E-04   -0.17896075E-02    0.69587798E+00   -0.56860359E+02    0.92343548E+01   -0.16053162E+00    0.11756124E-04   -0.16652816E-04    0.00000000E+00    0.15575724E+04    0.40509368E+02    0.27928143E+00    0.25754818E-04   -0.98869827E-04    0.00000000E+00   -0.98139882E+01   -0.76309437E+01    0.11166741E-02   -0.30245729E-04   -0.67695881E-05
  0.7000   -0.51816830E+03   -0.13654359E+04    0.48729422E+03   -0.17767492E+00   -0.43632226E-04   -0.15427637E-02    0.11457097E+01   -0.50375257E+02   -0.21216611E+00   -0.13852686E+00   -0.27271587E-06    0.38000048E-06    0.00000000E+00    0.13405604E+04    0.36756175E+02    0.27354602E+00    0.25411696E-04   -0.87666476E-04    0.00000000E+00   -0.28787657E+00   -0.12156492E+02    0.68722081E-03   -0.31144798E-04    0.62539214E-05
  0.7500   -0.45287707E+03   -0.11865624E+04    0.42728402E+03   -0.16029008E+00   -0.34968327E-04   -0.13494820E-02    0.69295241E+00   -0.38379115E+02   -0.81533529E+01   -0.12077705E+00   -0.10384725E-04    0.14698577E-04    0.00000000E+00    0.11653126E+04    0.30428892E+02    0.26811225E+00    0.20020613E-04   -0.73592052E-04    0.00000000E+00    0.77175015E+01   -0.68443375E+01    0.47546835E-03   -0.21735984E-04   -0.67978967E-06
  0.8000   -0.39873359E+03   -0.10426913E+04    0.38005719E+03   -0.14600908E+00   -0.25208761E-04   -0.11944319E-02   -0.13652137E+00   -0.24890219E+02   -0.88113916E+01   -0.10617316E+00   -0.11222504E-04    0.15885215E-04    0.00000000E+00    0.10240345E+04    0.23437445E+02    0.26297752E+00    0.12777495E-04   -0.59326402E-04    0.00000000E+00    0.84283472E+01    0.24756716E+01    0.38181203E-03   -0.84509127E-05   -0.16067168E-04
  0.8500   -0.35311967E+03   -0.92623040E+03    0.33980776E+03   -0.13416965E+00   -0.18506381E-04   -0.10639046E-02   -0.63562462E+00   -0.15750574E+02   -0.28972766E+01   -0.93985225E-01   -0.36914361E-05    0.52218619E-05    0.00000000E+00    0.90933732E+03    0.18543073E+02    0.25815477E+00    0.80443445E-05   -0.49002308E-04    0.00000000E+00    0.25582977E+01    0.80587420E+01    0.29446355E-03   -0.44012765E-07   -0.24836250E-04
  0.9000   -0.31462087E+03   -0.82950582E+03    0.30315461E+03   -0.12427475E+00   -0.16734866E-04   -0.94937188E-03   -0.46866664E+00   -0.13587976E+02    0.40562503E+01   -0.83745270E-01    0.51631674E-05   -0.73156438E-05    0.00000000E+00    0.81394381E+03    0.16983916E+02    0.25363658E+00    0.78319369E-05   -0.44418063E-04    0.00000000E+00   -0.43582120E+01    0.62859781E+01    0.15693040E-03   -0.56047200E-06   -0.19898907E-04
  0.9500   -0.28231693E+03   -0.74624526E+03    0.26982188E+03   -0.11592286E+00   -0.18281004E-04   -0.84837185E-03    0.14061193E+00   -0.16108841E+02    0.66140068E+01   -0.75122137E-01    0.84202737E-05   -0.11927322E-04    0.00000000E+00    0.73194378E+03    0.17673000E+02    0.24938292E+00    0.10622631E-04   -0.43747295E-04    0.00000000E+00   -0.68848009E+01   -0.32413842E+00   -0.10581487E-04   -0.69837072E-05   -0.59865148E-05
  1.0000   -0.25522725E+03   -0.67291037E+03    0.24128196E+03   -0.10878655E+00   -0.19667799E-04   -0.76195730E-03    0.66518407E+00   -0.18392403E+02    0.35053624E+01   -0.67828358E-01    0.44618762E-05   -0.63221615E-05    0.00000000E+00    0.65993090E+03    0.18283998E+02    0.24533753E+00    0.13012120E-04   -0.43237504E-04    0.00000000E+00   -0.37497982E+01   -0.59658467E+01   -0.14629092E-03   -0.12520008E-04    0.58335624E-05
  1.1000   -0.21202573E+03   -0.55343708E+03    0.20088364E+03   -0.97235651E-01   -0.14505478E-04   -0.63251196E-03    0.33024740E+00   -0.11704553E+02   -0.53536922E+01   -0.56160618E-01   -0.68189143E-05    0.96513992E-05    0.00000000E+00    0.54275166E+03    0.14288615E+02    0.23772440E+00    0.93475538E-05   -0.34610515E-04    0.00000000E+00    0.51514117E+01   -0.20483774E+01   -0.19552551E-03   -0.64980612E-05   -0.19635087E-06
  1.2000   -0.17788190E+03   -0.46772500E+03    0.17177518E+03   -0.88419985E-01   -0.83377620E-05   -0.53679383E-03   -0.29933400E+00   -0.35481012E+01    0.92933369E-01   -0.47127607E-01    0.11685112E-06   -0.16905283E-06    0.00000000E+00    0.45815472E+03    0.97184388E+01    0.23074689E+00    0.42341178E-05   -0.25664077E-04    0.00000000E+00   -0.26258553E+00    0.49532171E+01   -0.17120721E-03    0.26405115E-05   -0.12597764E-04
  1.3000   -0.15130009E+03   -0.40082615E+03    0.14368563E+03   -0.81630801E-01   -0.10778305E-04   -0.45281853E-03    0.33901685E+00   -0.75023711E+01    0.39060328E+01   -0.40103209E-01    0.49725066E-05   -0.70441695E-05    0.00000000E+00    0.39212820E+03    0.10961125E+02    0.22440578E+00    0.74300717E-05   -0.26291173E-04    0.00000000E+00   -0.40503194E+01   -0.20017259E+01   -0.28884530E-03   -0.46714870E-05    0.14867029E-05
  1.4000   -0.13112414E+03   -0.34371083E+03    0.12306375E+03   -0.76221144E-01   -0.10451019E-04   -0.38904929E-03    0.48889310E+00   -0.74878155E+01   -0.24941549E+01   -0.34651858E-01   -0.31772738E-05    0.44958444E-05    0.00000000E+00    0.33617837E+03    0.10405083E+02    0.21850748E+00    0.76512343E-05   -0.24359382E-04    0.00000000E+00    0.23695461E+01   -0.35328873E+01   -0.32787815E-03   -0.59016743E-05    0.49670419E-05
  1.5000   -0.11424781E+03   -0.30008623E+03    0.10971596E+03   -0.71813919E-01   -0.57587651E-05   -0.34329333E-03   -0.91771889E-01   -0.12605119E+01   -0.18208861E+01   -0.30178005E-01   -0.23198690E-05    0.32819782E-05    0.00000000E+00    0.29320943E+03    0.69828966E+01    0.21297339E+00    0.33769832E-05   -0.18105480E-04    0.00000000E+00    0.17124230E+01    0.29100423E+01   -0.26344650E-03    0.19646303E-05   -0.69879405E-05
  1.6000   -0.99989780E+02   -0.26618632E+03    0.95418153E+02   -0.68256080E-01   -0.64268983E-05   -0.29997513E-03    0.13734151E+00   -0.25709536E+01    0.30113719E+01   -0.26460856E-01    0.38335127E-05   -0.54307928E-05    0.00000000E+00    0.25963255E+03    0.71764919E+01    0.20785161E+00    0.43690316E-05   -0.17709016E-04    0.00000000E+00   -0.31064232E+01    0.41118441E+00   -0.29854700E-03   -0.61581638E-06   -0.18808006E-05
  2.0000   -0.64140272E+02   -0.17123636E+03    0.59538088E+02   -0.58972290E-01   -0.61322051E-05   -0.18929757E-03    0.41580101E+00   -0.32946232E+01    0.98866952E+00   -0.16938390E-01    0.12580619E-05   -0.17835207E-05    0.00000000E+00    0.16631101E+03    0.62142577E+01    0.19016143E+00    0.48110749E-05   -0.14306717E-04    0.00000000E+00   -0.10493890E+01   -0.25099836E+01   -0.32617358E-03   -0.32849018E-05    0.44369125E-05
  2.5000   -0.41181090E+02   -0.11012949E+03    0.39005411E+02   -0.53067407E-01   -0.26448640E-05   -0.12264268E-03    0.77227566E-01    0.67805539E+00   -0.61499928E+00   -0.10847875E-01   -0.78382756E-06    0.11081809E-05    0.00000000E+00    0.10635280E+03    0.32759768E+01    0.17254934E+00    0.17097762E-05   -0.83685703E-05    0.00000000E+00    0.57620975E+00    0.13046953E+01   -0.25358598E-03    0.14958775E-05   -0.25179395E-05
  3.0000   -0.28507633E+02   -0.77584329E+02    0.25726779E+02   -0.49958502E-01   -0.35906044E-05   -0.82737500E-04    0.34422599E+00   -0.13144096E+01    0.36733917E+00   -0.75153912E-02    0.46718192E-06   -0.66291504E-06    0.00000000E+00    0.74406940E+02    0.35040027E+01    0.15831537E+00    0.28333190E-05   -0.79465356E-05    0.00000000E+00   -0.39414650E+00   -0.15903245E+01   -0.26027706E-03   -0.16943262E-05    0.31982117E-05
  4.0000   -0.16023432E+02   -0.44493831E+02    0.14005101E+02   -0.46995226E-01   -0.25500444E-05   -0.45635897E-04    0.31071396E+00   -0.67799187E+00    0.11971115E+00   -0.42178347E-02    0.15201152E-06   -0.21627265E-06    0.00000000E+00    0.42085192E+02    0.23123518E+01    0.13612020E+00    0.19443962E-05   -0.51694157E-05    0.00000000E+00   -0.13468641E+00   -0.11757677E+01   -0.21210397E-03   -0.10866759E-05    0.25305030E-05
  5.0000   -0.10247575E+02   -0.29028437E+02    0.86532973E+01   -0.45767384E-01   -0.19800041E-05   -0.28601355E-04    0.29106312E+00   -0.37927446E+00   -0.20457053E-02   -0.26917543E-02   -0.29387878E-08    0.33547020E-08    0.00000000E+00    0.27056312E+02    0.16408497E+01    0.11922469E+00    0.14375173E-05   -0.36104585E-05    0.00000000E+00   -0.74698591E-02   -0.93905931E+00   -0.17902021E-03   -0.76745639E-06    0.21215033E-05
  6.0000   -0.71129980E+01   -0.20546061E+02    0.57917913E+01   -0.45207828E-01   -0.16172582E-05   -0.19435357E-04    0.27792176E+00   -0.20670367E+00   -0.68465215E-01   -0.18628780E-02   -0.87459015E-07    0.12317012E-06    0.00000000E+00    0.18856653E+02    0.12099427E+01    0.10568383E+00    0.11091434E-05   -0.26131727E-05    0.00000000E+00    0.61906482E-01   -0.78420945E+00   -0.15522697E-03   -0.56852328E-06    0.18440501E-05
  7.0000   -0.52249285E+01   -0.15382694E+02    0.40960174E+01   -0.44951128E-01   -0.13645174E-05   -0.13965670E-04    0.26835040E+00   -0.93404916E-01   -0.10622522E+00   -0.13631430E-02   -0.13549803E-06    0.19129751E-06    0.00000000E+00    0.13891766E+02    0.91031838E+00    0.94458447E-01    0.87873086E-06   -0.19218091E-05    0.00000000E+00    0.10144411E+00   -0.67367725E+00   -0.13730998E-03   -0.43088269E-06    0.16416450E-05
  8.0000   -0.40006773E+01   -0.12000259E+02    0.30155681E+01   -0.44845170E-01   -0.11774677E-05   -0.10454682E-04    0.26095942E+00   -0.12532200E-01   -0.12737404E+00   -0.10388172E-02   -0.16239875E-06    0.22945985E-06    0.00000000E+00    0.10656505E+02    0.69032594E+00    0.84927612E-01    0.70802105E-06   -0.14157254E-05    0.00000000E+00    0.12374332E+00   -0.58999005E+00   -0.12330390E-03   -0.32888542E-06    0.14861837E-05
  9.0000   -0.31619563E+01   -0.96602867E+01    0.22890980E+01   -0.44817789E-01   -0.10330064E-05   -0.80752792E-05    0.25501272E+00    0.48532482E-01   -0.13807531E+00   -0.81646337E-03   -0.17599886E-06    0.24878156E-06    0.00000000E+00    0.84300815E+01    0.52236073E+00    0.76690545E-01    0.57651744E-06   -0.10304941E-05    0.00000000E+00    0.13523113E+00   -0.52399978E+00   -0.11202631E-03   -0.24973855E-06    0.13623154E-05
 10.0000   -0.25622751E+01   -0.79718655E+01    0.17798714E+01   -0.44831412E-01   -0.91789710E-06   -0.63935649E-05    0.25008665E+00    0.96422007E-01   -0.14179837E+00   -0.65740670E-03   -0.18071762E-06    0.25551658E-06    0.00000000E+00    0.68319464E+01    0.39032698E+00    0.69473444E-01    0.47226431E-06   -0.72855326E-06    0.00000000E+00    0.13951528E+00   -0.47048928E+00   -0.10272857E-03   -0.18637255E-06    0.12610596E-05
 12.0000   -0.17809716E+01   -0.57461386E+01    0.11360463E+01   -0.44906525E-01   -0.74603633E-06   -0.42410147E-05    0.24234863E+00    0.16636578E+00   -0.13602115E+00   -0.45016784E-03   -0.17333631E-06    0.24512460E-06    0.00000000E+00    0.47407497E+01    0.19744296E+00    0.57368706E-01    0.31828628E-06   -0.28913515E-06    0.00000000E+00    0.13446635E+00   -0.38933330E+00   -0.88248890E-04   -0.91756742E-07    0.11060038E-05
 16.0000   -0.10013731E+01   -0.34851595E+01    0.53180834E+00   -0.45035845E-01   -0.53565892E-06   -0.21717354E-05    0.23214434E+00    0.24511654E+00   -0.98266147E-01   -0.24389458E-03   -0.12521942E-06    0.17709049E-06    0.00000000E+00    0.26464219E+01   -0.28381211E-01    0.39457781E-01    0.13562749E-06    0.22294058E-06    0.00000000E+00    0.97431184E-01   -0.29197462E+00   -0.69065814E-04    0.18268241E-07    0.91651068E-06
 20.0000   -0.63604964E+00   -0.24084405E+01    0.27094848E+00   -0.45006045E-01   -0.41920267E-06   -0.12527595E-05    0.22620445E+00    0.27562903E+00   -0.50572597E-01   -0.14817488E-03   -0.64461008E-07    0.91122557E-07    0.00000000E+00    0.16690418E+01   -0.14565560E+00    0.26805605E-01    0.41546144E-07    0.48964688E-06    0.00000000E+00    0.50068598E-01   -0.24825455E+00   -0.56889085E-04    0.63631952E-07    0.82737220E-06
 25.0000   -0.39709615E+00   -0.16956920E+01    0.10924143E+00   -0.44699614E-01   -0.34215414E-06   -0.67822885E-06    0.22220759E+00    0.27334779E+00    0.62267708E-04   -0.86746378E-04    0.34085041E-10   -0.15747783E-09    0.00000000E+00    0.10361018E+01   -0.21660031E+00    0.15501786E-01   -0.11399694E-07    0.65495820E-06    0.00000000E+00   -0.35568780E-03   -0.23912841E+00   -0.46786853E-04    0.65332496E-07    0.80099674E-06
 30.0000   -0.26362171E+00   -0.12872519E+01    0.20089922E-01   -0.44106378E-01   -0.30491319E-06   -0.36671863E-06    0.21980950E+00    0.24764035E+00    0.28150086E-01   -0.53406302E-04    0.35813190E-07   -0.50788864E-07    0.00000000E+00    0.68216515E+00   -0.24363903E+00    0.74665378E-02   -0.27034757E-07    0.72250612E-06    0.00000000E+00   -0.28330128E-01   -0.25544689E+00   -0.39842540E-04    0.35468588E-07    0.82133563E-06
 40.0000   -0.12611809E+00   -0.83191843E+00   -0.64074764E-01   -0.42172489E-01   -0.26575104E-06   -0.68628864E-07    0.21261293E+00    0.19379813E+00    0.18793156E-01   -0.20735098E-04    0.23912651E-07   -0.33903369E-07    0.00000000E+00    0.29986182E+00   -0.24813058E+00   -0.25435095E-02   -0.27035321E-07    0.73632355E-06    0.00000000E+00   -0.18863004E-01   -0.28308867E+00   -0.30394093E-04   -0.24027726E-07    0.84687760E-06
 50.0000   -0.56785335E-01   -0.58332277E+00   -0.78285910E-01   -0.39428787E-01   -0.21675915E-06    0.24082764E-07    0.19744098E+00    0.18353618E+00   -0.13860583E-01   -0.59578633E-05   -0.17658149E-07    0.24983105E-07    0.00000000E+00    0.10011654E+00   -0.24104874E+00   -0.76030463E-02   -0.39664318E-07    0.70190771E-06    0.00000000E+00    0.13840318E-01   -0.24831549E+00   -0.23315381E-04   -0.17786208E-07    0.74614154E-06
 60.0000   -0.11223869E-01   -0.44073603E+00   -0.67436146E-01   -0.36073066E-01   -0.16611016E-06    0.41353102E-07    0.17791628E+00    0.18897895E+00   -0.11009475E-01    0.22908522E-05   -0.14022603E-07    0.19847388E-07    0.00000000E+00   -0.68277350E-02   -0.22512911E+00   -0.96670122E-02   -0.55357147E-07    0.63723908E-06    0.00000000E+00    0.11017090E-01   -0.18678037E+00   -0.17499211E-04    0.14015861E-07    0.58863448E-06
 70.0000    0.21504681E-01   -0.35154472E+00   -0.63104278E-01   -0.32278947E-01   -0.13869604E-06    0.55440489E-07    0.15924762E+00    0.16851065E+00    0.92862861E-02    0.73501214E-05    0.11825962E-07   -0.16742741E-07    0.00000000E+00   -0.66354287E-01   -0.18766437E+00   -0.97945595E-02   -0.48736482E-07    0.52860171E-06    0.00000000E+00   -0.92613488E-02   -0.15105059E+00   -0.12890257E-04    0.11738079E-07    0.47643616E-06
 80.0000    0.42620539E-01   -0.27964642E+00   -0.63515187E-01   -0.28204341E-01   -0.12505662E-06    0.70344049E-07    0.14088594E+00    0.13284144E+00    0.80960417E-02    0.10172191E-04    0.10312879E-07   -0.14594108E-07    0.00000000E+00   -0.10922138E+00   -0.13752697E+00   -0.86412558E-02   -0.29232212E-07    0.39386128E-06    0.00000000E+00   -0.80613288E-02   -0.12989386E+00   -0.90255169E-05   -0.10288115E-07    0.38932257E-06
 90.0000    0.55228070E-01   -0.21841586E+00   -0.54306196E-01   -0.23996927E-01   -0.10267579E-06    0.64393967E-07    0.12008321E+00    0.11282709E+00   -0.72379958E-02    0.11531203E-04   -0.92113587E-08    0.13055902E-07    0.00000000E+00   -0.14041831E+00   -0.91816100E-01   -0.66557799E-02   -0.19583126E-07    0.26288361E-06    0.00000000E+00    0.72774956E-02   -0.87570640E-01   -0.53164048E-05   -0.92680856E-08    0.26013774E-06
100.0000    0.63593619E-01   -0.17521577E+00   -0.38608701E-01   -0.19796726E-01   -0.74121422E-07    0.44655934E-07    0.97954772E-01    0.10473145E+00   -0.67314491E-02    0.12168910E-04   -0.85644966E-08    0.12144403E-07    0.00000000E+00   -0.15286207E+00   -0.50693706E-01   -0.41695468E-02   -0.17603247E-07    0.13835290E-06    0.00000000E+00    0.67733121E-02   -0.30678703E-01   -0.17614771E-05    0.86141378E-08    0.10299533E-06
110.0000    0.68211539E-01   -0.14549077E+00   -0.30009427E-01   -0.15736156E-01   -0.56739123E-07    0.35583083E-07    0.77887499E-01    0.84373011E-01    0.65048700E-02    0.12248559E-04    0.82884265E-08   -0.11723417E-07    0.00000000E+00   -0.15023619E+00   -0.43422171E-02   -0.14414864E-02   -0.64152854E-08    0.69432855E-08    0.00000000E+00   -0.64625606E-02    0.91972125E-02    0.12973875E-05    0.82534363E-08   -0.20041237E-07
120.0000    0.67094688E-01   -0.11606812E+00   -0.28003822E-01   -0.11938642E-01   -0.49380398E-07    0.36771683E-07    0.60316830E-01    0.53945369E-01    0.64059508E-02    0.11565237E-04    0.81631597E-08   -0.11544365E-07    0.00000000E+00   -0.14405231E+00    0.44811824E-01    0.13183937E-02    0.12326087E-07   -0.12553481E-06    0.00000000E+00   -0.63658814E-02    0.32769976E-01    0.38723783E-05   -0.81049926E-08   -0.10891986E-06
130.0000    0.60860951E-01   -0.85732602E-01   -0.20809895E-01   -0.85168990E-02   -0.35991012E-07    0.28029384E-07    0.43284214E-01    0.36809172E-01   -0.64595551E-02    0.10226694E-04   -0.82181969E-08    0.11654238E-07    0.00000000E+00   -0.13547032E+00    0.84515762E-01    0.39367767E-02    0.22057729E-07   -0.23794995E-06    0.00000000E+00    0.64950426E-02    0.66744457E-01    0.62668586E-05   -0.82288624E-08   -0.21356419E-06
140.0000    0.52602340E-01   -0.64145737E-01   -0.83091709E-02   -0.55711833E-02   -0.16270402E-07    0.92922645E-08    0.27241738E-01    0.34071751E-01   -0.68058944E-02    0.86470878E-05   -0.86608877E-08    0.12277039E-07    0.00000000E+00   -0.11622616E+00    0.11318715E+00    0.62709678E-02    0.21997294E-07   -0.32621619E-06    0.00000000E+00    0.68359553E-02    0.11080546E+00    0.84582999E-05    0.87200802E-08   -0.33216627E-06
150.0000    0.43129154E-01   -0.51368829E-01   -0.30111772E-02   -0.31871828E-02   -0.69056819E-08    0.23580245E-08    0.15237310E-01    0.22769130E-01    0.75427827E-02    0.69350972E-05    0.96087896E-08   -0.13596130E-07    0.00000000E+00   -0.86672969E-01    0.14077873E+00    0.82057682E-02    0.28405190E-07   -0.40469215E-06    0.00000000E+00   -0.75186098E-02    0.13544613E+00    0.10076939E-04    0.96228594E-08   -0.40706905E-06
160.0000    0.30306047E-01   -0.34921247E-01   -0.71972154E-02   -0.14337389E-02   -0.10917372E-07    0.11224430E-07    0.80895586E-02   -0.83485322E-03    0.89372324E-02    0.48107580E-05    0.11383630E-07   -0.16111231E-07    0.00000000E+00   -0.58349619E-01    0.16834310E+00    0.96517997E-02    0.43949531E-07   -0.47394795E-06    0.00000000E+00   -0.89204391E-02    0.13493120E+00    0.11035180E-04   -0.11328586E-07   -0.42643634E-06
170.0000    0.13820073E-01   -0.10006851E-01   -0.66259342E-02   -0.36108859E-03   -0.91987315E-08    0.11185558E-07    0.30515802E-02   -0.93318009E-02   -0.12381658E-01    0.22274719E-05   -0.15767603E-07    0.22323825E-07    0.00000000E+00   -0.36106410E-01    0.18241793E+00    0.10544977E-01    0.49258606E-07   -0.51193922E-06    0.00000000E+00    0.12389407E-01    0.14189687E+00    0.11702652E-04   -0.15729525E-07   -0.45226674E-06
179.9000   -0.66517298E-02    0.33523938E-01   -0.73631369E-01   -0.10431163E-05   -0.98687385E-07    0.12783511E-06    0.16191437E-01   -0.14019577E+00   -0.77102303E-01   -0.97892352E-06   -0.98214417E-07    0.13898620E-06    0.00000000E+00   -0.29230557E-01    0.24786802E+00    0.10847872E-01    0.14198793E-06   -0.62056319E-06    0.00000000E+00    0.77098800E-01   -0.12879741E-01    0.10069388E-04   -0.19912084E-06   -0.15949708E-06
180.0000    0.00000000E+00    0.00000000E+00    0.00000000E+00    0.00000000E+00    0.00000000E+00    0.00000000E+00    0.00000000E+00    0.00000000E+00    0.00000000E+00    0.00000000E+00    0.00000000E+00    0.00000000E+00    0.00000000E+00    0.00000000E+00   -0.79628534E+00   -0.81253606E+02   -0.14221750E-05    0.10275492E-05    0.00000000E+00    0.00000000E+00    0.26894751E+01    0.27443623E+03    0.29294044E-05   -0.53446045E-05
