  0.0000    0.00000000E+00    0.00000000E+00    0.00000000E+00    0.00000000E+00    0.00000000E+00    0.00000000E+00    0.00000000E+00    0.00000000E+00    0.00000000E+00    0.00000000E+00    0.00000000E+00    0.00000000E+00    0.00000000E+00    0.00000000E+00   -0.39996054E+06   -0.21073939E+03   -0.20510233E+01   -0.82056869E+00    0.00000000E+00    0.00000000E+00    0.48355476E+07    0.41955891E+03    0.41023233E+01   -0.10773949E+02
  0.0003   -0.35098330E+04   -0.35194742E+04   -0.57057432E+03   -0.43323553E-01   -0.83261719E-03    0.92272055E-03   -0.39113575E+04   -0.52187249E+04   -0.79929120E+05   -0.69791244E+01   -0.10178033E+00    0.14411682E+00    0.00000000E+00   -0.63948739E+04   -0.39915280E+06   -0.21065276E+03   -0.20493582E+01   -0.82138855E+00    0.00000000E+00    0.79903843E+05    0.48322658E+07    0.41938565E+03    0.40989929E+01   -0.10767184E+02
  0.0004   -0.46784687E+04   -0.47013114E+04   -0.10138416E+04   -0.76993488E-01   -0.14794913E-02    0.16395316E-02   -0.39014452E+04   -0.62245281E+04   -0.10651786E+06   -0.93025613E+01   -0.13563796E+00    0.19205785E+00    0.00000000E+00   -0.85134777E+04   -0.39852517E+06   -0.21058543E+03   -0.20480642E+01   -0.82202539E+00    0.00000000E+00    0.10648417E+06    0.48297153E+07    0.41925096E+03    0.40964048E+01   -0.10761925E+02
  0.0005   -0.58459845E+04   -0.58905724E+04   -0.15830981E+04   -0.12024979E+00   -0.23102658E-02    0.25600407E-02   -0.38887284E+04   -0.75162851E+04   -0.13306011E+06   -0.11623483E+02   -0.16943639E+00    0.23991507E+00    0.00000000E+00   -0.10620940E+05   -0.39771901E+06   -0.21049890E+03   -0.20464019E+01   -0.82284313E+00    0.00000000E+00    0.13301801E+06    0.48264386E+07    0.41907790E+03    0.40930800E+01   -0.10755169E+02
  0.0006   -0.70121020E+04   -0.70890938E+04   -0.22778511E+04   -0.17306731E+00   -0.33242515E-02    0.36834209E-02   -0.38732242E+04   -0.90929309E+04   -0.15954434E+06   -0.13941263E+02   -0.20316095E+00    0.28766767E+00    0.00000000E+00   -0.12714498E+05   -0.39673493E+06   -0.21039322E+03   -0.20443722E+01   -0.82384096E+00    0.00000000E+00    0.15949385E+06    0.48224377E+07    0.41886653E+03    0.40890205E+01   -0.10746920E+02
  0.0007   -0.81765446E+04   -0.82986994E+04   -0.30974995E+04   -0.23541535E+00   -0.45206079E-02    0.50086638E-02   -0.38549589E+04   -0.10953172E+05   -0.18595906E+06   -0.16255278E+02   -0.23679698E+00    0.33529493E+00    0.00000000E+00   -0.14791407E+05   -0.39557363E+06   -0.21026844E+03   -0.20419765E+01   -0.82501793E+00    0.00000000E+00    0.18590019E+06    0.48177149E+07    0.41861695E+03    0.40842290E+01   -0.10737182E+02
  0.0008   -0.93390369E+04   -0.95211975E+04   -0.40413349E+04   -0.30725769E+00   -0.58983443E-02    0.65345805E-02   -0.38339581E+04   -0.13095478E+05   -0.21229284E+06   -0.18564909E+02   -0.27032995E+00    0.38277626E+00    0.00000000E+00   -0.16848940E+05   -0.39423598E+06   -0.21012461E+03   -0.20392163E+01   -0.82637289E+00    0.00000000E+00    0.21222560E+06    0.48122729E+07    0.41832927E+03    0.40787083E+01   -0.10725961E+02
  0.0009   -0.10499305E+05   -0.10758379E+05   -0.51085422E+04   -0.38855266E+00   -0.74563206E-02    0.82598035E-02   -0.38102565E+04   -0.15518094E+05   -0.23853432E+06   -0.20869535E+02   -0.30374539E+00    0.43009117E+00    0.00000000E+00   -0.18884391E+05   -0.39272295E+06   -0.20996179E+03   -0.20360932E+01   -0.82790453E+00    0.00000000E+00    0.23845874E+06    0.48061149E+07    0.41800361E+03    0.40724619E+01   -0.10713263E+02
  0.0010   -0.11657079E+05   -0.12012013E+05   -0.62982008E+04   -0.47925316E+00   -0.91932494E-02    0.10182788E-01   -0.37838880E+04   -0.18219031E+05   -0.26467224E+06   -0.23168544E+02   -0.33702896E+00    0.47721935E+00    0.00000000E+00   -0.20895079E+05   -0.39103567E+06   -0.20978005E+03   -0.20326092E+01   -0.82961135E+00    0.00000000E+00    0.26458833E+06    0.47992445E+07    0.41764011E+03    0.40654937E+01   -0.10699095E+02
  0.0012   -0.13964065E+05   -0.14575607E+05   -0.90406688E+04   -0.68865544E+00   -0.13198085E-01    0.14614992E-01   -0.37233204E+04   -0.24446808E+05   -0.31659278E+06   -0.27747272E+02   -0.40314365E+00    0.57083508E+00    0.00000000E+00   -0.24831590E+05   -0.38714339E+06   -0.20936015E+03   -0.20245673E+01   -0.83354382E+00    0.00000000E+00    0.31649229E+06    0.47833828E+07    0.41680024E+03    0.40494094E+01   -0.10666382E+02
  0.0014   -0.16257872E+05   -0.17225643E+05   -0.12259310E+05   -0.93498106E+00   -0.17899661E-01    0.19815374E-01   -0.36526253E+04   -0.31758467E+05   -0.36796632E+06   -0.32296260E+02   -0.46856181E+00    0.66346455E+00    0.00000000E+00   -0.28637643E+05   -0.38257054E+06   -0.20886562E+03   -0.20151104E+01   -0.83815510E+00    0.00000000E+00    0.36784935E+06    0.47647247E+07    0.41581113E+03    0.40304950E+01   -0.10627895E+02
  0.0015   -0.17399184E+05   -0.18587217E+05   -0.14043811E+05   -0.10718162E+01   -0.20506989E-01    0.22697953E-01   -0.36136129E+04   -0.35813445E+05   -0.39342096E+06   -0.34558114E+02   -0.50097530E+00    0.70936072E+00    0.00000000E+00   -0.30485396E+05   -0.38003298E+06   -0.20859064E+03   -0.20098585E+01   -0.84070984E+00    0.00000000E+00    0.39329580E+06    0.47543602E+07    0.41526113E+03    0.40199909E+01   -0.10606513E+02
  0.0016   -0.18536427E+05   -0.19975306E+05   -0.15943096E+05   -0.12176633E+01   -0.23282544E-01    0.25765436E-01   -0.35722332E+04   -0.40130203E+05   -0.41870670E+06   -0.36810760E+02   -0.53317371E+00    0.75495238E+00    0.00000000E+00   -0.32292994E+05   -0.37733043E+06   -0.20829733E+03   -0.20042619E+01   -0.84342742E+00    0.00000000E+00    0.41857338E+06    0.47433131E+07    0.41467448E+03    0.40087972E+01   -0.10583722E+02
  0.0017   -0.19669350E+05   -0.21391470E+05   -0.17955547E+05   -0.13724388E+01   -0.26224059E-01    0.29015105E-01   -0.35285491E+04   -0.44705241E+05   -0.44381313E+06   -0.39053619E+02   -0.56514380E+00    0.80022073E+00    0.00000000E+00   -0.34058012E+05   -0.37446484E+06   -0.20798582E+03   -0.19983239E+01   -0.84630523E+00    0.00000000E+00    0.44367169E+06    0.47315900E+07    0.41405142E+03    0.39969208E+01   -0.10559532E+02
  0.0018   -0.20797707E+05   -0.22837233E+05   -0.20079450E+05   -0.15360543E+01   -0.29329137E-01    0.32444088E-01   -0.34826317E+04   -0.49534867E+05   -0.46872999E+06   -0.41286118E+02   -0.59687249E+00    0.84514726E+00    0.00000000E+00   -0.35778072E+05   -0.37143828E+06   -0.20765625E+03   -0.19920482E+01   -0.84934053E+00    0.00000000E+00    0.46858046E+06    0.47191973E+07    0.41339223E+03    0.39843689E+01   -0.10533959E+02
  0.0019   -0.21921254E+05   -0.24314078E+05   -0.22313003E+05   -0.17084168E+01   -0.32595252E-01    0.36049364E-01   -0.34345427E+04   -0.54615180E+05   -0.49344719E+06   -0.43507692E+02   -0.62834694E+00    0.88971381E+00    0.00000000E+00   -0.37450850E+05   -0.36825294E+06   -0.20730875E+03   -0.19854385E+01   -0.85253039E+00    0.00000000E+00    0.49328962E+06    0.47061423E+07    0.41269719E+03    0.39711492E+01   -0.10507016E+02
  0.0020   -0.23039753E+05   -0.25823446E+05   -0.24654313E+05   -0.18894282E+01   -0.36019757E-01    0.39827761E-01   -0.33843619E+04   -0.59942098E+05   -0.51795482E+06   -0.45717783E+02   -0.65955452E+00    0.93390247E+00    0.00000000E+00   -0.39074069E+05   -0.36491111E+06   -0.20694347E+03   -0.19784990E+01   -0.85587179E+00    0.00000000E+00    0.51778924E+06    0.46924323E+07    0.41196659E+03    0.39572696E+01   -0.10478717E+02
  0.0030   -0.33897928E+05   -0.42988537E+05   -0.53519749E+05   -0.41505243E+01   -0.78311710E-01    0.86338594E-01   -0.27851125E+04   -0.12574871E+06   -0.74946497E+06   -0.67070381E+02   -0.95435545E+00    0.13513287E+01    0.00000000E+00   -0.52122468E+05   -0.32346180E+06   -0.20235033E+03   -0.18919668E+01   -0.89685595E+00    0.00000000E+00    0.74922206E+06    0.45211818E+07    0.40277969E+03    0.37841993E+01   -0.10124946E+02
  0.0040   -0.44026222E+05   -0.64609498E+05   -0.90525770E+05   -0.71379941E+01   -0.13274786E+00    0.14574925E+00   -0.20729219E+04   -0.21051021E+06   -0.95070096E+06   -0.86728195E+02   -0.12106058E+01    0.17141688E+01    0.00000000E+00   -0.58185388E+05   -0.26957336E+06   -0.19618994E+03   -0.17780783E+01   -0.94875204E+00    0.00000000E+00    0.95038686E+06    0.42949058E+07    0.39045809E+03    0.35564141E+01   -0.96566064E+01
  0.0050   -0.53277343E+05   -0.91199328E+05   -0.13276641E+06   -0.10694633E+02   -0.19524292E+00    0.21320500E+00   -0.13458064E+04   -0.30790943E+06   -0.11156728E+07   -0.10430072E+03   -0.14206780E+01    0.20116225E+01    0.00000000E+00   -0.56146079E+05   -0.20682141E+06   -0.18870429E+03   -0.16431645E+01   -0.10068908E+01    0.00000000E+00    0.11152950E+07    0.40254093E+07    0.37548573E+03    0.32865762E+01   -0.90973546E+01
  0.0060   -0.61566727E+05   -0.12263309E+06   -0.17713053E+06   -0.14644870E+02   -0.26140536E+00    0.28352611E+00   -0.69554862E+03   -0.41114211E+06   -0.12412187E+07   -0.11952206E+03   -0.15805460E+01    0.22379891E+01    0.00000000E+00   -0.45702627E+05   -0.13909205E+06   -0.18016847E+03   -0.14941951E+01   -0.10662868E+01    0.00000000E+00    0.12407859E+07    0.37257560E+07    0.35841283E+03    0.29886255E+01   -0.84734397E+01
  0.0070   -0.68868450E+05   -0.15819086E+06   -0.22063332E+06   -0.18809599E+02   -0.32699587E+00    0.35176932E+00   -0.19228198E+03   -0.51362148E+06   -0.13269873E+07   -0.13225536E+03   -0.16897622E+01    0.23926348E+01    0.00000000E+00   -0.27337637E+05   -0.70197696E+05   -0.17087016E+03   -0.13381387E+01   -0.11221797E+01    0.00000000E+00    0.13265084E+07    0.34091038E+07    0.33981477E+03    0.26764992E+01   -0.78114046E+01
  0.0080   -0.75204019E+05   -0.19667994E+06   -0.26070075E+06   -0.23019743E+02   -0.38832280E+00    0.41370745E+00    0.12587318E+03   -0.60958882E+06   -0.13751155E+07   -0.14248535E+03   -0.17510479E+01    0.24794128E+01    0.00000000E+00   -0.21929284E+04   -0.35397933E+04   -0.16109034E+03   -0.11813910E+01   -0.11705010E+01    0.00000000E+00    0.13745996E+07    0.30876598E+07    0.32025351E+03    0.23629891E+01   -0.71360115E+01
  0.0090   -0.80626899E+05   -0.23661163E+06   -0.29537137E+06   -0.27127086E+02   -0.44252559E+00    0.46616675E+00    0.25629988E+03   -0.69455510E+06   -0.13896763E+07   -0.15030136E+03   -0.17695893E+01    0.25056666E+01    0.00000000E+00    0.28124536E+05    0.58141282E+05   -0.15108714E+03   -0.10293383E+01   -0.12082064E+01    0.00000000E+00    0.13891320E+07    0.27718700E+07    0.30024534E+03    0.20588680E+01   -0.64686240E+01
  0.0100   -0.85206144E+05   -0.27640026E+06   -0.32339616E+06   -0.31011437E+02   -0.48771952E+00    0.50718940E+00    0.22826464E+03   -0.76553187E+06   -0.13759966E+07   -0.15587371E+03   -0.17521698E+01    0.24810014E+01    0.00000000E+00    0.61770559E+05    0.11290570E+06   -0.14108434E+03   -0.88609490E+00   -0.12334425E+01    0.00000000E+00    0.13754322E+07    0.24699180E+07    0.28023782E+03    0.17723649E+01   -0.58261898E+01
  0.0120   -0.92107947E+05   -0.34981376E+06   -0.35796897E+06   -0.37786150E+02   -0.54832511E+00    0.55294500E+00   -0.87286837E+02   -0.86097553E+06   -0.12873555E+07   -0.16121719E+03   -0.16392958E+01    0.23211762E+01    0.00000000E+00    0.13180003E+06    0.19797907E+06   -0.12176891E+03   -0.63581753E+00   -0.12448883E+01    0.00000000E+00    0.12867718E+07    0.19281916E+07    0.24160278E+03    0.12717762E+01   -0.46601896E+01
  0.0140   -0.96359725E+05   -0.40837137E+06   -0.36661204E+06   -0.42980145E+02   -0.57204162E+00    0.55581837E+00   -0.37257677E+03   -0.89846224E+06   -0.11526495E+07   -0.16054017E+03   -0.14677636E+01    0.20782936E+01    0.00000000E+00    0.19590355E+06    0.25086025E+06   -0.10411370E+03   -0.43872842E+00   -0.12104850E+01    0.00000000E+00    0.11520684E+07    0.14827729E+07    0.20628780E+03    0.87756365E+00   -0.36840982E+01
  0.0160   -0.98272545E+05   -0.44896932E+06   -0.35628256E+06   -0.46582015E+02   -0.56770055E+00    0.52838142E+00   -0.38253937E+03   -0.89161833E+06   -0.10032645E+07   -0.15575862E+03   -0.12775394E+01    0.18089437E+01    0.00000000E+00    0.24760360E+06    0.27742923E+06   -0.88539797E+02   -0.29043502E+00   -0.11439294E+01    0.00000000E+00    0.10027008E+07    0.11300037E+07    0.17513518E+03    0.58094310E+00   -0.28954455E+01
  0.0180   -0.98171547E+05   -0.47278924E+06   -0.33412901E+06   -0.48764320E+02   -0.54482735E+00    0.48310054E+00   -0.18836268E+03   -0.85547478E+06   -0.85684526E+06   -0.14840664E+03   -0.10910918E+01    0.15449414E+01    0.00000000E+00    0.28545652E+06    0.28510255E+06   -0.75117244E+02   -0.18200874E+00   -0.10591097E+01    0.00000000E+00    0.85630832E+06    0.85640049E+06    0.14828511E+03    0.36405811E+00   -0.22706067E+01
  0.0200   -0.96522653E+05   -0.48279358E+06   -0.30533684E+06   -0.49760207E+02   -0.51059606E+00    0.42875445E+00   -0.17703890E+02   -0.80152532E+06   -0.72186896E+06   -0.13962290E+03   -0.91921534E+00    0.13015713E+01    0.00000000E+00    0.31070064E+06    0.27995649E+06   -0.63734262E+02   -0.10489153E+00   -0.96616090E+00    0.00000000E+00    0.72136393E+06    0.64766280E+06    0.12551408E+03    0.20979302E+00   -0.17827028E+01
  0.0220   -0.93882964E+05   -0.48188292E+06   -0.27331241E+06   -0.49809646E+02   -0.46993192E+00    0.37089735E+00   -0.12759390E+02   -0.73764604E+06   -0.60255331E+06   -0.13023414E+03   -0.76728091E+00    0.10864383E+01    0.00000000E+00    0.32520354E+06    0.26638373E+06   -0.54191831E+02   -0.52028096E-01   -0.87154168E+00    0.00000000E+00    0.60208240E+06    0.49117892E+06    0.10642414E+03    0.10403746E+00   -0.14070451E+01
  0.0240   -0.90726394E+05   -0.47245869E+06   -0.24064040E+06   -0.49145143E+02   -0.42669554E+00    0.31362024E+00   -0.12595008E+03   -0.66985113E+06   -0.50096030E+06   -0.12082049E+03   -0.63791419E+00    0.90326017E+00    0.00000000E+00    0.33072471E+06    0.24783687E+06   -0.46246360E+02   -0.17232598E-01   -0.77968789E+00    0.00000000E+00    0.50052359E+06    0.37535969E+06    0.90528127E+02    0.34419798E-01   -0.11203518E+01
  0.0260   -0.87314374E+05   -0.45678513E+06   -0.20948039E+06   -0.47980224E+02   -0.38415970E+00    0.26029418E+00   -0.21035956E+03   -0.60313235E+06   -0.41695152E+06   -0.11174675E+03   -0.53093892E+00    0.75178748E+00    0.00000000E+00    0.32908808E+06    0.22723524E+06   -0.39639909E+02    0.51072655E-02   -0.69396834E+00    0.00000000E+00    0.41654779E+06    0.28940624E+06    0.77310215E+02   -0.10284604E-01   -0.90062557E+00
  0.0280   -0.83722209E+05   -0.43718587E+06   -0.18126333E+06   -0.46490731E+02   -0.34457710E+00    0.21306869E+00   -0.18033157E+03   -0.54094072E+06   -0.34821911E+06   -0.10319780E+03   -0.44341629E+00    0.62785895E+00    0.00000000E+00    0.32233691E+06    0.20672291E+06   -0.34132952E+02    0.19481429E-01   -0.61648922E+00    0.00000000E+00    0.34784645E+06    0.22442403E+06    0.66291372E+02   -0.39055708E-01   -0.72948280E+00
  0.0300   -0.79976278E+05   -0.41572250E+06   -0.15639007E+06   -0.44802424E+02   -0.30876605E+00    0.17235864E+00   -0.80270968E+02   -0.48460492E+06   -0.29148485E+06   -0.95240278E+02   -0.37117190E+00    0.52556378E+00    0.00000000E+00    0.31243089E+06    0.18736618E+06   -0.29528321E+02    0.28696240E-01   -0.54772459E+00    0.00000000E+00    0.29114111E+06    0.17448862E+06    0.57077283E+02   -0.57506330E-01   -0.59431012E+00
  0.0400   -0.62363113E+05   -0.30882213E+06   -0.70567566E+05   -0.35631366E+02   -0.17701062E+00    0.40086269E-01   -0.97649995E+02   -0.27774657E+06   -0.12544522E+06   -0.64416945E+02   -0.15974004E+00    0.22618467E+00    0.00000000E+00    0.24719780E+06    0.11097635E+06   -0.15478917E+02    0.34787848E-01   -0.30662426E+00    0.00000000E+00    0.12521364E+06    0.56670143E+05    0.28956222E+02   -0.69772397E-01   -0.24411470E+00
  0.0500   -0.48621157E+05   -0.22639026E+06   -0.29719742E+05   -0.27836096E+02   -0.10589943E+00   -0.14468423E-01   -0.90640986E+02   -0.16610973E+06   -0.59927815E+05   -0.45268364E+02   -0.76311398E-01    0.10805294E+00    0.00000000E+00    0.18785429E+06    0.67325391E+05   -0.91502771E+01    0.25813114E-01   -0.18130942E+00    0.00000000E+00    0.59766066E+05    0.21948757E+05    0.16280116E+02   -0.51879244E-01   -0.11940328E+00
  0.0600   -0.38491764E+05   -0.16921175E+06   -0.10487155E+05   -0.21966880E+02   -0.67031672E-01   -0.34768568E-01   -0.69803876E+02   -0.10508974E+06   -0.31414521E+05   -0.33155066E+02   -0.40003135E-01    0.56641759E-01    0.00000000E+00    0.14384667E+06    0.42889266E+05   -0.59852947E+01    0.18038689E-01   -0.11390757E+00    0.00000000E+00    0.31297110E+05    0.97092078E+04    0.99346158E+01   -0.36370034E-01   -0.66239830E-01
  0.0700   -0.31037464E+05   -0.12974118E+06   -0.12935309E+04   -0.17631099E+02   -0.44703541E-01   -0.40724070E-01   -0.44860818E+02   -0.70032605E+05   -0.17795901E+05   -0.25175064E+02   -0.22661485E-01    0.32086539E-01    0.00000000E+00    0.11227240E+06    0.28672913E+05   -0.42551173E+01    0.12717550E-01   -0.75492949E-01    0.00000000E+00    0.17707843E+05    0.46768557E+04    0.64616928E+01   -0.25756539E-01   -0.40144605E-01
  0.0800   -0.25475012E+05   -0.10193350E+06    0.31232635E+04   -0.14400457E+02   -0.31164858E-01   -0.40773391E-01   -0.23890463E+02   -0.48776180E+05   -0.10787793E+05   -0.19698964E+02   -0.13737546E-01    0.19450455E-01    0.00000000E+00    0.89436660E+05    0.19985893E+05   -0.32389349E+01    0.91764700E-02   -0.52308932E-01    0.00000000E+00    0.10720010E+05    0.23592700E+04    0.44194057E+01   -0.18695769E-01   -0.25953922E-01
  0.0900   -0.21247313E+05   -0.81835978E+05    0.51988295E+04   -0.11953101E+02   -0.22525676E-01   -0.38519563E-01   -0.11634799E+02   -0.35217617E+05   -0.69556023E+04   -0.15801904E+02   -0.88577618E-02    0.12540732E-01    0.00000000E+00    0.72608344E+05    0.14413595E+05   -0.26068019E+01    0.67674543E-02   -0.37575108E-01    0.00000000E+00    0.69023638E+04    0.12327062E+04    0.31475852E+01   -0.13893875E-01   -0.17686222E-01
  0.1000   -0.17971431E+05   -0.66951759E+05    0.60978201E+04   -0.10065347E+02   -0.16755008E-01   -0.35514587E-01   -0.88104986E+01   -0.26169250E+05   -0.47322716E+04   -0.12939824E+02   -0.60266721E-02    0.85318780E-02    0.00000000E+00    0.59954097E+05    0.10677683E+05   -0.21947616E+01    0.50691731E-02   -0.27780080E-01    0.00000000E+00    0.46898207E+04    0.69528847E+03    0.23180864E+01   -0.10509572E-01   -0.12648585E-01
  0.1100   -0.15384960E+05   -0.55687315E+05    0.63907042E+04   -0.85839250E+01   -0.12751004E-01   -0.32411623E-01   -0.12775114E+02   -0.19898954E+05   -0.33497055E+04   -0.10780061E+02   -0.42661968E-02    0.60389715E-02    0.00000000E+00    0.50257851E+05    0.80787527E+04   -0.19153842E+01    0.38347729E-02   -0.21019026E-01    0.00000000E+00    0.33154889E+04    0.46043482E+03    0.17558578E+01   -0.80500743E-02   -0.94665744E-02
  0.1200   -0.13307372E+05   -0.46997911E+05    0.63610370E+04   -0.74030607E+01   -0.98935117E-02   -0.29462861E-01   -0.19191692E+02   -0.15429164E+05   -0.24204566E+04   -0.91118885E+01   -0.30829671E-02    0.43634227E-02    0.00000000E+00    0.42699701E+05    0.62208601E+04   -0.17192036E+01    0.29245652E-02   -0.16213538E-01    0.00000000E+00    0.23926842E+04    0.36571885E+03    0.13618085E+01   -0.62366425E-02   -0.73617546E-02
  0.1300   -0.11613726E+05   -0.40176289E+05    0.61532169E+04   -0.64485801E+01   -0.78169900E-02   -0.26746993E-01   -0.23975012E+02   -0.12182248E+05   -0.17542778E+04   -0.77975973E+01   -0.22347255E-02    0.31622051E-02    0.00000000E+00    0.36712365E+05    0.48694492E+04   -0.15768976E+01    0.22561433E-02   -0.12724426E-01    0.00000000E+00    0.17316575E+04    0.31399693E+03    0.10771598E+01   -0.49049180E-02   -0.58709107E-02
  0.1400   -0.10216570E+05   -0.34729774E+05    0.58462661E+04   -0.56674210E+01   -0.62908604E-02   -0.24276548E-01   -0.24777244E+02   -0.97941346E+04   -0.12645442E+04   -0.67446100E+01   -0.16111653E-02    0.22791291E-02    0.00000000E+00    0.31893821E+05    0.38757929E+04   -0.14705042E+01    0.17727620E-02   -0.10150883E-01    0.00000000E+00    0.12461189E+04    0.25541943E+03    0.86587368E+00   -0.39417444E-02   -0.47275269E-02
  0.1500   -0.90532494E+04   -0.30308971E+05    0.54898667E+04   -0.50208259E+01   -0.51569433E-02   -0.22046190E-01   -0.21536164E+02   -0.80166454E+04   -0.91332450E+03   -0.58889254E+01   -0.11639855E-02    0.16458026E-02    0.00000000E+00    0.27955160E+05    0.31373374E+04   -0.13887880E+01    0.14269321E-02   -0.82248985E-02    0.00000000E+00    0.89836842E+03    0.17749271E+03    0.70538046E+00   -0.32523937E-02   -0.37984394E-02
  0.1600   -0.80771339E+04   -0.26665053E+05    0.51197233E+04   -0.44799548E+01   -0.42991503E-02   -0.20049672E-01   -0.16028474E+02   -0.66694741E+04   -0.67807719E+03   -0.51849997E+01   -0.86448192E-03    0.12215820E-02    0.00000000E+00    0.24688560E+05    0.25785348E+04   -0.13246030E+01    0.11754172E-02   -0.67572907E-02    0.00000000E+00    0.66602896E+03    0.92612766E+02    0.58130173E+00   -0.27505858E-02   -0.30355034E-02
  0.1700   -0.72519138E+04   -0.23621840E+05    0.47619262E+04   -0.40230507E+01   -0.36309836E-02   -0.18280764E-01   -0.10763633E+02   -0.56194680E+04   -0.53449420E+03   -0.45994782E+01   -0.68170106E-03    0.96263836E-03    0.00000000E+00    0.21945713E+05    0.21430206E+04   -0.12732845E+01    0.98111159E-03   -0.56117630E-02    0.00000000E+00    0.52491278E+03    0.22715448E+02    0.48423095E+00   -0.23622603E-02   -0.24321430E-02
  0.1800   -0.65483222E+04   -0.21055129E+05    0.44327605E+04   -0.36335685E+01   -0.30911971E-02   -0.16728319E-01   -0.77668275E+01   -0.47726087E+04   -0.45227923E+03   -0.41073255E+01   -0.57706405E-03    0.81434592E-03    0.00000000E+00    0.19621327E+05    0.17909439E+04   -0.12316340E+01    0.81711095E-03   -0.46926208E-02    0.00000000E+00    0.44481379E+03   -0.14941617E+02    0.40770232E+00   -0.20337290E-02   -0.19877620E-02
  0.1900   -0.59425723E+04   -0.18876056E+05    0.41382350E+04   -0.32988747E+01   -0.26412104E-02   -0.15372243E-01   -0.77673589E+01   -0.40691498E+04   -0.39962931E+03   -0.36894561E+01   -0.51007351E-03    0.71936212E-03    0.00000000E+00    0.17639485E+05    0.14973219E+04   -0.11972995E+01    0.66918649E-03   -0.39372346E-02    0.00000000E+00    0.39399775E+03   -0.16452133E+02    0.34694847E+00   -0.17366323E-02   -0.16860183E-02
  0.2000   -0.54157433E+04   -0.17017849E+05    0.38755279E+04   -0.30092781E+01   -0.22608943E-02   -0.14183724E-01   -0.10070902E+02   -0.34768762E+04   -0.35106073E+03   -0.33312563E+01   -0.44827889E-03    0.63173842E-03    0.00000000E+00    0.15942619E+05    0.12492514E+04   -0.11684379E+01    0.53471809E-03   -0.33085289E-02    0.00000000E+00    0.34703349E+03    0.78129003E+01    0.29822551E+00   -0.14658112E-02   -0.14898472E-02
  0.2100   -0.49534209E+04   -0.15426400E+05    0.36365846E+04   -0.27572644E+01   -0.19421143E-02   -0.13129849E-01   -0.13071111E+02   -0.29814816E+04   -0.29350637E+03   -0.30215835E+01   -0.37504066E-03    0.52791412E-03    0.00000000E+00    0.14483654E+05    0.10416252E+04   -0.11435738E+01    0.41828765E-03   -0.27862100E-02    0.00000000E+00    0.29089388E+03    0.39027485E+02    0.25852858E+00   -0.12304976E-02   -0.13505633E-02
  0.2200   -0.45451262E+04   -0.14054961E+05    0.34126790E+04   -0.25368873E+01   -0.16814315E-02   -0.12180334E-01   -0.15091308E+02   -0.25759505E+04   -0.22752056E+03   -0.27519842E+01   -0.29106467E-03    0.40888870E-03    0.00000000E+00    0.13221639E+05    0.87230636E+03   -0.11215660E+01    0.32578241E-03   -0.23578159E-02    0.00000000E+00    0.22616357E+03    0.58911238E+02    0.22552477E+00   -0.10425238E-02   -0.12237607E-02
  0.2300   -0.41833859E+04   -0.12862500E+05    0.31982100E+04   -0.23433090E+01   -0.14741426E-02   -0.11313244E-01   -0.15145191E+02   -0.22519621E+04   -0.16321505E+03   -0.25160087E+01   -0.20922698E-03    0.29289434E-03    0.00000000E+00    0.12120485E+05    0.73821419E+03   -0.11016049E+01    0.25943502E-03   -0.20116367E-02    0.00000000E+00    0.16297740E+03    0.57494403E+02    0.19754725E+00   -0.90640524E-03   -0.10832833E-02
  0.2400   -0.38625898E+04   -0.11814358E+05    0.29923852E+04   -0.21724903E+01   -0.13113772E-02   -0.10517271E-01   -0.13291734E+02   -0.19956881E+04   -0.11305425E+03   -0.23086054E+01   -0.14539953E-03    0.20240511E-03    0.00000000E+00    0.11149651E+05    0.63345255E+03   -0.10831857E+01    0.21564123E-03   -0.17331376E-02    0.00000000E+00    0.11381786E+03    0.36333828E+02    0.17354071E+00   -0.81497701E-03   -0.92675585E-03
  0.2500   -0.35779382E+04   -0.10883515E+05    0.27984277E+04   -0.20210130E+01   -0.11806726E-02   -0.97898678E-02   -0.10476365E+02   -0.17885391E+04   -0.84873385E+02   -0.21256328E+01   -0.10955950E-03    0.15154839E-03    0.00000000E+00    0.10285291E+05    0.54974156E+03   -0.10660360E+01    0.18604111E-03   -0.15052059E-02    0.00000000E+00    0.86534968E+02    0.62583171E+01    0.15291704E+00   -0.75155780E-03   -0.77081114E-03
  0.2600   -0.33247665E+04   -0.10050967E+05    0.26210234E+04   -0.18859990E+01   -0.10690258E-02   -0.91324472E-02   -0.79901357E+01   -0.16114169E+04   -0.78076492E+02   -0.19635341E+01   -0.10094797E-03    0.13924968E-03    0.00000000E+00    0.95105865E+04    0.47847355E+03   -0.10500120E+01    0.16090417E-03   -0.13110911E-02    0.00000000E+00    0.80545519E+02   -0.18751703E+02    0.13534664E+00   -0.69672108E-03   -0.63903258E-03
  0.2700   -0.30983775E+04   -0.93045406E+04    0.24633935E+04   -0.17650732E+01   -0.96653095E-03   -0.85450136E-02   -0.68339661E+01   -0.14497935E+04   -0.84281800E+02   -0.18191829E+01   -0.10889172E-03    0.15039619E-03    0.00000000E+00    0.88146861E+04    0.41313344E+03   -0.10349950E+01    0.13297152E-03   -0.11380088E-02    0.00000000E+00    0.87478960E+02   -0.28394713E+02    0.12055179E+00   -0.63598012E-03   -0.54862548E-03
  0.2800   -0.28942991E+04   -0.86363672E+04    0.23253788E+04   -0.16563256E+01   -0.86872628E-03   -0.80226150E-02   -0.72864011E+01   -0.12969643E+04   -0.91587974E+02   -0.16898649E+01   -0.11823576E-03    0.16352916E-03    0.00000000E+00    0.81904774E+04    0.35083988E+03   -0.10208233E+01    0.99919405E-04   -0.97941848E-03    0.00000000E+00    0.95443731E+02   -0.20442275E+02    0.10817024E+00   -0.56471575E-03   -0.50182632E-03
  0.2900   -0.27087287E+04   -0.80399679E+04    0.22033124E+04   -0.15582440E+01   -0.77659055E-03   -0.75549492E-02   -0.88500022E+01   -0.11539902E+04   -0.90109358E+02   -0.15733202E+01   -0.11639187E-03    0.16082417E-03    0.00000000E+00    0.76320298E+04    0.29231730E+03   -0.10072783E+01    0.64430760E-04   -0.83486590E-03    0.00000000E+00    0.94562341E+02   -0.96361688E+00    0.97726277E-01   -0.48831989E-03   -0.48535538E-03
  0.3000   -0.25388783E+04   -0.75080374E+04    0.20915631E+04   -0.14696162E+01   -0.69433810E-03   -0.71289067E-02   -0.10561821E+02   -0.10265452E+04   -0.76100210E+02   -0.14677731E+01   -0.98590251E-04    0.13552749E-03    0.00000000E+00    0.71326702E+04    0.24040952E+03   -0.99411767E+00    0.32053942E-04   -0.70755155E-03    0.00000000E+00    0.81095504E+02    0.19297570E+02    0.88698363E-01   -0.41791333E-03   -0.47728115E-03
  0.3100   -0.23830256E+04   -0.70316733E+04    0.19848796E+04   -0.13894219E+01   -0.62616946E-03   -0.67325328E-02   -0.11488800E+02   -0.92030978E+03   -0.52896643E+02   -0.13718945E+01   -0.69079048E-04    0.93654308E-04    0.00000000E+00    0.66843340E+04    0.19791343E+03   -0.98113306E+00    0.80238542E-05   -0.60084496E-03    0.00000000E+00    0.58384205E+02    0.30355998E+02    0.80633670E-01   -0.36398829E-03   -0.45737669E-03
  0.3200   -0.22402367E+04   -0.66011023E+04    0.18803787E+04   -0.13167433E+01   -0.57352153E-03   -0.63583939E-02   -0.11161476E+02   -0.83708600E+03   -0.28530530E+02   -0.12846915E+01   -0.38085884E-04    0.49686582E-04    0.00000000E+00    0.62782272E+04    0.16575992E+03   -0.96819861E+00   -0.54104929E-05   -0.51536098E-03    0.00000000E+00    0.34464009E+02    0.27554990E+02    0.73245064E-01   -0.33106368E-03   -0.41583496E-03
  0.3300   -0.21098903E+04   -0.62073036E+04    0.17782883E+04   -0.12507174E+01   -0.53400254E-03   -0.60048000E-02   -0.97507820E+01   -0.77330195E+03   -0.11413523E+02   -0.12053576E+01   -0.16321999E-04    0.18791022E-04    0.00000000E+00    0.59062614E+04    0.14232467E+03   -0.95528633E+00   -0.99770898E-05   -0.44783042E-03    0.00000000E+00    0.17749625E+02    0.13241853E+02    0.66442019E-01   -0.31570315E-03   -0.35644092E-03
  0.3400   -0.19912180E+04   -0.58435916E+04    0.16812112E+04   -0.11905330E+01   -0.50232441E-03   -0.56744700E-02   -0.79291584E+01   -0.72133745E+03   -0.62566014E+01   -0.11331363E+01   -0.97862669E-05    0.94617928E-05    0.00000000E+00    0.55624403E+04    0.12406729E+03   -0.94244233E+00   -0.10391489E-04   -0.39207708E-03    0.00000000E+00    0.12954936E+02   -0.49699289E+01    0.60282889E-01   -0.30849403E-03   -0.29320434E-03
  0.3600   -0.17838780E+04   -0.51945600E+04    0.15137760E+04   -0.10848874E+01   -0.44080650E-03   -0.50978477E-02   -0.60445283E+01   -0.62184708E+03   -0.23164070E+02   -0.10068824E+01   -0.31373117E-04    0.39889759E-04    0.00000000E+00    0.49484094E+04    0.88677189E+02   -0.91721030E+00   -0.18447613E-04   -0.29125768E-03    0.00000000E+00    0.30477938E+02   -0.20812793E+02    0.50266752E-01   -0.27923112E-03   -0.21520181E-03
  0.3700   -0.16920914E+04   -0.49084494E+04    0.14450704E+04   -0.10383349E+01   -0.40621386E-03   -0.48518864E-02   -0.65930041E+01   -0.56748765E+03   -0.31957365E+02   -0.95128427E+00   -0.42596520E-04    0.55718399E-04    0.00000000E+00    0.46773032E+04    0.68431966E+02   -0.90484607E+00   -0.29980536E-04   -0.24050738E-03    0.00000000E+00    0.39530694E+02   -0.12426116E+02    0.46393069E-01   -0.24942721E-03   -0.21119901E-03
  0.3800   -0.16063698E+04   -0.46478324E+04    0.13837026E+04   -0.99544487E+00   -0.37121341E-03   -0.46280915E-02   -0.77246865E+01   -0.51302615E+03   -0.32887559E+02   -0.89981281E+00   -0.43805592E-04    0.57371013E-04    0.00000000E+00    0.44298870E+04    0.47951353E+02   -0.89256994E+00   -0.43905797E-04   -0.19142526E-03    0.00000000E+00    0.40691754E+02    0.19394138E+01    0.43074399E-01   -0.21475040E-03   -0.22071689E-03
  0.3900   -0.15259081E+04   -0.44110013E+04    0.13260775E+04   -0.95593838E+00   -0.33971152E-03   -0.44193094E-02   -0.87668170E+01   -0.46393233E+03   -0.24747929E+02   -0.85200526E+00   -0.33463712E-04    0.42671808E-04    0.00000000E+00    0.42045383E+04    0.29845033E+02   -0.88028360E+00   -0.56061651E-04   -0.14787811E-03    0.00000000E+00    0.32756380E+02    0.14860814E+02    0.40083629E-01   -0.18353846E-03   -0.22925687E-03
  0.4000   -0.14504446E+04   -0.41945668E+04    0.12691621E+04   -0.91956498E+00   -0.31496809E-03   -0.42194692E-02   -0.91423588E+01   -0.42475585E+03   -0.10924609E+02   -0.80757085E+00   -0.15882745E-04    0.17726161E-04    0.00000000E+00    0.39981656E+04    0.16274465E+02   -0.86790732E+00   -0.62996472E-04   -0.11306389E-03    0.00000000E+00    0.19112096E+02    0.20176658E+02    0.37231487E-01   -0.16270827E-03   -0.22478055E-03
  0.4100   -0.13800627E+04   -0.39942463E+04    0.12117183E+04   -0.88606292E+00   -0.29792983E-03   -0.40257086E-02   -0.86381007E+01   -0.39677677E+03    0.25806398E+01   -0.76633154E+00    0.12947659E-05   -0.66444181E-05    0.00000000E+00    0.38069117E+04    0.78490719E+01   -0.85541271E+00   -0.63614928E-04   -0.87762128E-04    0.00000000E+00    0.57616634E+01    0.15824496E+02    0.34432047E-01   -0.15446345E-03   -0.20314656E-03
  0.4200   -0.13148757E+04   -0.38061348E+04    0.11546094E+04   -0.85514597E+00   -0.28680712E-03   -0.38388938E-02   -0.74799107E+01   -0.37741647E+03    0.10222090E+02   -0.72813583E+00    0.11006971E-04   -0.20440676E-04    0.00000000E+00    0.36272758E+04    0.33550113E+01   -0.84283015E+00   -0.59577774E-04   -0.69899265E-04    0.00000000E+00   -0.17482656E+01    0.45257563E+01    0.31717546E-01   -0.15549483E-03   -0.16941805E-03
  0.4300   -0.12547477E+04   -0.36278051E+04    0.11000996E+04   -0.82651831E+00   -0.27800279E-03   -0.36623935E-02   -0.61932744E+01   -0.36155677E+03    0.95431476E+01   -0.69278529E+00    0.10125671E-04   -0.19233251E-04    0.00000000E+00    0.34570760E+04    0.38331094E+00   -0.83022883E+00   -0.54355777E-04   -0.55535010E-04    0.00000000E+00   -0.95998637E+00   -0.78532619E+01    0.29198597E-01   -0.15887263E-03   -0.13471254E-03
  0.4400   -0.11991783E+04   -0.34587126E+04    0.10505478E+04   -0.79990666E+00   -0.26785416E-03   -0.34998017E-02   -0.53305531E+01   -0.34400305E+03    0.21519454E+01   -0.66000504E+00    0.69860925E-06   -0.59217220E-05    0.00000000E+00    0.32957951E+04   -0.35054533E+01   -0.81768075E+00   -0.51481569E-04   -0.40697251E-04    0.00000000E+00    0.65197734E+01   -0.15324639E+02    0.26992034E-01   -0.15754275E-03   -0.11039742E-03
  0.4500   -0.11473906E+04   -0.32997477E+04    0.10071565E+04   -0.77509127E+00   -0.25430173E-03   -0.33527583E-02   -0.52040706E+01   -0.32183799E+03   -0.73111784E+01   -0.62946695E+00   -0.11365300E-04    0.11127102E-04    0.00000000E+00    0.31441764E+04   -0.96719344E+01   -0.80522646E+00   -0.52886038E-04   -0.23130911E-04    0.00000000E+00    0.16052286E+02   -0.14654678E+02    0.25152553E-01   -0.14765409E-03   -0.10256985E-03
  0.4600   -0.10985639E+04   -0.31521965E+04    0.96936748E+03   -0.75191965E+00   -0.23769220E-03   -0.32198932E-02   -0.57519932E+01   -0.29554860E+03   -0.13588368E+02   -0.60084931E+00   -0.19370836E-04    0.22432966E-04    0.00000000E+00    0.30033027E+04   -0.17870191E+02   -0.79285884E+00   -0.58106593E-04   -0.31300208E-05    0.00000000E+00    0.22381294E+02   -0.67326685E+01    0.23640154E-01   -0.13014198E-03   -0.10942933E-03
  0.4700   -0.10520897E+04   -0.30166353E+04    0.93514945E+03   -0.73029623E+00   -0.22038754E-03   -0.30973188E-02   -0.65923558E+01   -0.26846635E+03   -0.13358912E+02   -0.57390032E+00   -0.19089473E-04    0.22008421E-04    0.00000000E+00    0.28736249E+04   -0.26516247E+02   -0.78053116E+00   -0.64688641E-04    0.16887006E-04    0.00000000E+00    0.22187440E+02    0.41219730E+01    0.22336346E-01   -0.10992524E-03   -0.12260625E-03
  0.4800   -0.10077228E+04   -0.28922859E+04    0.90198112E+03   -0.71015347E+00   -0.20544174E-03   -0.29803326E-02   -0.72272714E+01   -0.24489326E+03   -0.67044691E+01   -0.54847352E+00   -0.10625234E-04    0.10000664E-04    0.00000000E+00    0.27543994E+04   -0.33574882E+02   -0.76818402E+00   -0.69512847E-04    0.33778268E-04    0.00000000E+00    0.15553364E+02    0.12451687E+02    0.21098056E-01   -0.93251731E-04   -0.13155860E-03
  0.4900   -0.96556135E+03   -0.27771028E+04    0.86801618E+03   -0.69141830E+00   -0.19503546E-03   -0.28654353E-02   -0.72900291E+01   -0.22789065E+03    0.31479639E+01   -0.52451886E+00    0.19126579E-05   -0.77718646E-05    0.00000000E+00    0.26437738E+04   -0.37602683E+02   -0.75577706E+00   -0.70355956E-04    0.45326446E-04    0.00000000E+00    0.57067023E+01    0.14355812E+02    0.19820962E-01   -0.84576612E-04   -0.12874141E-03
  0.5000   -0.92587470E+03   -0.26685032E+04    0.83285947E+03   -0.67398952E+00   -0.18943224E-03   -0.27516745E-02   -0.67139173E+01   -0.21780885E+03    0.11576843E+02   -0.50203535E+00    0.12639186E-04   -0.22976279E-04    0.00000000E+00    0.25394345E+04   -0.38439007E+02   -0.74330978E+00   -0.66923869E-04    0.51331433E-04    0.00000000E+00   -0.27305392E+01    0.92735465E+01    0.18481199E-01   -0.84496257E-04   -0.11302577E-03
  0.5500   -0.76323040E+03   -0.21895248E+04    0.68603364E+03   -0.60191056E+00   -0.16299113E-03   -0.22735325E-02   -0.48679307E+01   -0.17124836E+03   -0.63919511E+01   -0.40918553E+00   -0.10255986E-04    0.94084687E-05    0.00000000E+00    0.20807069E+04   -0.41942453E+02   -0.68168422E+00   -0.54797897E-04    0.74235548E-04    0.00000000E+00    0.15009717E+02   -0.29712168E+01    0.13326082E-01   -0.74944824E-04   -0.65804053E-04
  0.6000   -0.63508677E+03   -0.18410674E+04    0.57576663E+03   -0.54873627E+00   -0.13947235E-03   -0.19107839E-02   -0.43444494E+01   -0.13134448E+03    0.14522266E+02   -0.33836218E+00    0.16390772E-04   -0.28286109E-04    0.00000000E+00    0.17457637E+04   -0.43899341E+02   -0.62171795E+00   -0.47454579E-04    0.87599114E-04    0.00000000E+00   -0.63640804E+01   -0.25005292E+01    0.99397985E-02   -0.57907247E-04   -0.50214519E-04
  0.6500   -0.53805038E+03   -0.15572677E+04    0.49149999E+03   -0.50840159E+00   -0.11808524E-03   -0.16301555E-02   -0.44813333E+01   -0.96340715E+02   -0.10367876E+01   -0.28478599E+00   -0.33824195E-05   -0.19280445E-06    0.00000000E+00    0.14742574E+04   -0.45200534E+02   -0.56410775E+00   -0.43600813E-04    0.95455924E-04    0.00000000E+00    0.85754943E+01    0.57829396E+01    0.76974031E-02   -0.36517642E-04   -0.54308509E-04
  0.7000   -0.45862908E+03   -0.13421284E+04    0.41488075E+03   -0.47719799E+00   -0.11351728E-03   -0.13898731E-02   -0.27285023E+01   -0.86806119E+02    0.83751910E+01   -0.24239527E+00    0.86619539E-05   -0.17103820E-04    0.00000000E+00    0.12680766E+04   -0.36032539E+02   -0.50912729E+00   -0.26896283E-04    0.83955667E-04    0.00000000E+00   -0.15463252E+01   -0.79911091E+01    0.55783403E-02   -0.43785632E-04   -0.19201463E-04
  0.7500   -0.39564107E+03   -0.11646635E+04    0.36385834E+03   -0.45177572E+00   -0.94910215E-04   -0.12142986E-02   -0.36297591E+01   -0.58805491E+02    0.55704562E+01   -0.20909007E+00    0.51652731E-05   -0.11971902E-04    0.00000000E+00    0.10988325E+04   -0.37158719E+02   -0.45785670E+00   -0.27431781E-04    0.86884792E-04    0.00000000E+00    0.50548983E+00    0.72064445E+01    0.45948742E-02   -0.19675204E-04   -0.41845399E-04
  0.8000   -0.34432753E+03   -0.10191407E+04    0.31071111E+03   -0.43092740E+00   -0.94637402E-04   -0.10505215E-02   -0.19783113E+01   -0.57906495E+02    0.13925553E+01   -0.18243204E+00   -0.68548093E-07   -0.43526611E-05    0.00000000E+00    0.96049556E+03   -0.26988693E+02   -0.40993711E+00   -0.12199127E-04    0.70829972E-04    0.00000000E+00    0.39274355E+01   -0.61972326E+01    0.32582841E-02   -0.30202444E-04   -0.11137029E-04
  0.8500   -0.30090754E+03   -0.90351840E+03    0.27540351E+03   -0.41274427E+00   -0.82492035E-04   -0.92975443E-03   -0.24436833E+01   -0.41240942E+02    0.89512651E+01   -0.16051900E+00    0.96506258E-05   -0.17887405E-04    0.00000000E+00    0.85071113E+03   -0.25672594E+02   -0.36615091E+00   -0.10942008E-04    0.68038189E-04    0.00000000E+00   -0.43603870E+01    0.29120265E+01    0.26889329E-02   -0.15768293E-04   -0.24726969E-04
  0.9000   -0.26639432E+03   -0.79971915E+03    0.24098841E+03   -0.39674262E+00   -0.78649867E-04   -0.82003627E-03   -0.17523308E+01   -0.37103838E+02   -0.16250689E+01   -0.14298273E+00   -0.37183763E-05    0.12810510E-05    0.00000000E+00    0.75297177E+03   -0.19773134E+02   -0.32613697E+00   -0.32481292E-05    0.57582733E-04    0.00000000E+00    0.55305654E+01   -0.80943628E+00    0.19932206E-02   -0.17007413E-04   -0.14517231E-04
  0.9500   -0.23559778E+03   -0.71973750E+03    0.21275469E+03   -0.38212463E+00   -0.74123231E-04   -0.72865030E-03   -0.13298766E+01   -0.32682470E+02    0.75064315E+01   -0.12798311E+00    0.80102699E-05   -0.15082817E-04    0.00000000E+00    0.67750747E+03   -0.15190007E+02   -0.29002502E+00    0.22476532E-05    0.48978801E-04    0.00000000E+00   -0.42266916E+01   -0.24191140E+01    0.14793919E-02   -0.16409287E-04   -0.89670275E-05
  1.0000   -0.21109012E+03   -0.64493390E+03    0.19194553E+03   -0.36840764E+00   -0.65795314E-04   -0.65630423E-03   -0.15888384E+01   -0.23372718E+02   -0.28880209E+00   -0.11582461E+00   -0.18153769E-05   -0.92689459E-06    0.00000000E+00    0.60758653E+03   -0.14005758E+02   -0.25775320E+00    0.25462204E-05    0.45634096E-04    0.00000000E+00    0.30054218E+01    0.33778090E+01    0.12429535E-02   -0.77073684E-05   -0.18098996E-04
  1.1000   -0.17072882E+03   -0.53156978E+03    0.15538054E+03   -0.34304828E+00   -0.56587612E-04   -0.53460655E-03   -0.12164648E+01   -0.16313811E+02    0.27088895E+01   -0.96365870E-01    0.21965687E-05   -0.61371677E-05    0.00000000E+00    0.50174945E+03   -0.88942311E+01   -0.20355656E+00    0.72547121E-05    0.34617281E-04    0.00000000E+00   -0.91935289E+00    0.37535845E+01    0.72217500E-03   -0.42918395E-05   -0.15839517E-04
  1.2000   -0.14074729E+03   -0.44514149E+03    0.12710527E+03   -0.31943492E+00   -0.50253716E-04   -0.44128548E-03   -0.66552025E+00   -0.13973758E+02    0.42917483E+01   -0.81933049E-01    0.43912872E-05   -0.88120195E-05    0.00000000E+00    0.42143457E+03   -0.44251405E+01   -0.16168507E+00    0.11256086E-04    0.24869765E-04    0.00000000E+00   -0.31847836E+01    0.10079536E+01    0.32168158E-03   -0.54011270E-05   -0.85020357E-05
  1.3000   -0.11816321E+03   -0.37688503E+03    0.10535576E+03   -0.29712527E+00   -0.45081278E-04   -0.36920197E-03   -0.15716462E+00   -0.13329373E+02    0.32133165E+01   -0.70886493E-01    0.31773757E-05   -0.67082000E-05    0.00000000E+00    0.35818073E+03   -0.12244787E+01   -0.13007828E+00    0.13726679E-04    0.17493714E-04    0.00000000E+00   -0.25851462E+01   -0.21423813E+01    0.31912571E-04   -0.75673698E-05   -0.97646185E-06
  1.4000   -0.10082486E+03   -0.32189442E+03    0.89204771E+02   -0.27603781E+00   -0.39610720E-04   -0.31404386E-03    0.10886991E+00   -0.11934542E+02    0.51078295E+00   -0.62161084E-01   -0.12547066E-06   -0.16968638E-05    0.00000000E+00    0.30723950E+03    0.19016787E+00   -0.10673417E+00    0.13895713E-04    0.13310673E-04    0.00000000E+00   -0.20354924E+00   -0.32939914E+01   -0.13496366E-03   -0.78131778E-05    0.23205896E-05
  1.5000   -0.87135869E+02   -0.27746898E+03    0.77513764E+02   -0.25623991E+00   -0.33519665E-04   -0.27198612E-03    0.10478329E+00   -0.91189872E+01   -0.17214389E+01   -0.55044024E-01   -0.28494262E-05    0.24464776E-05    0.00000000E+00    0.26599002E+03   -0.18194577E-01   -0.89842720E-01    0.11967961E-04    0.12023935E-04    0.00000000E+00    0.18237269E+01   -0.19886858E+01   -0.19560134E-03   -0.54855512E-05    0.63252166E-06
  1.6000   -0.75993979E+02   -0.24172620E+03    0.68742179E+02   -0.23783692E+00   -0.27574960E-04   -0.23905616E-03   -0.27804427E-01   -0.58703680E+01   -0.20625197E+01   -0.49071134E-01   -0.31834058E-05    0.31618127E-05    0.00000000E+00    0.23263908E+03   -0.10383442E+01   -0.77848527E-01    0.91063061E-05    0.12300710E-04    0.00000000E+00    0.20415319E+01    0.34036600E+00   -0.20097234E-03   -0.21641143E-05   -0.32112299E-05
  2.0000   -0.47380776E+02   -0.15025731E+03    0.43150043E+02   -0.17897373E+00   -0.16336039E-04   -0.14908456E-03    0.29348297E+00   -0.44017765E+01    0.87352593E+00   -0.32461646E-01    0.81905143E-06   -0.18682988E-05    0.00000000E+00    0.14605613E+03   -0.20271254E+01   -0.57157053E-01    0.41889240E-05    0.10425254E-04    0.00000000E+00   -0.10001661E+01   -0.17090909E+01   -0.34449510E-03   -0.31087082E-05    0.21492077E-05
  2.5000   -0.29749599E+02   -0.92110495E+02    0.28295554E+02   -0.13395375E+00   -0.79776036E-05   -0.95027181E-04    0.13535937E+00   -0.97636410E+00    0.91600422E+00   -0.20776562E-01    0.10242018E-05   -0.17938304E-05    0.00000000E+00    0.89585097E+02   -0.43843718E+01   -0.51247236E-01   -0.14549587E-05    0.12033299E-04    0.00000000E+00   -0.97002056E+00    0.39059220E+00   -0.30637304E-03    0.52682134E-07   -0.11489514E-05
  3.0000   -0.20301830E+02   -0.61110215E+02    0.19424704E+02   -0.11013331E+00   -0.49872369E-05   -0.64746176E-04    0.13305229E+00   -0.12029293E+00   -0.43525971E+00   -0.14039431E-01   -0.63005780E-06    0.70899262E-06    0.00000000E+00    0.58876782E+02   -0.47167409E+01   -0.44317153E-01   -0.30854415E-05    0.11425329E-04    0.00000000E+00    0.43353170E+00    0.47948169E+00   -0.29209865E-03    0.47839116E-06   -0.99670555E-06
  4.0000   -0.10567210E+02   -0.32822408E+02    0.95462488E+01   -0.92836327E-01   -0.39382826E-05   -0.33306745E-04    0.25949306E+00   -0.58988831E+00    0.31515333E+00   -0.71679196E-02    0.37322897E-06   -0.59632139E-06    0.00000000E+00    0.30468034E+02   -0.32776537E+01   -0.17139788E-01   -0.21082063E-05    0.79752990E-05    0.00000000E+00   -0.28538001E+00   -0.85308880E+00   -0.29721523E-03   -0.80796153E-06    0.18165151E-05
  5.0000   -0.61383707E+01   -0.20245001E+02    0.55518105E+01   -0.89729733E-01   -0.29155987E-05   -0.19995411E-04    0.18180163E+00    0.38415640E+00   -0.12944223E+00   -0.41745767E-02   -0.17914758E-06    0.21907368E-06    0.00000000E+00    0.18049121E+02   -0.24038776E+01    0.17600711E-01   -0.14312745E-05    0.59641111E-05    0.00000000E+00    0.15704251E+00    0.82182721E-01   -0.25918977E-03    0.36577012E-06    0.11293990E-06
  6.0000   -0.37640358E+01   -0.13916478E+02    0.29508519E+01   -0.88984875E-01   -0.30212299E-05   -0.12099349E-04    0.25244194E+00   -0.11232660E+00    0.13464590E+00   -0.27075421E-02    0.16216003E-06   -0.25207001E-06    0.00000000E+00    0.12009888E+02   -0.11543225E+01    0.50268949E-01    0.30855013E-07    0.35820590E-05    0.00000000E+00   -0.11527648E+00   -0.62861344E+00   -0.26667127E-03   -0.41712873E-06    0.15167629E-05
  7.0000   -0.24567757E+01   -0.10046753E+02    0.19364544E+01   -0.87244217E-01   -0.23784724E-05   -0.83358583E-05    0.20545170E+00    0.38977363E+00   -0.52975299E-01   -0.19439212E-02   -0.74416253E-07    0.88559081E-07    0.00000000E+00    0.84903712E+01   -0.71101092E+00    0.76928358E-01    0.40693746E-06    0.25943200E-05    0.00000000E+00    0.64838998E-01   -0.62587829E-01   -0.24655199E-03    0.25818308E-06    0.45073079E-06
  8.0000   -0.16577941E+01   -0.76578786E+01    0.10241316E+01   -0.84009074E-01   -0.23210365E-05   -0.54717160E-05    0.25066167E+00    0.28704106E-01    0.54471770E-01   -0.15039907E-02    0.63776286E-07   -0.10380285E-06    0.00000000E+00    0.64089999E+01   -0.11659407E+00    0.96926599E-01    0.10868158E-05    0.14455105E-05    0.00000000E+00   -0.47990380E-01   -0.52782117E+00   -0.25135828E-03   -0.26944052E-06    0.13543697E-05
  9.0000   -0.11780254E+01   -0.59595195E+01    0.78326140E+00   -0.79572475E-01   -0.17786876E-05   -0.41883444E-05    0.21690245E+00    0.36001366E+00   -0.19588201E-01   -0.12359729E-02   -0.29574526E-07    0.30687403E-07    0.00000000E+00    0.49768362E+01   -0.24784510E-01    0.11091704E+00    0.10662740E-05    0.11425221E-05    0.00000000E+00    0.22550417E-01   -0.13567006E+00   -0.23570312E-03    0.19085556E-06    0.60823636E-06
 10.0000   -0.86301914E+00   -0.47790640E+01    0.39849358E+00   -0.74426969E-01   -0.16847345E-05   -0.29106761E-05    0.24841808E+00    0.92285065E-01    0.15433743E-01   -0.10538198E-02    0.15755577E-07   -0.31725409E-07    0.00000000E+00    0.40042322E+01    0.23652761E+00    0.12000381E+00    0.13363195E-05    0.60865648E-06    0.00000000E+00   -0.14615342E-01   -0.47006430E+00   -0.23682622E-03   -0.19254326E-06    0.12535814E-05
 12.0000   -0.52089673E+00   -0.32069422E+01    0.18543068E+00   -0.63517027E-01   -0.11946237E-05   -0.17650901E-05    0.24584591E+00    0.12875722E+00   -0.51456970E-02   -0.82093993E-03   -0.93736160E-08    0.64568127E-08    0.00000000E+00    0.27203879E+01    0.30553094E+00    0.12761680E+00    0.12681825E-05    0.32823492E-06    0.00000000E+00    0.40627462E-02   -0.43187784E+00   -0.22149746E-03   -0.14501920E-06    0.11836271E-05
 16.0000   -0.26662790E+00   -0.16581781E+01    0.79656560E-01   -0.44596091E-01   -0.60550541E-06   -0.85056405E-06    0.24068213E+00    0.16974193E+00   -0.23429190E-01   -0.55647881E-03   -0.31402694E-07    0.40675806E-07    0.00000000E+00    0.14273796E+01    0.21912697E+00    0.12071928E+00    0.94322516E-06    0.26909417E-06    0.00000000E+00    0.22037658E-01   -0.38249381E+00   -0.19125620E-03   -0.88343714E-07    0.10883756E-05
 20.0000   -0.17697406E+00   -0.98108764E+00    0.56517728E-01   -0.31713086E-01   -0.32772227E-06   -0.50159568E-06    0.23578073E+00    0.19206579E+00   -0.29460527E-01   -0.40085254E-03   -0.38459477E-07    0.52174072E-07    0.00000000E+00    0.82577868E+00    0.11110364E+00    0.10348909E+00    0.67077443E-06    0.32897072E-06    0.00000000E+00    0.28502166E-01   -0.34972940E+00   -0.16430753E-03   -0.54841566E-07    0.10210800E-05
 25.0000   -0.11620533E+00   -0.61509958E+00    0.61830200E-01   -0.21997665E-01   -0.14337301E-06   -0.33358992E-06    0.22558152E+00    0.24546588E+00    0.29659513E-01   -0.27964028E-03    0.37204033E-07   -0.54041682E-07    0.00000000E+00    0.47707483E+00   -0.52037961E-02    0.79445197E-01    0.40608510E-06    0.42209427E-06    0.00000000E+00   -0.30248926E-01   -0.27310983E+00   -0.13452349E-03    0.25450442E-07    0.86565648E-06
 30.0000   -0.88945093E-01   -0.40128801E+00    0.32072615E-01   -0.16545811E-01   -0.98310541E-07   -0.19698002E-06    0.22358671E+00    0.21581341E+00   -0.27312189E-01   -0.20552859E-03   -0.35151608E-07    0.48872707E-07    0.00000000E+00    0.26415063E+00   -0.57413655E-01    0.56331812E-01    0.26125117E-06    0.43788085E-06    0.00000000E+00    0.26913394E-01   -0.29444583E+00   -0.11128699E-03   -0.99970696E-08    0.89584790E-06
 40.0000   -0.47513813E-01   -0.23620340E+00    0.17988549E-01   -0.12027379E-01   -0.46128540E-07   -0.10146923E-06    0.21011679E+00    0.21789527E+00   -0.17063016E-01   -0.11277485E-03   -0.21909513E-07    0.30583834E-07    0.00000000E+00    0.82823090E-01   -0.14545072E+00    0.16912414E-01    0.27040270E-07    0.47451069E-06    0.00000000E+00    0.16875782E-01   -0.25381427E+00   -0.72299944E-04    0.97530839E-08    0.79059748E-06
 50.0000   -0.21598564E-01   -0.16710369E+00    0.53373866E-02   -0.11478764E-01   -0.38748461E-07   -0.55168611E-07    0.19492570E+00    0.20748738E+00   -0.58747307E-02   -0.54506665E-04   -0.75531702E-08    0.10520087E-07    0.00000000E+00    0.35708718E-03   -0.18321697E+00   -0.11341833E-01   -0.10799004E-06    0.45566601E-06    0.00000000E+00    0.58082342E-02   -0.21921525E+00   -0.43572232E-04    0.15891856E-07    0.69029443E-06
 60.0000   -0.39618072E-02   -0.13034741E+00   -0.68185829E-02   -0.12414708E-01   -0.46558171E-07   -0.25581209E-07    0.17806597E+00    0.18875170E+00    0.29012641E-02   -0.14424829E-04    0.36963702E-08   -0.52291952E-08    0.00000000E+00   -0.40925562E-01   -0.18465799E+00   -0.28311398E-01   -0.16959203E-06    0.39849722E-06    0.00000000E+00   -0.28989810E-02   -0.18722259E+00   -0.23275115E-04    0.13542218E-07    0.58952130E-06
 70.0000    0.80898528E-02   -0.10664165E+00   -0.16989343E-01   -0.13546673E-01   -0.57350051E-07   -0.50833529E-08    0.15973830E+00    0.16507754E+00    0.76369396E-02    0.12789555E-04    0.97758143E-08   -0.13718773E-07    0.00000000E+00   -0.60063040E-01   -0.16231036E+00   -0.35484096E-01   -0.17957706E-06    0.31976104E-06    0.00000000E+00   -0.76018904E-02   -0.15540026E+00   -0.97280499E-05    0.67597790E-08    0.48483936E-06
 80.0000    0.15962302E-01   -0.88419113E-01   -0.23870472E-01   -0.14180546E-01   -0.65094557E-07    0.83415218E-08    0.14023371E+00    0.13957470E+00    0.80994965E-02    0.30171084E-04    0.10394086E-07   -0.14523530E-07    0.00000000E+00   -0.66718260E-01   -0.12647781E+00   -0.35021461E-01   -0.15693710E-06    0.23216431E-06    0.00000000E+00   -0.80543754E-02   -0.12180299E+00   -0.12760410E-05   -0.86143587E-09    0.37385817E-06
 90.0000    0.20629781E-01   -0.72666648E-01   -0.26900469E-01   -0.14024706E-01   -0.67221431E-07    0.15536252E-07    0.11994201E+00    0.11484301E+00    0.52121642E-02    0.40078460E-04    0.67319855E-08   -0.93029257E-08    0.00000000E+00   -0.66529556E-01   -0.84695670E-01   -0.29141637E-01   -0.11640457E-06    0.14415659E-06    0.00000000E+00   -0.51695341E-02   -0.85225896E-01    0.35546485E-05   -0.65027656E-08    0.25568960E-06
100.0000    0.22862130E-01   -0.58518512E-01   -0.26217451E-01   -0.13057207E-01   -0.63324399E-07    0.17332019E-07    0.99365490E-01    0.92663829E-01    0.65707673E-03    0.44427377E-04    0.93607720E-09   -0.10853800E-08    0.00000000E+00   -0.62641867E-01   -0.42029111E-01   -0.19822210E-01   -0.68398035E-07    0.60902008E-07    0.00000000E+00   -0.62267418E-03   -0.45524748E-01    0.59611246E-05   -0.85353426E-08    0.13151882E-06
110.0000    0.23280668E-01   -0.46070552E-01   -0.22522507E-01   -0.11418652E-01   -0.54378576E-07    0.14910569E-07    0.79115570E-01    0.73837883E-01   -0.36516077E-02    0.44733391E-04   -0.45536562E-08    0.66802961E-08    0.00000000E+00   -0.56622300E-01   -0.15918055E-02   -0.87000532E-02   -0.19660642E-07   -0.14763548E-07    0.00000000E+00    0.36762451E-02   -0.37529073E-02    0.68466407E-05   -0.67161300E-08    0.48294646E-08
120.0000    0.22367826E-01   -0.35678902E-01   -0.16917339E-01   -0.93324152E-02   -0.42192681E-07    0.98524997E-08    0.59884325E-01    0.58248544E-01   -0.61072521E-02    0.42155285E-04   -0.76887997E-08    0.11099796E-07    0.00000000E+00   -0.49168019E-01    0.34938577E-01    0.29315796E-02    0.25907477E-07   -0.81578961E-07    0.00000000E+00    0.61229617E-02    0.37977522E-01    0.68489349E-05   -0.20743502E-08   -0.11890992E-06
130.0000    0.20469095E-01   -0.27546361E-01   -0.10701517E-01   -0.70497935E-02   -0.28950561E-07    0.39720163E-08    0.42393191E-01    0.45137523E-01   -0.58284102E-02    0.37549823E-04   -0.73449414E-08    0.10585814E-07    0.00000000E+00   -0.40622809E-01    0.66842665E-01    0.14084862E-01    0.66396704E-07   -0.13924075E-06    0.00000000E+00    0.58371675E-02    0.76892204E-01    0.63907637E-05    0.35059518E-08   -0.23304831E-06
140.0000    0.17804039E-01   -0.21527406E-01   -0.51412090E-02   -0.48146465E-02   -0.16798667E-07   -0.98204530E-09    0.27328551E-01    0.33510294E-01   -0.28486086E-02    0.31531456E-04   -0.35641396E-08    0.51994342E-08    0.00000000E+00   -0.31295546E-01    0.93930747E-01    0.24026410E-01    0.10109564E-06   -0.18787668E-06    0.00000000E+00    0.28527214E-02    0.11010603E+00    0.57367793E-05    0.78850444E-08   -0.33084956E-06
150.0000    0.14494510E-01   -0.17115176E-01   -0.12571771E-02   -0.28419631E-02   -0.75042089E-08   -0.36365787E-08    0.15279186E-01    0.22541533E-01    0.19725388E-02    0.24532117E-04    0.25603417E-08   -0.35080558E-08    0.00000000E+00   -0.21590467E-01    0.11619444E+00    0.32227214E-01    0.12983027E-06   -0.22763496E-06    0.00000000E+00   -0.19709562E-02    0.13516922E+00    0.50463789E-05    0.92623396E-08   -0.40657767E-06
160.0000    0.10613545E-01   -0.13583345E-01    0.28687158E-03   -0.13057667E-02   -0.22800315E-08   -0.31625748E-08    0.66955667E-02    0.11805111E-01    0.73254492E-02    0.16858794E-04    0.93607562E-08   -0.13175549E-07    0.00000000E+00   -0.11969329E-01    0.13359804E+00    0.38319760E-01    0.15253758E-06   -0.25846878E-06    0.00000000E+00   -0.73247573E-02    0.15039218E+00    0.44147706E-05    0.65219051E-08   -0.45615063E-06
170.0000    0.62799484E-02   -0.10362500E-01   -0.10578079E-02   -0.33289437E-03   -0.20957147E-08    0.11585678E-08    0.19256743E-02    0.83729123E-03    0.12339710E-01    0.87550960E-05    0.15730103E-07   -0.22232276E-07    0.00000000E+00   -0.26785248E-02    0.14622384E+00    0.42064715E-01    0.16939463E-06   -0.28045425E-06    0.00000000E+00   -0.12338828E-01    0.15434760E+00    0.38869124E-05   -0.13699413E-08   -0.47621110E-06
179.9000    0.12011127E-01   -0.51874906E-01    0.75966421E-02    0.17424910E-06    0.10183083E-07   -0.13187531E-07   -0.37785194E-02    0.16572141E-01    0.12149202E+00    0.32418038E-05    0.15470608E-06   -0.21905685E-06    0.00000000E+00    0.45488387E-01    0.14045733E+00    0.43327045E-01    0.16006284E-06   -0.27204572E-06    0.00000000E+00   -0.12148063E+00    0.18155762E+00    0.43189679E-05    0.25935994E-07   -0.53261517E-06
180.0000    0.00000000E+00    0.00000000E+00    0.00000000E+00    0.00000000E+00    0.00000000E+00    0.00000000E+00    0.00000000E+00    0.00000000E+00    0.00000000E+00    0.00000000E+00    0.00000000E+00    0.00000000E+00    0.00000000E+00    0.00000000E+00    0.63768214E+00    0.65069606E+02    0.90490017E-06   -0.10568908E-05    0.00000000E+00    0.00000000E+00   -0.11052187E+01   -0.11277742E+03   -0.14637334E-05    0.19364058E-05
