  0.0000    0.00000000E+00    0.00000000E+00    0.00000000E+00    0.00000000E+00    0.00000000E+00    0.00000000E+00    0.00000000E+00    0.00000000E+00    0.00000000E+00    0.00000000E+00    0.00000000E+00    0.00000000E+00    0.00000000E+00    0.00000000E+00   -0.17771653E+10   -0.13982153E+05   -0.91147970E+04   -0.36474542E+04    0.00000000E+00    0.00000000E+00    0.21490150E+11    0.27966035E+05    0.18229648E+05   -0.47883512E+05
  0.0003   -0.42884329E+09   -0.21449844E+10   -0.13557360E+10   -0.33149353E+04   -0.22677749E+04    0.19030658E+04    0.54580852E+06   -0.35612331E+10   -0.32065447E+10   -0.93045011E+04   -0.40831571E+04    0.57815855E+04    0.00000000E+00    0.13804188E+10    0.12438740E+10   -0.41819195E+04   -0.46567592E+03   -0.42923799E+04    0.00000000E+00    0.32065350E+10    0.28774729E+10    0.83655307E+04    0.93138785E+03   -0.79209851E+04
  0.0004   -0.38268215E+09   -0.20015402E+10   -0.88629327E+09   -0.31645018E+04   -0.16454243E+04    0.10812039E+04   -0.45912425E+06   -0.25847673E+10   -0.17432447E+10   -0.72524128E+04   -0.22198169E+04    0.31431709E+04    0.00000000E+00    0.14540213E+10    0.97880919E+09   -0.24458784E+04    0.47472504E+02   -0.29637754E+04    0.00000000E+00    0.17432136E+10    0.11807973E+10    0.48934303E+04   -0.94914928E+02   -0.37275672E+04
  0.0005   -0.32724620E+09   -0.16838268E+10   -0.53782993E+09   -0.27805405E+04   -0.11389864E+04    0.51561521E+03    0.28154375E+06   -0.17886035E+10   -0.96351730E+09   -0.55527838E+04   -0.12269259E+04    0.17372774E+04    0.00000000E+00    0.12988643E+10    0.70209732E+09   -0.14967214E+04    0.16021181E+03   -0.19997485E+04    0.00000000E+00    0.96349746E+09    0.51673724E+09    0.29950985E+04   -0.32039810E+03   -0.19101093E+04
  0.0006   -0.27707157E+09   -0.13714786E+10   -0.31266553E+09   -0.23720092E+04   -0.78554253E+03    0.17635424E+03   -0.12709475E+06   -0.12338933E+10   -0.55701657E+09   -0.42925224E+04   -0.70929502E+03    0.10043331E+04    0.00000000E+00    0.10979845E+10    0.49321068E+09   -0.96449760E+03    0.15501827E+03   -0.13623149E+04    0.00000000E+00    0.55699945E+09    0.25182047E+09    0.19306342E+04   -0.31001448E+03   -0.10847251E+04
  0.0007   -0.23409319E+09   -0.11143864E+10   -0.17832043E+09   -0.20110483E+04   -0.55551594E+03   -0.69238236E+01   -0.11742316E+05   -0.87249510E+09   -0.33432028E+09   -0.33760818E+04   -0.42571752E+03    0.60279880E+03    0.00000000E+00    0.91545650E+09    0.35281622E+09   -0.64980503E+03    0.13044927E+03   -0.95496872E+03    0.00000000E+00    0.33430779E+09    0.12894409E+09    0.13012334E+04   -0.26087920E+03   -0.65756796E+03
  0.0008   -0.19956506E+09   -0.90905930E+09   -0.96586885E+08   -0.17089556E+04   -0.40209867E+03   -0.10495490E+03    0.89160009E+05   -0.63143663E+09   -0.21426160E+09   -0.27080878E+04   -0.27283693E+03    0.38632607E+03    0.00000000E+00    0.76127918E+09    0.25713901E+09   -0.45565258E+03    0.10375648E+03   -0.68731629E+03    0.00000000E+00    0.21425074E+09    0.71249273E+08    0.91291397E+03   -0.20749577E+03   -0.42668989E+03
  0.0009   -0.17103769E+09   -0.75121630E+09   -0.45989984E+08   -0.14609998E+04   -0.29717218E+03   -0.15568675E+03   -0.12665379E+06   -0.46685401E+09   -0.13944258E+09   -0.22096150E+04   -0.17756370E+03    0.25142304E+03    0.00000000E+00    0.63884279E+09    0.19099123E+09   -0.33062811E+03    0.80792337E+02   -0.50678074E+03    0.00000000E+00    0.13943484E+09    0.43166073E+08    0.66285151E+03   -0.16156923E+03   -0.29436707E+03
  0.0010   -0.14794735E+09   -0.62705457E+09   -0.16457596E+08   -0.12591555E+04   -0.22660004E+03   -0.17596923E+03    0.11194550E+06   -0.35577518E+09   -0.95788355E+08   -0.18329916E+04   -0.12197519E+03    0.17271195E+03    0.00000000E+00    0.53989723E+09    0.14615551E+09   -0.24624633E+03    0.65051028E+02   -0.38458765E+03    0.00000000E+00    0.95781436E+08    0.24591494E+08    0.49407534E+03   -0.13008805E+03   -0.20574231E+03
  0.0012   -0.11322574E+09   -0.45239328E+09    0.14324722E+08   -0.95656960E+03   -0.13798270E+03   -0.18205185E+03    0.22995287E+05   -0.21668263E+09   -0.47873415E+08   -0.13132251E+04   -0.60961163E+02    0.86318532E+02    0.00000000E+00    0.39718021E+09    0.89409963E+08   -0.14679224E+03    0.41532578E+02   -0.23353182E+03    0.00000000E+00    0.47868473E+08    0.10495275E+08    0.29514434E+03   -0.83053360E+02   -0.11534145E+03
  0.0014   -0.89177386E+08   -0.33910974E+09    0.25765116E+08   -0.74764894E+03   -0.89292898E+02   -0.16855773E+03   -0.53188659E+05   -0.14028761E+09   -0.26580398E+08   -0.98360309E+03   -0.33847003E+02    0.47925999E+02    0.00000000E+00    0.30212609E+09    0.58008985E+08   -0.94101752E+02    0.27371959E+02   -0.15108921E+03    0.00000000E+00    0.26576910E+08    0.56955928E+07    0.18974318E+03   -0.54733721E+02   -0.72255871E+02
  0.0015   -0.79904219E+08   -0.29705362E+09    0.27448566E+08   -0.66749805E+03   -0.74058643E+02   -0.15850251E+03    0.60971366E+05   -0.11624690E+09   -0.21003089E+08   -0.86305535E+03   -0.26744967E+02    0.37869778E+02    0.00000000E+00    0.26625843E+09    0.48160484E+08   -0.76724890E+02    0.23348593E+02   -0.12481425E+03    0.00000000E+00    0.20999989E+08    0.30961972E+07    0.15498016E+03   -0.46687660E+02   -0.56212925E+02
  0.0016   -0.71953157E+08   -0.26233962E+09    0.28949801E+08   -0.59891508E+03   -0.60945744E+02   -0.15000807E+03   -0.53153912E+05   -0.95766354E+08   -0.16377831E+08   -0.76286783E+03   -0.20855250E+02    0.29530167E+02    0.00000000E+00    0.23644366E+09    0.39653931E+08   -0.63654339E+02    0.18923750E+02   -0.10306919E+03    0.00000000E+00    0.16375182E+08    0.33370023E+07    0.12883024E+03   -0.37838564E+02   -0.48104652E+02
  0.0017   -0.65035525E+08   -0.23346735E+09    0.28704679E+08   -0.54050679E+03   -0.51718401E+02   -0.14002663E+03    0.28709229E+05   -0.81192530E+08   -0.12455063E+08   -0.67877735E+03   -0.15860055E+02    0.22457202E+02    0.00000000E+00    0.21143952E+09    0.33687320E+08   -0.53043333E+02    0.16527876E+02   -0.87109146E+02    0.00000000E+00    0.12452537E+08    0.16531571E+07    0.10759986E+03   -0.33047325E+02   -0.38133164E+02
  0.0018   -0.59195433E+08   -0.20846841E+09    0.28559908E+08   -0.48988796E+03   -0.43635479E+02   -0.13149833E+03   -0.23960696E+04   -0.68528936E+08   -0.10748944E+08   -0.60818316E+03   -0.13687500E+02    0.19380982E+02    0.00000000E+00    0.18965494E+09    0.28425281E+08   -0.44825354E+02    0.13856458E+02   -0.73592217E+02    0.00000000E+00    0.10746776E+08    0.16300258E+07    0.91155921E+02   -0.27704944E+02   -0.32719621E+02
  0.0019   -0.53943942E+08   -0.18783259E+09    0.27958535E+08   -0.44599408E+03   -0.37232336E+02   -0.12324509E+03   -0.22749903E+05   -0.58492881E+08   -0.79278936E+07   -0.54737761E+03   -0.10095235E+02    0.14294455E+02    0.00000000E+00    0.17156677E+09    0.24273464E+08   -0.38153185E+02    0.11841196E+02   -0.62834663E+02    0.00000000E+00    0.79259484E+07    0.13695658E+07    0.77803966E+02   -0.23674833E+02   -0.27888220E+02
  0.0020   -0.49474388E+08   -0.16953199E+09    0.26857449E+08   -0.40778150E+03   -0.32393414E+02   -0.11501875E+03    0.35632045E+05   -0.50834849E+08   -0.70428382E+07   -0.49567149E+03   -0.89682323E+01    0.12698638E+02    0.00000000E+00    0.15542853E+09    0.21126081E+08   -0.32612617E+02    0.10550362E+02   -0.54442761E+02    0.00000000E+00    0.70409852E+07    0.55202285E+06    0.66715547E+02   -0.21093530E+02   -0.22791795E+02
  0.0030   -0.24175093E+08   -0.75443895E+08    0.17417810E+08   -0.19603285E+03   -0.98301287E+01   -0.63414979E+02    0.95397906E+04   -0.15425277E+08   -0.15859086E+07   -0.22366046E+03   -0.20194684E+01    0.28594845E+01    0.00000000E+00    0.70930203E+08    0.64241308E+07   -0.93196793E+01    0.32592609E+01   -0.16504193E+02    0.00000000E+00    0.15851060E+07    0.34914629E+05    0.20070258E+02   -0.65137000E+01   -0.66211128E+01
  0.0040   -0.14249418E+08   -0.42245526E+08    0.11427883E+08   -0.11449795E+03   -0.41410696E+01   -0.39298269E+02   -0.26894380E+04   -0.65034235E+07   -0.58058190E+06   -0.12648336E+03   -0.73930233E+00    0.10468231E+01    0.00000000E+00    0.40270586E+08    0.27081397E+07   -0.35747471E+01    0.13540902E+01   -0.69773395E+01    0.00000000E+00    0.58012003E+06    0.67164174E+05    0.85366984E+01   -0.27045627E+01   -0.29111893E+01
  0.0050   -0.93739511E+07   -0.26929895E+08    0.79613432E+07   -0.74915981E+02   -0.20906741E+01   -0.26583270E+02   -0.75740628E+04   -0.32886431E+07   -0.24858408E+06   -0.81138878E+02   -0.31653994E+00    0.44821410E+00    0.00000000E+00    0.25895673E+08    0.13677308E+07   -0.15255734E+01    0.66037970E+00   -0.35473621E+01    0.00000000E+00    0.24829068E+06    0.95703799E+05    0.44038134E+01   -0.13178614E+01   -0.16122884E+01
  0.0060   -0.66265634E+07   -0.18650609E+08    0.58295554E+07   -0.52791523E+02   -0.11918460E+01   -0.19126124E+02   -0.78446713E+04   -0.18776640E+07   -0.94331566E+05   -0.56405853E+02   -0.12012133E+00    0.17008409E+00    0.00000000E+00    0.18041464E+08    0.78004450E+06   -0.61979189E+00    0.36324495E+00   -0.20365153E+01    0.00000000E+00    0.94126992E+05    0.89814699E+05    0.25637185E+01   -0.72407127E+00   -0.10003808E+01
  0.0070   -0.49289252E+07   -0.13677826E+08    0.44334988E+07   -0.39196168E+02   -0.74914500E+00   -0.14388539E+02   -0.54763296E+04   -0.11803113E+07   -0.15225988E+05   -0.41459916E+02   -0.19395554E-01    0.27446288E-01    0.00000000E+00    0.13288160E+08    0.49068175E+06   -0.15838902E+00    0.22710157E+00   -0.12824514E+01    0.00000000E+00    0.15075943E+05    0.60294467E+05    0.16165931E+01   -0.45212728E+00   -0.63761960E+00
  0.0080   -0.38085721E+07   -0.10456363E+08    0.34721557E+07   -0.30252610E+02   -0.51263345E+00   -0.11194513E+02   -0.21411303E+04   -0.80574526E+06    0.19140739E+05   -0.31750636E+02    0.24374791E-01   -0.34510546E-01    0.00000000E+00    0.10191769E+08    0.33616852E+06    0.10092294E+00    0.16281285E+00   -0.87138947E+00    0.00000000E+00   -0.19255860E+05    0.22499204E+05    0.10767535E+01   -0.32381272E+00   -0.39303017E+00
  0.0090   -0.30317243E+07   -0.82472691E+07    0.27853216E+07   -0.24057924E+02   -0.37551701E+00   -0.89443923E+01    0.85305962E+03   -0.58757785E+06    0.24135843E+05   -0.25094216E+02    0.30733651E-01   -0.43518825E-01    0.00000000E+00    0.80596696E+07    0.24660334E+06    0.25649235E+00    0.12975182E+00   -0.62890859E+00    0.00000000E+00   -0.24226717E+05   -0.10431031E+05    0.74684890E+00   -0.25789214E+00   -0.22580170E+00
  0.0100   -0.24716300E+07   -0.66649082E+07    0.22817159E+07   -0.19590034E+02   -0.28710575E+00   -0.73066680E+01    0.26956221E+04   -0.44701786E+06    0.12215222E+05   -0.20335438E+02    0.15554720E-01   -0.22024677E-01    0.00000000E+00    0.65276475E+07    0.18879321E+06    0.35335686E+00    0.10786029E+00   -0.47295071E+00    0.00000000E+00   -0.12288896E+05   -0.30243214E+05    0.53625071E+00   -0.21427687E+00   -0.12123543E+00
  0.0120   -0.17352128E+07   -0.46029926E+07    0.16189404E+07   -0.13712920E+02   -0.17122784E+00   -0.51518012E+01    0.23607274E+04   -0.26556611E+06   -0.20207125E+05   -0.14138670E+02   -0.25733809E-01    0.36432202E-01    0.00000000E+00    0.45242213E+07    0.11275871E+06    0.45328458E+00    0.67370276E-01   -0.27952515E+00    0.00000000E+00    0.20155864E+05   -0.25695905E+05    0.30712537E+00   -0.13353572E+00   -0.54483811E-01
  0.0140   -0.12842275E+07   -0.33705975E+07    0.12193825E+07   -0.10131337E+02   -0.95081495E-01   -0.38464389E+01   -0.53006624E+03   -0.14900989E+06   -0.24260482E+05   -0.10393750E+02   -0.30894485E-01    0.43741435E-01    0.00000000E+00    0.33212425E+07    0.62607314E+05    0.49389703E+00    0.29637229E-01   -0.16297042E+00    0.00000000E+00    0.24222825E+05    0.61646861E+04    0.20104121E+00   -0.58241987E-01   -0.77207275E-01
  0.0160   -0.98649282E+06   -0.25831859E+07    0.95112836E+06   -0.77925347E+01   -0.54706672E-01   -0.29807961E+01   -0.18057914E+04   -0.86981614E+05   -0.26511981E+04   -0.79527434E+01   -0.33765352E-02    0.47797170E-02    0.00000000E+00    0.25492386E+07    0.36055135E+05    0.51363165E+00    0.10889846E-01   -0.10003162E+00    0.00000000E+00    0.26223885E+04    0.19806474E+05    0.13999140E+00   -0.20870683E-01   -0.81804114E-01
  0.0180   -0.78089135E+06   -0.20449037E+07    0.75401042E+06   -0.61851354E+01   -0.43197278E-01   -0.23628652E+01   -0.54888219E+03   -0.67737288E+05    0.13058841E+05   -0.62784183E+01    0.16631587E-01   -0.23543155E-01    0.00000000E+00    0.20201494E+07    0.28604164E+05    0.52647045E+00    0.12448695E-01   -0.75550303E-01    0.00000000E+00   -0.13081593E+05    0.57617912E+04    0.95228314E-01   -0.24088422E-01   -0.41814228E-01
  0.0200   -0.63477124E+06   -0.16532550E+07    0.60825408E+06   -0.50320628E+01   -0.40486638E-01   -0.19117439E+01    0.10041703E+04   -0.61995439E+05    0.71636457E+04   -0.50872514E+01    0.91230470E-02   -0.12915480E-01    0.00000000E+00    0.16351971E+07    0.26915354E+05    0.53363649E+00    0.18064039E-01   -0.64739434E-01    0.00000000E+00   -0.71820812E+04   -0.11207127E+05    0.63792956E-01   -0.35404224E-01   -0.92616737E-03
  0.0220   -0.52718792E+06   -0.13597427E+07    0.50527492E+06   -0.41737788E+01   -0.31448590E-01   -0.15858966E+01    0.91764535E+03   -0.47942391E+05   -0.68772179E+04   -0.42095654E+01   -0.87573787E-02    0.12399970E-01    0.00000000E+00    0.13467036E+07    0.20948800E+05    0.53418080E+00    0.14579930E-01   -0.49867798E-01    0.00000000E+00    0.68619657E+04   -0.10062850E+05    0.47213058E-01   -0.28503001E-01    0.24547542E-02
  0.0240   -0.44430082E+06   -0.11400835E+07    0.43168474E+06   -0.35170737E+01   -0.17910703E-01   -0.13459630E+01   -0.28998175E+03   -0.27929406E+05   -0.96909990E+04   -0.35388771E+01   -0.12339879E-01    0.17473899E-01    0.00000000E+00    0.11302052E+07    0.11960292E+05    0.53063417E+00    0.49092457E-02   -0.31885876E-01    0.00000000E+00    0.96781738E+04    0.32544752E+04    0.40151666E-01   -0.92147683E-02   -0.19226966E-01
  0.0260   -0.37843747E+06   -0.97426095E+06    0.37224964E+06   -0.30056026E+01   -0.10063712E-01   -0.11552674E+01   -0.87245754E+03   -0.16228626E+05   -0.23002347E+03   -0.30123444E+01   -0.29165577E-03    0.41599767E-03    0.00000000E+00    0.96607391E+06    0.67655102E+04    0.52721617E+00   -0.15110535E-03   -0.20964792E-01    0.00000000E+00    0.21910779E+03    0.95620425E+04    0.33954407E-01    0.85866362E-03   -0.28558388E-01
  0.0280   -0.32604321E+06   -0.84279586E+06    0.31960341E+06   -0.26011508E+01   -0.11051707E-01   -0.99429246E+00   -0.23926835E+03   -0.17179022E+05    0.72404912E+04   -0.25945481E+01    0.92221555E-02   -0.13052782E-01    0.00000000E+00    0.83581930E+06    0.74523492E+04    0.52551351E+00    0.28813323E-02   -0.20045374E-01    0.00000000E+00   -0.72498914E+04    0.25302288E+04    0.25277057E-01   -0.52483893E-02   -0.13032487E-01
  0.0300   -0.28462720E+06   -0.73281020E+06    0.27553663E+06   -0.22749086E+01   -0.13887789E-01   -0.86155972E+00    0.57172516E+03   -0.20849357E+05    0.38386578E+04   -0.22611591E+01    0.48856269E-02   -0.69237741E-02    0.00000000E+00    0.72719490E+06    0.93567112E+04    0.52377920E+00    0.72404265E-02   -0.21544935E-01    0.00000000E+00   -0.38468500E+04   -0.63510701E+04    0.17499325E-01   -0.13998911E-01    0.55397753E-02
  0.0400   -0.16080833E+06   -0.41166896E+06    0.15629264E+06   -0.13021043E+01   -0.68633697E-02   -0.48768832E+00    0.38623821E+03   -0.10104106E+05    0.23252938E+04   -0.12719156E+01    0.29610492E-02   -0.41925779E-02    0.00000000E+00    0.40917089E+06    0.46891692E+04    0.50572836E+00    0.40589033E-02   -0.10367045E-01    0.00000000E+00   -0.23299020E+04   -0.42788425E+04    0.66149978E-02   -0.77590569E-02    0.54045459E-02
  0.0500   -0.10319049E+06   -0.26326506E+06    0.10045062E+06   -0.84992243E+00   -0.41294822E-02   -0.31315981E+00    0.28603672E+03   -0.59684685E+04    0.15161966E+04   -0.81404013E+00    0.19294944E-02   -0.27349938E-02    0.00000000E+00    0.26191028E+06    0.28577946E+04    0.48933222E+00    0.26930857E-02   -0.60987482E-02    0.00000000E+00   -0.15191457E+04   -0.31630765E+04    0.29144531E-02   -0.50963486E-02    0.46346669E-02
  0.0600   -0.71789082E+05   -0.18272581E+06    0.69911284E+05   -0.60364138E+00   -0.28007186E-02   -0.21787860E+00    0.22419282E+03   -0.39818085E+04    0.10311682E+04   -0.56532181E+00    0.13139334E-02   -0.18583940E-02    0.00000000E+00    0.18189265E+06    0.19605588E+04    0.47518030E+00    0.19685989E-02   -0.40629427E-02    0.00000000E+00   -0.10332162E+04   -0.24759584E+04    0.13628105E-02   -0.36978623E-02    0.39192755E-02
  0.0700   -0.52813080E+05   -0.13419149E+06    0.51419369E+05   -0.45487103E+00   -0.20544883E-02   -0.16024310E+00    0.18253513E+03   -0.28792611E+04    0.71638101E+03   -0.41535998E+00    0.91192720E-03   -0.12919761E-02    0.00000000E+00    0.13363282E+06    0.14528963E+04    0.46292116E+00    0.15298828E-02   -0.29398656E-02    0.00000000E+00   -0.71788546E+03   -0.20138616E+04    0.62940535E-03   -0.28539474E-02    0.33415774E-02
  0.0800   -0.40477315E+05   -0.10270285E+06    0.39384748E+05   -0.35818660E+00   -0.15912420E-02   -0.12275606E+00    0.15267886E+03   -0.22019200E+04    0.50004794E+03   -0.31802934E+00    0.63638370E-03   -0.90198385E-03    0.00000000E+00    0.10230396E+06    0.11352107E+04    0.45217006E+00    0.12394990E-02   -0.22529087E-02    0.00000000E+00   -0.50119986E+03   -0.16830760E+04    0.25086859E-03   -0.22989321E-02    0.28789504E-02
  0.0900   -0.32009817E+05   -0.81119872E+05    0.31119332E+05   -0.29183091E+00   -0.12812605E-02   -0.97018022E-01    0.13026400E+03   -0.17532324E+04    0.34489195E+03   -0.25130337E+00    0.43881607E-03   -0.62222337E-03    0.00000000E+00    0.80821265E+05    0.92110814E+03    0.44262015E+00    0.10336172E-02   -0.18001168E-02    0.00000000E+00   -0.34580224E+03   -0.14349754E+04    0.43219467E-04   -0.19059706E-02    0.25086451E-02
  0.1000   -0.25947401E+05   -0.65684431E+05    0.25200634E+05   -0.24432866E+00   -0.10611391E-02   -0.78589382E-01    0.11281811E+03   -0.14382671E+04    0.22991848E+03   -0.20357634E+00    0.29214735E-03   -0.41518309E-03    0.00000000E+00    0.65452542E+05    0.76841293E+03    0.43404125E+00    0.88030694E-03   -0.14836694E-02    0.00000000E+00   -0.23065583E+03   -0.12420235E+04   -0.75542167E-04   -0.16189804E-02    0.22020306E-02
  0.1100   -0.21458524E+05   -0.54265396E+05    0.20818761E+05   -0.20915916E+00   -0.89767658E-03   -0.64945350E-01    0.98842584E+02   -0.12067920E+04    0.14253018E+03   -0.16826312E+00    0.18189384E-03   -0.25659173E-03    0.00000000E+00    0.54079999E+05    0.65456748E+03    0.42625952E+00    0.76194089E-03   -0.12517968E-02    0.00000000E+00   -0.14313939E+03   -0.10875528E+04   -0.13734360E-03   -0.13922808E-02    0.19535102E-02
  0.1200   -0.18042244E+05   -0.45581106E+05    0.17485144E+05   -0.18239559E+00   -0.77213467E-03   -0.54564133E-01    0.87380332E+02   -0.10302507E+04    0.74773623E+02   -0.14140328E+00    0.96237732E-04   -0.13379884E-03    0.00000000E+00    0.45429351E+05    0.56661026E+03    0.41914425E+00    0.66779126E-03   -0.10753513E-02    0.00000000E+00   -0.75285734E+02   -0.96092937E+03   -0.17394675E-03   -0.12155827E-02    0.17406590E-02
  0.1300   -0.15382179E+05   -0.38823206E+05    0.14890893E+05   -0.16155832E+00   -0.67317061E-03   -0.46484112E-01    0.77793677E+02   -0.89143980E+03    0.21415136E+02   -0.12050216E+00    0.28348121E-04   -0.37534262E-04    0.00000000E+00    0.38696565E+05    0.49665082E+03    0.41259123E+00    0.59084441E-03   -0.93707211E-03    0.00000000E+00   -0.21851486E+02   -0.85507440E+03   -0.19488195E-03   -0.10719599E-02    0.15586253E-02
  0.1400   -0.13270539E+05   -0.33461387E+05    0.12832984E+05   -0.14501903E+00   -0.59274943E-03   -0.40072655E-01    0.69642592E+02   -0.77948962E+03   -0.21112005E+02   -0.10391816E+00   -0.26285098E-04    0.38664722E-04    0.00000000E+00    0.33353988E+05    0.43965203E+03    0.40651982E+00    0.52660079E-03   -0.82596234E-03    0.00000000E+00    0.20735730E+02   -0.76510670E+03   -0.20108439E-03   -0.94996470E-03    0.14038403E-02
  0.1500   -0.11566289E+05   -0.29136044E+05    0.11173531E+05   -0.13167011E+00   -0.52577050E-03   -0.34900471E-01    0.62614403E+02   -0.68725161E+03   -0.55310487E+02   -0.90540019E-01   -0.70518379E-04    0.99641023E-04    0.00000000E+00    0.29043716E+05    0.39226814E+03    0.40086290E+00    0.47202717E-03   -0.73476226E-03    0.00000000E+00    0.54982537E+02   -0.68755953E+03   -0.20361600E-03   -0.84826981E-03    0.12669659E-02
  0.1600   -0.10170976E+05   -0.25596333E+05    0.98162392E+04   -0.12074259E+00   -0.46982264E-03   -0.30668895E-01    0.56481230E+02   -0.60986283E+03   -0.82981446E+02   -0.79589454E-01   -0.10601796E-03    0.14926949E-03    0.00000000E+00    0.25516034E+05    0.35220090E+03    0.39557091E+00    0.42530868E-03   -0.65821629E-03    0.00000000E+00    0.82693340E+02   -0.61990827E+03   -0.20056774E-03   -0.76053191E-03    0.11465788E-02
  0.1700   -0.90141848E+04   -0.22662964E+05    0.86922090E+04   -0.11168443E+00   -0.42215654E-03   -0.27163217E-01    0.51073417E+02   -0.54391657E+03   -0.10545064E+03   -0.70513480E-01   -0.13437477E-03    0.19003780E-03    0.00000000E+00    0.22592420E+05    0.31782548E+03    0.39059926E+00    0.38476347E-03   -0.59300759E-03    0.00000000E+00    0.10519533E+03   -0.56027407E+03   -0.19665923E-03   -0.68530920E-03    0.10383404E-02
  0.1800   -0.80444726E+04   -0.20205029E+05    0.77510963E+04   -0.10409174E+00   -0.37994563E-03   -0.24225729E-01    0.46262231E+02   -0.48696586E+03   -0.12371244E+03   -0.62907324E-01   -0.15733285E-03    0.22326107E-03    0.00000000E+00    0.20142507E+05    0.28796403E+03    0.38590999E+00    0.34845017E-03   -0.53745391E-03    0.00000000E+00    0.12348467E+03   -0.50723162E+03   -0.18868373E-03   -0.61774029E-03    0.94272740E-03
  0.1900   -0.72235521E+04   -0.18125138E+05    0.69554235E+04   -0.97665073E-01   -0.34362633E-03   -0.21741570E-01    0.41948378E+02   -0.43721378E+03   -0.13852609E+03   -0.56470726E-01   -0.17626806E-03    0.24989916E-03    0.00000000E+00    0.18069294E+05    0.26174412E+03    0.38147368E+00    0.31633549E-03   -0.48890461E-03    0.00000000E+00    0.13832159E+03   -0.45968210E+03   -0.18092668E-03   -0.55879902E-03    0.85538542E-03
  0.2000   -0.65224510E+04   -0.16349628E+05    0.62768281E+04   -0.92177154E-01   -0.31076557E-03   -0.19621051E-01    0.38054111E+02   -0.39331414E+03   -0.15048031E+03   -0.50974242E-01   -0.19121698E-03    0.27172668E-03    0.00000000E+00    0.16299400E+05    0.23850698E+03    0.37726741E+00    0.28788976E-03   -0.44586267E-03    0.00000000E+00    0.15029576E+03   -0.41676574E+03   -0.17035323E-03   -0.50349831E-03    0.77865652E-03
  0.2100   -0.59189193E+04   -0.14821944E+05    0.56935272E+04   -0.87454141E-01   -0.28210658E-03   -0.17797902E-01    0.34517812E+02   -0.35424208E+03   -0.16003822E+03   -0.46245148E-01   -0.20411615E-03    0.28823185E-03    0.00000000E+00    0.14776483E+05    0.21774666E+03    0.37326481E+00    0.26221774E-03   -0.40766681E-03    0.00000000E+00    0.15987088E+03   -0.37780065E+03   -0.16221647E-03   -0.45642299E-03    0.70585808E-03
  0.2200   -0.53956410E+04   -0.13498086E+05    0.51885678E+04   -0.83359800E-01   -0.25598180E-03   -0.16218300E-01    0.31289996E+02   -0.31920394E+03   -0.16756878E+03   -0.42143991E-01   -0.21295007E-03    0.30256524E-03    0.00000000E+00    0.13456703E+05    0.19906874E+03    0.36944807E+00    0.23856713E-03   -0.37385593E-03    0.00000000E+00    0.16741621E+03   -0.34224014E+03   -0.15350276E-03   -0.41219754E-03    0.64068377E-03
  0.2300   -0.49389773E+04   -0.12343405E+05    0.47485972E+04   -0.79788324E-01   -0.23311983E-03   -0.14841895E-01    0.28330561E+02   -0.28757745E+03   -0.17336961E+03   -0.38567381E-01   -0.22040880E-03    0.31295241E-03    0.00000000E+00    0.12305535E+05    0.18216151E+03    0.36580254E+00    0.21740075E-03   -0.34300824E-03    0.00000000E+00    0.17322996E+03   -0.30964071E+03   -0.14523801E-03   -0.37230943E-03    0.58028168E-03
  0.2400   -0.45380679E+04   -0.11330316E+05    0.43629834E+04   -0.76653585E-01   -0.21176476E-03   -0.13634222E-01    0.25606665E+02   -0.25886831E+03   -0.17768337E+03   -0.35428430E-01   -0.22716671E-03    0.31946554E-03    0.00000000E+00    0.11295489E+05    0.16677563E+03    0.36231203E+00    0.19779785E-03   -0.31527739E-03    0.00000000E+00    0.17755512E+03   -0.27963951E+03   -0.13849361E-03   -0.33739411E-03    0.52290009E-03
  0.2500   -0.41841783E+04   -0.10436637E+05    0.40231761E+04   -0.73886964E-01   -0.19185587E-03   -0.12568916E-01    0.23091155E+02   -0.23267912E+03   -0.18071014E+03   -0.32656959E-01   -0.23045711E-03    0.32548681E-03    0.00000000E+00    0.10404461E+05    0.15270942E+03    0.35896466E+00    0.17965070E-03   -0.29015070E-03    0.00000000E+00    0.18059192E+03   -0.25193673E+03   -0.12714836E-03   -0.30171102E-03    0.47335723E-03
  0.2600   -0.38702197E+04   -0.96443660E+04    0.37222364E+04   -0.71434061E-01   -0.17440157E-03   -0.11625639E-01    0.20761454E+02   -0.20868755E+03   -0.18261647E+03   -0.30199651E-01   -0.23303606E-03    0.32877256E-03    0.00000000E+00    0.96145106E+04    0.13979803E+03    0.35574859E+00    0.16329556E-03   -0.26678472E-03    0.00000000E+00    0.18250718E+03   -0.22628270E+03   -0.12168427E-03   -0.27200642E-03    0.42413876E-03
  0.2700   -0.35903903E+04   -0.89387730E+04    0.34544859E+04   -0.69248227E-01   -0.15766421E-03   -0.10785183E-01    0.18598591E+02   -0.18662918E+03   -0.18354240E+03   -0.28007430E-01   -0.23283402E-03    0.33182317E-03    0.00000000E+00    0.89109551E+04    0.12790560E+03    0.35265455E+00    0.14792030E-03   -0.24557362E-03    0.00000000E+00    0.18344099E+03   -0.20246805E+03   -0.11317863E-03   -0.24297304E-03    0.37990779E-03
  0.2800   -0.33399050E+04   -0.83077074E+04    0.32152418E+04   -0.67293227E-01   -0.14274730E-03   -0.10034246E-01    0.16586537E+02   -0.16628544E+03   -0.18360652E+03   -0.26048473E-01   -0.23344361E-03    0.33141085E-03    0.00000000E+00    0.82816850E+04    0.11691907E+03    0.34967382E+00    0.13373446E-03   -0.22596007E-03    0.00000000E+00    0.18351226E+03   -0.18031577E+03   -0.10580127E-03   -0.21613824E-03    0.33859244E-03
  0.2900   -0.31147887E+04   -0.77410766E+04    0.30006145E+04   -0.65536659E-01   -0.12870217E-03   -0.93599130E-02    0.14711650E+02   -0.14747410E+03   -0.18291046E+03   -0.24288184E-01   -0.23310008E-03    0.32961299E-03    0.00000000E+00    0.77166405E+04    0.10674372E+03    0.34679778E+00    0.12043498E-03   -0.20795568E-03    0.00000000E+00    0.18282261E+03   -0.15967524E+03   -0.99862372E-04   -0.19250794E-03    0.29872338E-03
  0.3000   -0.29117173E+04   -0.72304400E+04    0.28073519E+04   -0.63952783E-01   -0.11556538E-03   -0.87522155E-02    0.12962252E+02   -0.13004220E+03   -0.18154177E+03   -0.22699620E-01   -0.23090240E-03    0.32759998E-03    0.00000000E+00    0.72074088E+04    0.97299410E+02    0.34401972E+00    0.10800765E-03   -0.19132816E-03    0.00000000E+00    0.18145969E+03   -0.14041756E+03   -0.92075279E-04   -0.16878526E-03    0.26320096E-03
  0.3100   -0.27278940E+04   -0.67686954E+04    0.26327182E+04   -0.62519696E-01   -0.10300817E-03   -0.82024082E-02    0.11328282E+02   -0.11386002E+03   -0.17957671E+03   -0.21262284E-01   -0.22826882E-03    0.32418818E-03    0.00000000E+00    0.67469106E+04    0.88518077E+02    0.34133283E+00    0.96503334E-04   -0.17581723E-03    0.00000000E+00    0.17949974E+03   -0.12243166E+03   -0.86781830E-04   -0.14759033E-03    0.22906335E-03
  0.3200   -0.25609518E+04   -0.63498317E+04    0.24743985E+04   -0.61219410E-01   -0.91694029E-04   -0.77040329E-02    0.98010159E+01   -0.98817134E+02   -0.17708186E+03   -0.19957780E-01   -0.22591988E-03    0.31886185E-03    0.00000000E+00    0.63291541E+04    0.80341451E+02    0.33873275E+00    0.85937396E-04   -0.16122827E-03    0.00000000E+00    0.17700968E+03   -0.10562131E+03   -0.79399663E-04   -0.12699923E-03    0.19793840E-03
  0.3300   -0.24088768E+04   -0.59687337E+04    0.23304236E+04   -0.60036265E-01   -0.81560253E-04   -0.72509691E-02    0.83728472E+01   -0.84818970E+02   -0.17411620E+03   -0.18769453E-01   -0.22166666E-03    0.31399141E-03    0.00000000E+00    0.59490408E+04    0.72719217E+02    0.33621177E+00    0.75904720E-04   -0.14781160E-03    0.00000000E+00    0.17404826E+03   -0.89902496E+02   -0.73830513E-04   -0.10887616E-03    0.16770349E-03
  0.3400   -0.22699469E+04   -0.56210263E+04    0.21991101E+04   -0.58955925E-01   -0.71791946E-04   -0.68372225E-02    0.70371115E+01   -0.71783469E+02   -0.17073210E+03   -0.17684734E-01   -0.21782791E-03    0.30741918E-03    0.00000000E+00    0.56022094E+04    0.65607854E+02    0.33376727E+00    0.66485763E-04   -0.13535287E-03    0.00000000E+00    0.17066809E+03   -0.75201778E+02   -0.68811101E-04   -0.91274918E-04    0.14007885E-03
  0.3600   -0.20258062E+04   -0.50112574E+04    0.19688809E+04   -0.57059554E-01   -0.54047749E-04   -0.61111918E-02    0.46200855E+01   -0.48325672E+02   -0.16289108E+03   -0.15778524E-01   -0.20774963E-03    0.29337502E-03    0.00000000E+00    0.49939141E+04    0.52770309E+02    0.32908784E+00    0.49468262E-04   -0.11287643E-03    0.00000000E+00    0.16283407E+03   -0.48602437E+02   -0.58910832E-04   -0.60087248E-04    0.89435239E-04
  0.3700   -0.19182117E+04   -0.47431361E+04    0.18676365E+04   -0.56224942E-01   -0.45946115E-04   -0.57916179E-02    0.35289364E+01   -0.37786445E+02   -0.15851466E+03   -0.14937112E-01   -0.20099227E-03    0.28666860E-03    0.00000000E+00    0.47264100E+04    0.46981380E+02    0.32684571E+00    0.41844703E-04   -0.10269070E-03    0.00000000E+00    0.15846064E+03   -0.36595085E+02   -0.53872128E-04   -0.45516277E-04    0.67066310E-04
  0.3800   -0.18189357E+04   -0.44961363E+04    0.17743384E+04   -0.55455895E-01   -0.38639874E-04   -0.54972857E-02    0.25103118E+01   -0.27973789E+02   -0.15388180E+03   -0.14164431E-01   -0.19608563E-03    0.27732251E-03    0.00000000E+00    0.44799586E+04    0.41576424E+02    0.32466327E+00    0.34670359E-04   -0.93237019E-04    0.00000000E+00    0.15383059E+03   -0.25386197E+02   -0.48714665E-04   -0.32014916E-04    0.46084199E-04
  0.3900   -0.17271372E+04   -0.42681180E+04    0.16881658E+04   -0.54745277E-01   -0.31926982E-04   -0.52254679E-02    0.15604519E+01   -0.18844687E+02   -0.14902436E+03   -0.13448192E-01   -0.19010750E-03    0.26835702E-03    0.00000000E+00    0.42524271E+04    0.36532140E+02    0.32253793E+00    0.28106796E-04   -0.84282146E-04    0.00000000E+00    0.14897579E+03   -0.14934321E+02   -0.44935794E-04   -0.20215248E-04    0.25729296E-04
  0.4000   -0.16420790E+04   -0.40572044E+04    0.16083995E+04   -0.54087549E-01   -0.25283171E-04   -0.49734279E-02    0.67594748E+00   -0.10360464E+02   -0.14397180E+03   -0.12784793E-01   -0.18341019E-03    0.25951044E-03    0.00000000E+00    0.40419450E+04    0.31827692E+02    0.32046728E+00    0.21811370E-04   -0.76104619E-04    0.00000000E+00    0.14392558E+03   -0.52019131E+01   -0.40916021E-04   -0.82593740E-05    0.77440001E-05
  0.4100   -0.15631127E+04   -0.38617446E+04    0.15344075E+04   -0.53477905E-01   -0.19352931E-04   -0.47398658E-02   -0.14631100E+00   -0.24864593E+01   -0.13875114E+03   -0.12169246E-01   -0.17689278E-03    0.24996680E-03    0.00000000E+00    0.38468668E+04    0.27444192E+02    0.31844778E+00    0.16037871E-04   -0.68392544E-04    0.00000000E+00    0.13870708E+03    0.38453176E+01   -0.37376412E-04    0.18129078E-05   -0.10016981E-04
  0.4200   -0.14896663E+04   -0.36802810E+04    0.14656326E+04   -0.52911258E-01   -0.13593486E-04   -0.45225246E-02   -0.90917591E+00    0.48088567E+01   -0.13338747E+03   -0.11596933E-01   -0.16973907E-03    0.24061948E-03    0.00000000E+00    0.36657399E+04    0.23364537E+02    0.31647744E+00    0.10709501E-04   -0.61170098E-04    0.00000000E+00    0.13334556E+03    0.12238861E+02   -0.35280924E-04    0.11397536E-04   -0.26254586E-04
  0.4300   -0.14212337E+04   -0.35115232E+04    0.14015820E+04   -0.52384336E-01   -0.86180724E-05   -0.43205013E-02   -0.16152790E+01    0.11554238E+02   -0.12790437E+03   -0.11063885E-01   -0.16269263E-03    0.23079751E-03    0.00000000E+00    0.34972784E+04    0.19573169E+02    0.31455383E+00    0.56569668E-05   -0.54558714E-04    0.00000000E+00    0.12786436E+03    0.20007704E+02   -0.30133213E-04    0.21786804E-04   -0.39765699E-04
  0.4400   -0.13573656E+04   -0.33543251E+04    0.13418187E+04   -0.51893601E-01   -0.41885378E-05   -0.41322136E-02   -0.22670654E+01    0.17775939E+02   -0.12232361E+03   -0.10567207E-01   -0.15605910E-03    0.22026217E-03    0.00000000E+00    0.33403401E+04    0.16055771E+02    0.31267493E+00    0.11278254E-05   -0.48266794E-04    0.00000000E+00    0.12228540E+03    0.27178704E+02   -0.27092609E-04    0.30258431E-04   -0.53355223E-04
  0.4500   -0.12976622E+04   -0.32076660E+04    0.12859543E+04   -0.51434616E-01    0.44711678E-06   -0.39557142E-02   -0.28668113E+01    0.23498291E+02   -0.11666572E+03   -0.10102036E-01   -0.14835507E-03    0.21056004E-03    0.00000000E+00    0.31939081E+04    0.12799195E+02    0.31083847E+00   -0.31118188E-05   -0.42487777E-04    0.00000000E+00    0.11662920E+03    0.33777053E+02   -0.24828773E-04    0.37430504E-04   -0.66482576E-04
  0.4600   -0.12417667E+04   -0.30706347E+04    0.12336424E+04   -0.51005687E-01    0.46428970E-05   -0.37905840E-02   -0.34166569E+01    0.28743842E+02   -0.11094996E+03   -0.96678902E-02   -0.14158127E-03    0.19974965E-03    0.00000000E+00    0.30570743E+04    0.97911781E+01    0.30904246E+00   -0.71775209E-05   -0.37299494E-04    0.00000000E+00    0.11091497E+03    0.39826294E+02   -0.22270645E-04    0.44791845E-04   -0.77731363E-04
  0.4700   -0.11893599E+04   -0.29424154E+04    0.11845736E+04   -0.50604501E-01    0.83191160E-05   -0.36359507E-02   -0.39186181E+01    0.33533628E+02   -0.10519441E+03   -0.92597085E-02   -0.13354611E-03    0.19007818E-03    0.00000000E+00    0.29290259E+04    0.70203943E+01    0.30728623E+00   -0.10696768E-04   -0.32294591E-04    0.00000000E+00    0.10516093E+03    0.45348591E+02   -0.20443578E-04    0.50723940E-04   -0.88788286E-04
  0.4800   -0.11401557E+04   -0.28222760E+04    0.11384710E+04   -0.50228206E-01    0.11496702E-04   -0.34909413E-02   -0.43746065E+01    0.37887364E+02   -0.99416142E+02   -0.88785199E-02   -0.12718156E-03    0.17866624E-03    0.00000000E+00    0.28090336E+04    0.44761904E+01    0.30556664E+00   -0.13916894E-04   -0.27687626E-04    0.00000000E+00    0.99384051E+02    0.50365050E+02   -0.17277804E-04    0.56881890E-04   -0.98063169E-04
  0.4900   -0.10938969E+04   -0.27095581E+04    0.10950860E+04   -0.49874883E-01    0.14744035E-04   -0.33542225E-02   -0.47864423E+01    0.41823676E+02   -0.93631301E+02   -0.85193289E-02   -0.12006658E-03    0.16798451E-03    0.00000000E+00    0.26964413E+04    0.21485515E+01    0.30388293E+00   -0.16980431E-04   -0.23590321E-04    0.00000000E+00    0.93600472E+02    0.54895721E+02   -0.15877648E-04    0.62191156E-04   -0.10669224E-03
  0.5000   -0.10503517E+04   -0.26036679E+04    0.10541951E+04   -0.49543016E-01    0.17428876E-04   -0.32257391E-02   -0.51558672E+01    0.45360309E+02   -0.87854993E+02   -0.81801394E-02   -0.11189539E-03    0.15838523E-03    0.00000000E+00    0.25906577E+04    0.28036621E-01    0.30223388E+00   -0.19486634E-04   -0.19572887E-04    0.00000000E+00    0.87825373E+02    0.58959713E+02   -0.13405660E-04    0.67176578E-04   -0.11420945E-03
  0.5500   -0.86666361E+03   -0.21595278E+04    0.88074771E+03   -0.48149650E-01    0.27653476E-04   -0.26819141E-02   -0.64235374E+01    0.57611698E+02   -0.59577953E+02   -0.67551895E-02   -0.75891957E-04    0.10739605E-03    0.00000000E+00    0.21468314E+04   -0.77688243E+01    0.29445847E+00   -0.29085564E-04   -0.51852412E-05    0.00000000E+00    0.59553574E+02    0.72904919E+02   -0.65209716E-05    0.83810290E-04   -0.14047733E-03
  0.6000   -0.72647870E+03   -0.18235635E+04    0.74637792E+03   -0.47096656E-01    0.31404317E-04   -0.22647827E-02   -0.68619764E+01    0.62142134E+02   -0.33359247E+02   -0.56703838E-02   -0.42885099E-04    0.59742627E-04    0.00000000E+00    0.18109567E+04   -0.11589725E+02    0.28736685E+00   -0.33209530E-04    0.24455642E-05    0.00000000E+00    0.33338716E+02    0.77727938E+02   -0.33134351E-05    0.89435991E-04   -0.14968936E-03
  0.6500   -0.61711746E+03   -0.15630968E+04    0.63918841E+03   -0.46282540E-01    0.31235111E-04   -0.19351898E-02   -0.66429096E+01    0.60589165E+02   -0.10317442E+02   -0.48231645E-02   -0.12662771E-04    0.19078221E-04    0.00000000E+00    0.15504976E+04   -0.12282486E+02    0.28085046E+00   -0.32768535E-04    0.50177963E-05    0.00000000E+00    0.10300001E+02    0.75318681E+02   -0.22837975E-05    0.86434334E-04   -0.14527908E-03
  0.7000   -0.53026185E+03   -0.13566685E+04    0.55159410E+03   -0.45641721E-01    0.27981748E-04   -0.16689645E-02   -0.59258522E+01    0.54443703E+02    0.87826272E+01   -0.41523059E-02    0.11047716E-04   -0.15971511E-04    0.00000000E+00    0.13440911E+04   -0.10604925E+02    0.27482364E+00   -0.29050829E-04    0.35745886E-05    0.00000000E+00   -0.87976435E+01    0.67432299E+02   -0.35797801E-05    0.77666143E-04   -0.12978529E-03
  0.7500   -0.46026213E+03   -0.11897540E+04    0.47864658E+03   -0.45130057E-01    0.22001958E-04   -0.14505256E-02   -0.48603345E+01    0.45086202E+02    0.23498759E+02   -0.36108360E-02    0.29805708E-04   -0.42486816E-04    0.00000000E+00    0.11772756E+04   -0.72486098E+01    0.26921791E+00   -0.23040172E-04   -0.74025851E-06    0.00000000E+00   -0.23511793E+02    0.55713702E+02   -0.51701621E-05    0.64594414E-04   -0.10680545E-03
  0.8000   -0.40316033E+03   -0.10522873E+04    0.41705695E+03   -0.44715883E-01    0.14593464E-04   -0.12684573E-02   -0.35850125E+01    0.33786959E+02    0.33684188E+02   -0.31682307E-02    0.42967195E-04   -0.60660193E-04    0.00000000E+00    0.10400216E+04   -0.28433651E+01    0.26397982E+00   -0.15495816E-04   -0.67483736E-05    0.00000000E+00   -0.33695621E+02    0.41688112E+02   -0.99901813E-05    0.48122516E-04   -0.80128463E-04
  0.8500   -0.35610469E+03   -0.93716619E+03    0.36459915E+03   -0.44376451E-01    0.66539004E-05   -0.11150135E-02   -0.22253018E+01    0.21689652E+02    0.39457193E+02   -0.28029082E-02    0.50059252E-04   -0.71328439E-04    0.00000000E+00    0.92524271E+03    0.20477240E+01    0.25906356E+00   -0.73526738E-05   -0.13652374E-04    0.00000000E+00   -0.39467338E+02    0.26734984E+02   -0.12856155E-04    0.31283974E-04   -0.50964603E-04
  0.9000   -0.31698669E+03   -0.83931419E+03    0.31973235E+03   -0.44096309E-01   -0.13294128E-05   -0.98496685E-03   -0.89055075E+00    0.97884711E+01    0.41164781E+02   -0.24969716E-02    0.52735512E-04   -0.73905472E-04    0.00000000E+00    0.82786171E+03    0.69371642E+01    0.25443279E+00    0.63206418E-06   -0.20709706E-04    0.00000000E+00   -0.41173764E+02    0.12056952E+02   -0.17183678E-04    0.14336317E-04   -0.22756175E-04
  0.9500   -0.28421015E+03   -0.75507044E+03    0.28135456E+03   -0.43862071E-01   -0.86492189E-05   -0.87421968E-03    0.32858557E+00   -0.10936151E+01    0.39339337E+02   -0.22403426E-02    0.50193975E-04   -0.70831141E-04    0.00000000E+00    0.74420368E+03    0.11422072E+02    0.25005630E+00    0.78908439E-05   -0.27248475E-04    0.00000000E+00   -0.39347398E+02   -0.13489022E+01   -0.20945376E-04   -0.13644237E-05    0.27853930E-05
  1.0000   -0.25654093E+03   -0.68177845E+03    0.24863892E+03   -0.43665470E-01   -0.14777928E-04   -0.77970068E-03    0.13621360E+01   -0.10321848E+02    0.34650686E+02   -0.20228594E-02    0.43745555E-04   -0.62855204E-04    0.00000000E+00    0.67158862E+03    0.15191332E+02    0.24590754E+00    0.13933975E-04   -0.32801248E-04    0.00000000E+00   -0.34658004E+02   -0.12713226E+02   -0.25238535E-04   -0.14878956E-04    0.24232523E-04
  1.1000   -0.21283322E+03   -0.56081638E+03    0.19764475E+03   -0.43356420E-01   -0.22471838E-04   -0.63051409E-03    0.27014983E+01   -0.22264393E+02    0.19741739E+02   -0.16756347E-02    0.24467025E-04   -0.36267253E-04    0.00000000E+00    0.55213109E+03    0.19814410E+02    0.23820783E+00    0.21678160E-04   -0.39279686E-04    0.00000000E+00   -0.19747763E+02   -0.27436992E+02   -0.27829068E-04   -0.31047458E-04    0.53360806E-04
  1.2000   -0.18017530E+03   -0.46626166E+03    0.16233689E+03   -0.43129851E-01   -0.23778042E-04   -0.52319777E-03    0.29965932E+01   -0.24841633E+02    0.26027948E+01   -0.14126617E-02    0.31753338E-05   -0.48320086E-05    0.00000000E+00    0.45906130E+03    0.20184771E+02    0.23118969E+00    0.23100031E-04   -0.38997208E-04    0.00000000E+00   -0.26078475E+01   -0.30675187E+02   -0.28316301E-04   -0.35262426E-04    0.59107949E-04
  1.3000   -0.15484154E+03   -0.39227851E+03    0.13876878E+03   -0.42960934E-01   -0.19650535E-04   -0.44656437E-03    0.24098260E+01   -0.19504409E+02   -0.11507849E+02   -0.12088925E-02   -0.14654276E-04    0.20748933E-04    0.00000000E+00    0.38631210E+03    0.16948441E+02    0.22474354E+00    0.18902022E-04   -0.33238842E-04    0.00000000E+00    0.11503491E+02   -0.24214948E+02   -0.24310039E-04   -0.27306654E-04    0.47189185E-04
  1.4000   -0.13440119E+03   -0.33497597E+03    0.12316719E+03   -0.42833608E-01   -0.12278683E-04   -0.39119518E-03    0.12971478E+01   -0.94493648E+01   -0.19278937E+02   -0.10455197E-02   -0.24358278E-04    0.34952218E-04    0.00000000E+00    0.32984900E+03    0.11587122E+02    0.21878521E+00    0.11547304E-04   -0.24099783E-04    0.00000000E+00    0.19275173E+02   -0.11971917E+02   -0.19197723E-04   -0.13666550E-04    0.23164335E-04
  1.5000   -0.11733664E+03   -0.29115678E+03    0.11210955E+03   -0.42737611E-01   -0.39960159E-05   -0.34889432E-03    0.81940740E-01    0.15174902E+01   -0.19774307E+02   -0.91274211E-03   -0.25654827E-04    0.35179644E-04    0.00000000E+00    0.28644388E+03    0.58775036E+01    0.21324755E+00    0.34274923E-05   -0.14654296E-04    0.00000000E+00    0.19771042E+02    0.13969932E+01   -0.13437146E-04    0.19937834E-05   -0.23039824E-05
  1.6000   -0.10277771E+03   -0.25778811E+03    0.10285451E+03   -0.42666234E-01    0.23688582E-05   -0.31405687E-03   -0.86585827E+00    0.10069967E+02   -0.14225828E+02   -0.80053023E-03   -0.18293105E-04    0.25471803E-04    0.00000000E+00    0.25313731E+03    0.13748769E+01    0.20807756E+00   -0.29173145E-05   -0.71470410E-05    0.00000000E+00    0.14222962E+02    0.11823087E+02   -0.99158124E-05    0.13548749E-04   -0.22824269E-04
  2.0000   -0.63506714E+02   -0.17567434E+03    0.62727076E+02   -0.42538100E-01   -0.24745570E-05   -0.19545065E-03    0.36451716E-01    0.19992767E+01    0.12725520E+02   -0.50350476E-03    0.16107602E-04   -0.23041697E-04    0.00000000E+00    0.17068864E+03    0.37978754E+01    0.19028829E+00    0.18674146E-05   -0.98165217E-05    0.00000000E+00   -0.12727314E+02    0.18972189E+01   -0.10362267E-04    0.26963097E-05   -0.31403707E-05
  2.5000   -0.42243240E+02   -0.10649051E+03    0.37288043E+02   -0.42542924E-01   -0.51730057E-05   -0.11988744E-03    0.59103387E+00   -0.29629263E+01   -0.85186036E+01   -0.32841024E-03   -0.10791423E-04    0.15415551E-04    0.00000000E+00    0.10337246E+03    0.50364340E+01    0.17264491E+00    0.47076261E-05   -0.10786661E-04    0.00000000E+00    0.85174373E+01   -0.41984010E+01   -0.10633138E-04   -0.46653157E-05    0.82508136E-05
  3.0000   -0.28132581E+02   -0.79677894E+02    0.28615949E+02   -0.42620362E-01    0.13380915E-06   -0.87901445E-04   -0.17403483E+00    0.39336174E+01    0.56751262E+01   -0.22332171E-03    0.71956677E-05   -0.10263518E-04    0.00000000E+00    0.76385194E+02    0.10483374E+01    0.15836090E+00   -0.61141590E-06   -0.38365631E-05    0.00000000E+00   -0.56759313E+01    0.42168788E+01   -0.62779541E-05    0.53389217E-05   -0.76340533E-05
  4.0000   -0.15892294E+02   -0.45254465E+02    0.16465475E+02   -0.42853544E-01    0.74851744E-06   -0.49906530E-04   -0.16778832E+00    0.38864447E+01    0.20691569E+01   -0.12600136E-03    0.24251486E-05   -0.39404888E-05    0.00000000E+00    0.42809004E+02    0.16539860E+00    0.13613444E+00   -0.11990968E-05   -0.17079357E-05    0.00000000E+00   -0.20696174E+01    0.41487816E+01   -0.49242196E-05    0.50027712E-05   -0.77607069E-05
  5.0000   -0.10279028E+02   -0.28994952E+02    0.10553802E+02   -0.43109516E-01    0.52010331E-06   -0.31948036E-04   -0.88039224E-01    0.31708624E+01    0.10894237E-03   -0.80609767E-04    0.15531091E-07    0.15195936E-07    0.00000000E+00    0.27052352E+02   -0.31862996E-01    0.11922338E+00   -0.10122472E-05   -0.91422262E-06    0.00000000E+00   -0.39548896E-03    0.32708670E+01   -0.39269895E-05    0.42666880E-05   -0.57959384E-05
  6.0000   -0.72365830E+01   -0.20076507E+02    0.70920881E+01   -0.43357644E-01    0.18367090E-06   -0.21634713E-04    0.16801148E-01    0.22270264E+01   -0.11270093E+01   -0.56395445E-04   -0.15252187E-05    0.19419579E-05    0.00000000E+00    0.18456314E+02    0.62463500E-01    0.10567360E+00   -0.61300922E-06   -0.80517444E-06    0.00000000E+00    0.11268126E+01    0.21162234E+01   -0.36617073E-05    0.28828631E-05   -0.36275716E-05
  7.0000   -0.53845449E+01   -0.14737913E+02    0.48307166E+01   -0.43589056E-01   -0.42455457E-06   -0.15285965E-04    0.12192911E+00    0.12794048E+01   -0.15945900E+01   -0.41514236E-04   -0.20383726E-05    0.28672880E-05    0.00000000E+00    0.13331102E+02    0.26290281E+00    0.94442896E-01   -0.48929546E-07   -0.85773431E-06    0.00000000E+00    0.15944543E+01    0.95793187E+00   -0.37415316E-05    0.13395105E-05   -0.16075095E-05
  8.0000   -0.41543291E+01   -0.11368726E+02    0.32740555E+01   -0.43800387E-01   -0.82734069E-06   -0.10899776E-04    0.21227402E+00    0.46408651E+00   -0.15943345E+01   -0.31803126E-04   -0.20695902E-05    0.28352846E-05    0.00000000E+00    0.10104434E+02    0.46563927E+00    0.84908585E-01    0.38557414E-06   -0.10469372E-05    0.00000000E+00    0.15942324E+01   -0.38167942E-01   -0.37329089E-05    0.21716696E-06    0.33458835E-06
  9.0000   -0.32815859E+01   -0.91662320E+01    0.21947004E+01   -0.43990975E-01   -0.11688236E-05   -0.79206881E-05    0.27905732E+00   -0.13971913E+00   -0.12874324E+01   -0.25039181E-04   -0.17013985E-05    0.22593103E-05    0.00000000E+00    0.79975096E+01    0.61138997E+00    0.76669193E-01    0.68316659E-06   -0.11977381E-05    0.00000000E+00    0.12873447E+01   -0.77547921E+00   -0.34357203E-05   -0.49471859E-06    0.18909968E-05
 10.0000   -0.26331625E+01   -0.76805364E+01    0.14690322E+01   -0.44160649E-01   -0.13404063E-05   -0.58597959E-05    0.31867457E+00   -0.49952288E+00   -0.81787421E+00   -0.20024180E-04   -0.10981768E-05    0.14179642E-05    0.00000000E+00    0.65771394E+01    0.67172647E+00    0.69450744E-01    0.90093674E-06   -0.11655895E-05    0.00000000E+00    0.81780477E+00   -0.12143121E+01   -0.33683214E-05   -0.10037544E-05    0.27320041E-05
 12.0000   -0.17553131E+01   -0.58603117E+01    0.76147941E+00   -0.44439357E-01   -0.12372126E-05   -0.35798584E-05    0.32315248E+00   -0.54755166E+00    0.13785492E+00   -0.13378048E-04    0.19797293E-06   -0.22612948E-06    0.00000000E+00    0.48425421E+01    0.53441132E+00    0.57344292E-01    0.81664006E-06   -0.82744437E-06    0.00000000E+00   -0.13790646E+00   -0.12706395E+01   -0.28703429E-05   -0.10536675E-05    0.28553789E-05
 16.0000   -0.94090228E+00   -0.37437690E+01    0.65093650E+00   -0.44771660E-01   -0.37827663E-06   -0.23808438E-05    0.20799593E+00    0.46891380E+00    0.51225105E+00   -0.70437318E-05    0.70927827E-06   -0.86663141E-06    0.00000000E+00    0.28748382E+01   -0.13427351E+00    0.39432627E-01   -0.20716109E-07    0.39236832E-06    0.00000000E+00   -0.51227335E+00   -0.21972367E-01   -0.19318103E-05    0.41570322E-06    0.48329989E-06
 20.0000   -0.66045665E+00   -0.23052346E+01    0.38714495E+00   -0.44836166E-01   -0.24629747E-06   -0.14373257E-05    0.20227686E+00    0.49473736E+00   -0.29248520E+00   -0.44356490E-05   -0.27592844E-06    0.62388475E-06    0.00000000E+00    0.15779782E+01   -0.24931816E+00    0.26781203E-01   -0.99715750E-07    0.66729664E-06    0.00000000E+00    0.29247024E+00    0.17823723E-01   -0.17779009E-05    0.22202402E-06    0.16719040E-06
 25.0000   -0.39715738E+00   -0.16954991E+01   -0.56434746E-01   -0.44590348E-01   -0.59522734E-06   -0.42160922E-06    0.25739802E+00   -0.41167095E-01   -0.15555420E-05   -0.25941826E-05    0.36657748E-08    0.36705603E-08    0.00000000E+00    0.10358516E+01   -0.68252249E-01    0.15478951E-01    0.23132094E-06    0.44129490E-06    0.00000000E+00   -0.68563093E-05   -0.62434470E+00   -0.15085638E-05   -0.36195977E-06    0.15587993E-05
 30.0000   -0.25020506E+00   -0.13441917E+01    0.84239900E-01   -0.44029815E-01   -0.22165945E-06   -0.48081846E-06    0.20650649E+00    0.36880092E+00    0.16230856E+00   -0.15588261E-05    0.19982025E-06   -0.29951230E-06    0.00000000E+00    0.73231413E+00   -0.30100047E+00    0.74451094E-02   -0.11204616E-06    0.81396377E-06    0.00000000E+00   -0.16230769E+00   -0.10779232E+00   -0.99339919E-06    0.29017931E-06    0.62179593E-06
 40.0000   -0.11713480E+00   -0.86996191E+00   -0.10644859E+00   -0.42128687E-01   -0.32361684E-06    0.38658889E-08    0.22163627E+00    0.11331063E+00    0.10831986E+00   -0.62133210E-06    0.12785627E-06   -0.20538330E-06    0.00000000E+00    0.33334514E+00   -0.21023257E+00   -0.25617142E-02    0.16459199E-07    0.66322712E-06    0.00000000E+00   -0.10832966E+00   -0.38161455E+00   -0.10650959E-05   -0.19901586E-06    0.97499847E-06
 50.0000   -0.63397248E-01   -0.55509691E+00   -0.10973614E+00   -0.39400484E-01   -0.25280529E-06    0.84791388E-07    0.20412234E+00    0.12381727E+00   -0.80303163E-01   -0.16883204E-06   -0.71784120E-07    0.17526375E-06    0.00000000E+00    0.75140814E-01   -0.21293187E+00   -0.76179787E-02    0.48657217E-08    0.65993788E-06    0.00000000E+00    0.80299449E-01   -0.32136334E+00   -0.70578882E-06   -0.68530966E-07    0.92012410E-06
 60.0000   -0.16477009E-01   -0.41830365E+00   -0.42308044E-01   -0.36053509E-01   -0.14368573E-06   -0.13527567E-07    0.17266480E+00    0.23650486E+00   -0.63835260E-01    0.49402923E-07   -0.10531893E-06    0.91066430E-07    0.00000000E+00   -0.26682320E-01   -0.24763224E+00   -0.96787933E-02   -0.89504728E-07    0.67232102E-06    0.00000000E+00    0.63836034E-01   -0.12872001E+00   -0.56871089E-06    0.25350879E-07    0.42135027E-06
 70.0000    0.25944107E-01   -0.37032263E+00   -0.42085684E-01   -0.32264715E-01   -0.12737132E-06    0.21027654E-08    0.15484904E+00    0.20826810E+00    0.53427149E-01    0.20835065E-06    0.38723324E-07   -0.12564210E-06    0.00000000E+00   -0.49840108E-01   -0.20648472E+00   -0.98036216E-02   -0.85901672E-07    0.54933622E-06    0.00000000E+00   -0.53420270E-01   -0.10246616E+00   -0.36150753E-06    0.81654353E-07    0.39688536E-06
 80.0000    0.46489480E-01   -0.29601989E+00   -0.81779995E-01   -0.28193614E-01   -0.14990518E-06    0.10168608E-06    0.14475004E+00    0.98182851E-01    0.46568320E-01    0.25630850E-06    0.81537564E-08   -0.13511089E-06    0.00000000E+00   -0.94822498E-01   -0.12119143E+00   -0.86477191E-02   -0.37199507E-08    0.36911824E-06    0.00000000E+00   -0.46566524E-01   -0.17225562E+00   -0.16786043E-06   -0.35849527E-07    0.49408457E-06
 90.0000    0.51769923E-01   -0.20366262E+00   -0.70780465E-01   -0.23988898E-01   -0.14721141E-06    0.70540453E-07    0.12356660E+00    0.81575784E-01   -0.42002812E-01    0.31931448E-06   -0.54855354E-07    0.74363782E-07    0.00000000E+00   -0.15347690E+00   -0.77075234E-01   -0.66597071E-02    0.10033419E-07    0.24715076E-06    0.00000000E+00    0.42002049E-01   -0.12576886E+00   -0.15083907E-06   -0.87364198E-07    0.29955616E-06
100.0000    0.60375606E-01   -0.16149232E+00   -0.23248944E-01   -0.19790738E-01   -0.30664102E-07    0.40859883E-07    0.94730975E-01    0.13380466E+00   -0.39073791E-01    0.37560819E-06   -0.45055556E-07    0.75152624E-07    0.00000000E+00   -0.16500908E+00   -0.64425430E-01   -0.41710848E-02   -0.41009493E-07    0.15719149E-06    0.00000000E+00    0.39073184E-01    0.48572104E-02   -0.31044212E-08    0.82466934E-07    0.67524017E-07
110.0000    0.71315486E-01   -0.15864417E+00   -0.15308451E-01   -0.15731755E-01   -0.37619068E-07    0.94764666E-08    0.74799723E-01    0.11220586E+00    0.37406519E-01    0.39437547E-06    0.55828731E-07   -0.59250185E-07    0.00000000E+00   -0.13866307E+00   -0.17476913E-01   -0.14408819E-02   -0.31502866E-07    0.22263810E-07    0.00000000E+00   -0.37406395E-01    0.43221036E-01    0.82996882E-07    0.10111009E-06   -0.31856836E-07
120.0000    0.70151088E-01   -0.12902817E+00   -0.42472827E-01   -0.11935397E-01   -0.43840802E-07    0.86824307E-07    0.63368581E-01    0.26512423E-01    0.36854710E-01    0.33753210E-06    0.49448303E-07   -0.63933006E-07    0.00000000E+00   -0.13264549E+00    0.57784570E-01    0.13208847E-02    0.14154238E-07   -0.16361653E-06    0.00000000E+00   -0.36856359E-01   -0.75290553E-03    0.18086911E-06    0.24247980E-07    0.26564249E-07
130.0000    0.57771512E-01   -0.72577156E-01   -0.35512143E-01   -0.85146967E-02   -0.62427758E-07    0.46823223E-07    0.46383590E-01    0.89390360E-02   -0.37444371E-01    0.35375278E-06   -0.61978596E-08    0.10899751E-06    0.00000000E+00   -0.14710109E+00    0.97705558E-01    0.39410339E-02    0.54759803E-07   -0.24582550E-06    0.00000000E+00    0.37447924E-01    0.32684223E-01    0.15308338E-06   -0.12352736E-06   -0.22407842E-06
140.0000    0.49347689E-01   -0.50295783E-01    0.71804343E-02   -0.55698086E-02    0.23363837E-07    0.12736607E-08    0.23983706E-01    0.63408247E-01   -0.39427250E-01    0.28353321E-06   -0.21092695E-07    0.10020288E-06    0.00000000E+00   -0.12846697E+00    0.99368526E-01    0.62767073E-02    0.17363560E-07   -0.28833776E-06    0.00000000E+00    0.39427441E-01    0.14667276E+00    0.24031859E-06    0.17734340E-07   -0.43349564E-06
150.0000    0.46729405E-01   -0.66655166E-01    0.14071895E-01   -0.31864221E-02    0.32249183E-07   -0.11042158E-07    0.11643078E-01    0.55128555E-01    0.43489842E-01    0.24187744E-06    0.63725131E-07   -0.70068764E-07    0.00000000E+00   -0.73201131E-01    0.12553924E+00    0.82126752E-02   -0.31713426E-09   -0.38653109E-06    0.00000000E+00   -0.43485523E-01    0.17500681E+00    0.32797498E-06    0.79917198E-07   -0.45848076E-06
160.0000    0.34573155E-01   -0.53049560E-01   -0.27452855E-01   -0.14333393E-02   -0.30779039E-07    0.53678026E-07    0.12355935E-01   -0.39213172E-01    0.51571560E-01    0.23289613E-06    0.85314929E-07   -0.73341888E-07    0.00000000E+00   -0.42362483E-01    0.18651769E+00    0.96594775E-02    0.78655673E-07   -0.49515483E-06    0.00000000E+00   -0.51574355E-01    0.88023123E-01    0.25984254E-06   -0.68670540E-07   -0.33946841E-06
170.0000    0.79040473E-02    0.15138382E-01   -0.34733001E-01   -0.36096072E-03   -0.85332818E-07    0.21521181E-07    0.89688362E-02   -0.62581262E-01   -0.71560814E-01    0.12467007E-07   -0.38214572E-07    0.18193799E-06    0.00000000E+00   -0.58302857E-01    0.20761319E+00    0.10553205E-01    0.86575245E-07   -0.55213430E-06    0.00000000E+00    0.71558629E-01    0.76814836E-01    0.16050722E-06   -0.23956518E-06   -0.47588142E-06
179.9000   -0.98343040E-01    0.41826531E+00    0.97093334E-01   -0.59820818E-06   -0.52101878E-07   -0.35080371E-06   -0.20174282E-01    0.18365591E+00   -0.98458126E+00    0.22723536E-06   -0.11345890E-05    0.18944163E-05    0.00000000E+00   -0.36950386E+00    0.94810881E-01    0.10856293E-01    0.15519405E-06   -0.13648595E-06    0.00000000E+00    0.98459634E+00    0.38342702E+00    0.15309175E-05    0.60002192E-06   -0.57956835E-06
180.0000    0.00000000E+00    0.00000000E+00    0.00000000E+00    0.00000000E+00    0.00000000E+00    0.00000000E+00    0.00000000E+00    0.00000000E+00    0.00000000E+00    0.00000000E+00    0.00000000E+00    0.00000000E+00    0.00000000E+00    0.00000000E+00   -0.32426198E+02   -0.33087957E+04   -0.69734851E-04    0.30022405E-04    0.00000000E+00    0.00000000E+00    0.84554076E+02    0.86279669E+04    0.40118781E-04   -0.22000677E-03
