  0.0000    0.00000000E+00    0.00000000E+00    0.00000000E+00    0.00000000E+00    0.00000000E+00    0.00000000E+00    0.00000000E+00    0.00000000E+00    0.00000000E+00    0.00000000E+00    0.00000000E+00    0.00000000E+00    0.00000000E+00    0.00000000E+00   -0.99957014E+07   -0.10481060E+04   -0.51270397E+02   -0.20519220E+02    0.00000000E+00    0.00000000E+00    0.12088333E+09    0.20975138E+04    0.10254483E+03   -0.26934550E+03
  0.0003   -0.43492193E+06   -0.46462584E+06   -0.35104932E+06   -0.53580335E+01   -0.51264282E+00    0.56733940E+00   -0.85149275E+05   -0.89027236E+06   -0.98349623E+07   -0.17276895E+03   -0.12523667E+02    0.17733006E+02    0.00000000E+00   -0.76233823E+06   -0.94975044E+07   -0.10373614E+04   -0.50241151E+02   -0.21022647E+02    0.00000000E+00    0.98343362E+07    0.11885334E+09    0.20760242E+04    0.10048632E+03   -0.26515885E+03
  0.0004   -0.57591585E+06   -0.64551528E+06   -0.61627523E+06   -0.94452715E+01   -0.90043546E+00    0.99549839E+00   -0.79432025E+05   -0.14935960E+07   -0.12948096E+08   -0.22855992E+03   -0.16487875E+02    0.23346165E+02    0.00000000E+00   -0.97711560E+06   -0.91194547E+07   -0.10291249E+04   -0.49457071E+02   -0.21401614E+02    0.00000000E+00    0.12947267E+08    0.11730492E+09    0.20595511E+04    0.98918150E+02   -0.26196341E+03
  0.0005   -0.71361305E+06   -0.84754658E+06   -0.94749777E+06   -0.14599437E+02   -0.13853343E+01    0.15295859E+01   -0.72460249E+05   -0.22481735E+07   -0.15924382E+08   -0.28284868E+03   -0.20277826E+02    0.28712582E+02    0.00000000E+00   -0.11595981E+07   -0.86452245E+07   -0.10186872E+04   -0.48469620E+02   -0.21873104E+02    0.00000000E+00    0.15923357E+08    0.11535238E+09    0.20386753E+04    0.96943235E+02   -0.25793145E+03
  0.0006   -0.84732707E+06   -0.10746142E+07   -0.13378022E+07   -0.20748371E+02   -0.19576503E+01    0.21580180E+01   -0.64491640E+05   -0.31390450E+07   -0.18735355E+08   -0.33530775E+03   -0.23857269E+02    0.33780929E+02    0.00000000E+00   -0.13034279E+07   -0.80832193E+07   -0.10061575E+04   -0.47293523E+02   -0.22425983E+02    0.00000000E+00    0.18734140E+08    0.11302305E+09    0.20136156E+04    0.94591025E+02   -0.25311763E+03
  0.0007   -0.97645523E+06   -0.13297669E+07   -0.17791843E+07   -0.27807591E+02   -0.26061564E+01    0.28673974E+01   -0.55817758E+05   -0.41488694E+07   -0.21356089E+08   -0.38563963E+03   -0.27194465E+02    0.38506264E+02    0.00000000E+00   -0.14032973E+07   -0.74431995E+07   -0.99166449E+03   -0.45945934E+02   -0.23047377E+02    0.00000000E+00    0.21354692E+08    0.11034883E+09    0.19846292E+04    0.91895828E+02   -0.24758575E+03
  0.0008   -0.11004872E+07   -0.16151146E+07   -0.22627910E+07   -0.35682317E+02   -0.33184185E+01    0.36429225E+01   -0.46745076E+05   -0.52584246E+07   -0.23765653E+08   -0.43358100E+03   -0.30262761E+02    0.42850846E+02    0.00000000E+00   -0.14550737E+07   -0.67360226E+07   -0.97535349E+03   -0.44446019E+02   -0.23723049E+02    0.00000000E+00    0.23764081E+08    0.10736541E+09    0.19520067E+04    0.88895976E+02   -0.24140729E+03
  0.0009   -0.12190110E+07   -0.19317719E+07   -0.27791794E+07   -0.44269675E+02   -0.40811521E+01    0.44688269E+01   -0.37586826E+05   -0.64471595E+07   -0.25947413E+08   -0.47890571E+03   -0.33040976E+02    0.46784687E+02    0.00000000E+00   -0.14558793E+07   -0.59733336E+07   -0.95738322E+03   -0.42814440E+02   -0.24437837E+02    0.00000000E+00    0.25945678E+08    0.10411135E+09    0.19160657E+04    0.85632792E+02   -0.23465954E+03
  0.0010   -0.13317140E+07   -0.22798377E+07   -0.33185867E+07   -0.53461040E+02   -0.48805949E+01    0.53288383E+01   -0.28643068E+05   -0.76937601E+07   -0.27889232E+08   -0.52142716E+03   -0.35513654E+02    0.50285899E+02    0.00000000E+00   -0.14041329E+07   -0.51672696E+07   -0.93792300E+03   -0.41072872E+02   -0.25176077E+02    0.00000000E+00    0.27887343E+08    0.10062721E+09    0.18771447E+04    0.82149631E+02   -0.22742394E+03
  0.0012   -0.15388942E+07   -0.30656533E+07   -0.44274065E+07   -0.73206662E+02   -0.65343801E+01    0.70862707E+01   -0.12480127E+05   -0.10274900E+08   -0.31027064E+08   -0.59751689E+03   -0.39509313E+02    0.55943591E+02    0.00000000E+00   -0.11430620E+07   -0.34741262E+07   -0.89524181E+03   -0.37348370E+02   -0.26660429E+02    0.00000000E+00    0.31024899E+08    0.93135110E+08    0.17917810E+04    0.74700566E+02   -0.21182402E+03
  0.0014   -0.17213813E+07   -0.39545537E+07   -0.55146298E+07   -0.94023660E+02   -0.81737856E+01    0.87916428E+01   -0.87992609E+01   -0.12837137E+08   -0.33170393E+08   -0.66116613E+03   -0.42238591E+02    0.59808137E+02    0.00000000E+00   -0.68393512E+06   -0.17519127E+07   -0.84874859E+03   -0.33446759E+02   -0.28057104E+02    0.00000000E+00    0.33167997E+08    0.85218158E+08    0.16987930E+04    0.66897277E+02   -0.19527128E+03
  0.0015   -0.18034976E+07   -0.44286866E+07   -0.60294783E+07   -0.10456620E+03   -0.89585030E+01    0.95908260E+01    0.45099075E+04   -0.14065021E+08   -0.33883744E+08   -0.68828016E+03   -0.43146960E+02    0.61094351E+02    0.00000000E+00   -0.38850542E+06   -0.90706990E+06   -0.82451517E+03   -0.31480398E+02   -0.28689852E+02    0.00000000E+00    0.33881250E+08    0.81197278E+08    0.16503254E+04    0.62964519E+02   -0.18683404E+03
  0.0016   -0.18797150E+07   -0.49167120E+07   -0.65159107E+07   -0.11506670E+03   -0.97065207E+01    0.10339288E+02    0.78194492E+04   -0.15236474E+08   -0.34372685E+08   -0.71229902E+03   -0.43769568E+02    0.61975940E+02    0.00000000E+00   -0.55309739E+05   -0.85669346E+05   -0.79984833E+03   -0.29527960E+02   -0.29264403E+02    0.00000000E+00    0.34370104E+08    0.77181584E+08    0.16009908E+04    0.59059604E+02   -0.17838492E+03
  0.0017   -0.19502227E+07   -0.54137824E+07   -0.69683177E+07   -0.12543625E+03   -0.10409607E+02    0.11028005E+02    0.99403413E+04   -0.16338546E+08   -0.34651346E+08   -0.73329420E+03   -0.44124411E+02    0.62478382E+02    0.00000000E+00    0.31030576E+06    0.70429243E+06   -0.77490521E+03   -0.27605400E+02   -0.29772114E+02    0.00000000E+00    0.34648689E+08    0.73202188E+08    0.15511037E+04    0.55214447E+02   -0.16998770E+03
  0.0018   -0.20152340E+07   -0.59149008E+07   -0.73822225E+07   -0.13559480E+03   -0.11061080E+02    0.11649885E+02    0.10941745E+05   -0.17360674E+08   -0.34735814E+08   -0.75136252E+03   -0.44231970E+02    0.62630682E+02    0.00000000E+00    0.70262651E+06    0.14560960E+07   -0.74983190E+03   -0.25726645E+02   -0.30206237E+02    0.00000000E+00    0.34733091E+08    0.69286580E+08    0.15009561E+04    0.51456897E+02   -0.16169912E+03
  0.0019   -0.20749730E+07   -0.64150770E+07   -0.77543019E+07   -0.14547196E+03   -0.11655848E+02    0.12199798E+02    0.10943159E+05   -0.18294741E+08   -0.34643592E+08   -0.76662233E+03   -0.44114536E+02    0.62464399E+02    0.00000000E+00    0.11157475E+07    0.21643283E+07   -0.72476258E+03   -0.23903518E+02   -0.30561945E+02    0.00000000E+00    0.34640813E+08    0.65458495E+08    0.14508165E+04    0.47810602E+02   -0.15356854E+03
  0.0020   -0.21296666E+07   -0.69094712E+07   -0.80823538E+07   -0.15500717E+03   -0.12190362E+02    0.12674515E+02    0.10092686E+05   -0.19135028E+08   -0.34393004E+08   -0.77920879E+03   -0.43795442E+02    0.62012576E+02    0.00000000E+00    0.15437562E+07    0.28248958E+07   -0.69981817E+03   -0.22145675E+02   -0.30836298E+02    0.00000000E+00    0.34390180E+08    0.61737751E+08    0.14009266E+04    0.44294876E+02   -0.14563762E+03
  0.0030   -0.24391286E+07   -0.10770961E+08   -0.90785595E+07   -0.22475731E+03   -0.14313130E+02    0.13616515E+02   -0.67359491E+04   -0.22485279E+08   -0.26951252E+08   -0.79257128E+03   -0.34319247E+02    0.48594667E+02    0.00000000E+00    0.55860804E+07    0.66744607E+07   -0.47468768E+03   -0.89702480E+01   -0.29503827E+02    0.00000000E+00    0.26948380E+08    0.32381213E+08    0.95065395E+03    0.17943593E+02   -0.81675269E+02
  0.0040   -0.24123815E+07   -0.12066397E+08   -0.76274622E+07   -0.24865493E+03   -0.12757946E+02    0.10707484E+02    0.25171348E+04   -0.20033149E+08   -0.18038842E+08   -0.69789591E+03   -0.22970342E+02    0.32525076E+02    0.00000000E+00    0.77653828E+07    0.69985043E+07   -0.31308850E+03   -0.26187436E+01   -0.24149223E+02    0.00000000E+00    0.18036313E+08    0.16186933E+08    0.62744231E+03    0.52401839E+01   -0.44557946E+02
  0.0050   -0.22254498E+07   -0.11627003E+08   -0.56129700E+07   -0.24288954E+03   -0.10122046E+02    0.71459198E+01   -0.20806583E+04   -0.15897725E+08   -0.11415365E+08   -0.58093020E+03   -0.14536124E+02    0.20582563E+02    0.00000000E+00    0.82641090E+07    0.59404650E+07   -0.20837861E+03   -0.11771746E+00   -0.18393202E+02    0.00000000E+00    0.11413260E+08    0.82292534E+07    0.41800881E+03    0.23778985E+00   -0.25079015E+02
  0.0060   -0.19988130E+07   -0.10388156E+08   -0.39041759E+07   -0.22381801E+03   -0.77124575E+01    0.42985060E+01    0.19347878E+01   -0.12111195E+08   -0.72826671E+07   -0.47603103E+03   -0.92736193E+01    0.13131070E+02    0.00000000E+00    0.78076301E+07    0.46841754E+07   -0.14205859E+03    0.72009117E+00   -0.13690494E+02    0.00000000E+00    0.72809421E+07    0.43610369E+07    0.28535523E+03   -0.14381091E+01   -0.14854578E+02
  0.0070   -0.17652687E+07   -0.90186111E+07   -0.26492274E+07   -0.20076221E+03   -0.58320005E+01    0.23181891E+01   -0.97794351E+02   -0.91579612E+07   -0.46898180E+07   -0.38991302E+03   -0.59719312E+01    0.84560131E+01    0.00000000E+00    0.70329051E+07    0.36164764E+07   -0.99556426E+02    0.92275978E+00   -0.10203113E+02    0.00000000E+00    0.46884050E+07    0.24068792E+07    0.20033784E+03   -0.18436768E+01   -0.92482964E+01
  0.0080   -0.15586524E+07   -0.77157155E+07   -0.17597660E+07   -0.17794781E+03   -0.44199147E+01    0.99390006E+00   -0.99590210E+03   -0.69411702E+07   -0.31337689E+07   -0.32197167E+03   -0.39904859E+01    0.56503666E+01    0.00000000E+00    0.61769246E+07    0.27756374E+07   -0.71789507E+02    0.87278581E+00   -0.76662965E+01    0.00000000E+00    0.31326022E+07    0.14165454E+07    0.14479154E+03   -0.17439184E+01   -0.61018354E+01
  0.0090   -0.13727795E+07   -0.66005491E+07   -0.11636418E+07   -0.15725747E+03   -0.34073823E+01    0.17249203E+00    0.64930542E+03   -0.53493753E+07   -0.21308306E+07   -0.26843629E+03   -0.27133619E+01    0.38420107E+01    0.00000000E+00    0.53908508E+07    0.21595422E+07   -0.53012366E+02    0.77861046E+00   -0.58650919E+01    0.00000000E+00    0.21298578E+07    0.84157877E+06    0.10722544E+03   -0.15557249E+01   -0.41447916E+01
  0.0100   -0.12152619E+07   -0.56554277E+07   -0.73950073E+06   -0.13896804E+03   -0.26432620E+01   -0.36823230E+00   -0.11629265E+04   -0.41511866E+07   -0.14968674E+07   -0.22627312E+03   -0.19060845E+01    0.26989384E+01    0.00000000E+00    0.46937908E+07    0.16853845E+07   -0.40118381E+02    0.64895459E+00   -0.45360298E+01    0.00000000E+00    0.14960474E+07    0.54874232E+06    0.81426270E+02   -0.12965449E+01   -0.29847178E+01
  0.0120   -0.96215889E+06   -0.42265096E+07   -0.25934487E+06   -0.10962143E+03   -0.16723789E+01   -0.87451993E+00   -0.86069378E+03   -0.26262345E+07   -0.78456652E+06   -0.16573931E+03   -0.99905315E+00    0.14146188E+01    0.00000000E+00    0.35940704E+07    0.10752353E+07   -0.24267160E+02    0.45503373E+00   -0.28528634E+01    0.00000000E+00    0.78396592E+06    0.24279268E+06    0.49703179E+02   -0.90891032E+00   -0.16558475E+01
  0.0140   -0.77590889E+06   -0.32402254E+07   -0.29969424E+05   -0.87941995E+02   -0.11147524E+01   -0.10225532E+01   -0.38404909E+03   -0.17501251E+07   -0.44439963E+06   -0.12586398E+03   -0.56589066E+00    0.80127820E+00    0.00000000E+00    0.28051231E+07    0.72037664E+06   -0.15594167E+02    0.32233582E+00   -0.18938598E+01    0.00000000E+00    0.44394354E+06    0.11697621E+06    0.32338605E+02   -0.64366896E+00   -0.10035393E+01
  0.0160   -0.63693613E+06   -0.25454380E+07    0.80114748E+05   -0.71787366E+02   -0.77670270E+00   -0.10231709E+01    0.36856023E+02   -0.12189029E+07   -0.26938010E+06   -0.98502889E+02   -0.34302389E+00    0.48570787E+00    0.00000000E+00    0.22345734E+07    0.50360768E+06   -0.10496039E+02    0.23405248E+00   -0.13152664E+01    0.00000000E+00    0.26902316E+06    0.59022321E+05    0.22125504E+02   -0.46722136E+00   -0.64879999E+00
  0.0180   -0.53131790E+06   -0.20433390E+07    0.13175548E+06   -0.59548052E+02   -0.56103208E+00   -0.96636992E+00    0.26759883E+03   -0.88005179E+06   -0.17369533E+06   -0.79033462E+02   -0.22118060E+00    0.31318270E+00    0.00000000E+00    0.18141544E+07    0.36460545E+06   -0.73230493E+01    0.17400569E+00   -0.94768115E+00    0.00000000E+00    0.17340895E+06    0.30847853E+05    0.15764155E+02   -0.34722210E+00   -0.44212368E+00
  0.0200   -0.44948429E+06   -0.16715209E+07    0.15404182E+06   -0.50105639E+02   -0.41699936E+00   -0.89089981E+00    0.28098448E+03   -0.65391141E+06   -0.11819382E+06   -0.64736498E+02   -0.15050595E+00    0.21311026E+00    0.00000000E+00    0.14980444E+07    0.27144005E+06   -0.52551838E+01    0.13167917E+00   -0.70338989E+00    0.00000000E+00    0.11795924E+06    0.17406750E+05    0.11614310E+02   -0.26264553E+00   -0.31619636E+00
  0.0220   -0.38487768E+06   -0.13901564E+07    0.16121745E+06   -0.42693851E+02   -0.31708081E+00   -0.81305665E+00    0.13750498E+03   -0.49719748E+06   -0.83686615E+05   -0.53949384E+02   -0.10656508E+00    0.15089178E+00    0.00000000E+00    0.12558517E+07    0.20664590E+06   -0.38550006E+01    0.10091428E+00   -0.53481946E+00    0.00000000E+00    0.83491128E+05    0.11532180E+05    0.88009054E+01   -0.20117890E+00   -0.23665696E+00
  0.0240   -0.33298687E+06   -0.11731354E+07    0.16035914E+06   -0.36783895E+02   -0.24578785E+00   -0.73912315E+00   -0.57930037E+02   -0.38548239E+06   -0.60496237E+05   -0.45618944E+02   -0.77034864E-01    0.10907819E+00    0.00000000E+00    0.10670856E+07    0.16033787E+06   -0.28748809E+01    0.78227950E-01   -0.41504191E+00    0.00000000E+00    0.60330937E+05    0.91609091E+04    0.68285576E+01   -0.15585924E+00   -0.18404223E+00
  0.0260   -0.29068992E+06   -0.10027823E+07    0.15506887E+06   -0.32004978E+02   -0.19399201E+00   -0.67105212E+00   -0.20555840E+03   -0.30433191E+06   -0.43872923E+05   -0.39056955E+02   -0.55867029E-01    0.79105393E-01    0.00000000E+00    0.91756888E+06    0.12666125E+06   -0.21679483E+01    0.61566174E-01   -0.32809958E+00    0.00000000E+00    0.43731402E+05    0.78629271E+04    0.54033940E+01   -0.12258079E+00   -0.14677061E+00
  0.0280   -0.25580170E+06   -0.86678456E+06    0.14731717E+06   -0.28091857E+02   -0.15593516E+00   -0.60914761E+00   -0.24842161E+03   -0.24464735E+06   -0.31655707E+05   -0.33800744E+02   -0.40309841E-01    0.57077046E-01    0.00000000E+00    0.79725454E+06    0.10190397E+06   -0.16441581E+01    0.49514075E-01   -0.26398737E+00    0.00000000E+00    0.31533233E+05    0.63921698E+04    0.43452265E+01   -0.98515419E-01   -0.11818055E+00
  0.0300   -0.22675673E+06   -0.75641070E+06    0.13834302E+06   -0.24850798E+02   -0.12766660E+00   -0.55327062E+00   -0.18631248E+03   -0.20022509E+06   -0.22899100E+05   -0.29530454E+02   -0.29159331E-01    0.41288379E-01    0.00000000E+00    0.69892251E+06    0.83506194E+05   -0.12471254E+01    0.40886482E-01   -0.21601532E+00    0.00000000E+00    0.22792100E+05    0.44376717E+04    0.35412033E+01   -0.81294002E-01   -0.94946233E-01
  0.0400   -0.13598187E+06   -0.42467816E+06    0.97808832E+05   -0.14742790E+02   -0.55482826E-01   -0.35638584E+00    0.36668342E+02   -0.86761899E+05   -0.89306665E+04   -0.16776459E+02   -0.11372170E-01    0.16102491E-01    0.00000000E+00    0.39913671E+06    0.36399816E+05   -0.24772296E+00    0.18502301E-01   -0.93479554E-01    0.00000000E+00    0.88698826E+04    0.19374725E+03    0.14999539E+01   -0.36644588E-01   -0.37240640E-01
  0.0500   -0.90169029E+05   -0.27168655E+06    0.70826439E+05   -0.97381831E+01   -0.28549133E-01   -0.24644243E+00   -0.10333352E+02   -0.44582795E+05   -0.23227467E+04   -0.10775141E+02   -0.29577588E-02    0.41880322E-02    0.00000000E+00    0.25808563E+06    0.18793154E+05    0.10018357E+00    0.95448792E-02   -0.48271133E-01    0.00000000E+00    0.22837088E+04    0.14745909E+03    0.77036878E+00   -0.18801585E-01   -0.19255234E-01
  0.0600   -0.64305100E+05   -0.18756200E+06    0.53167751E+05   -0.69085776E+01   -0.16381692E-01   -0.17994909E+00   -0.40536636E+02   -0.25551796E+05   -0.21355749E+04   -0.75066406E+01   -0.27194151E-02    0.38505532E-02    0.00000000E+00    0.17955557E+06    0.10811048E+05    0.24748454E+00    0.53469818E-02   -0.27912559E-01    0.00000000E+00    0.21083802E+04    0.48100492E+03    0.44773645E+00   -0.10453837E-01   -0.11933620E-01
  0.0700   -0.48004855E+05   -0.13771274E+06    0.40729353E+05   -0.51592573E+01   -0.10797592E-01   -0.13609901E+00    0.38301919E+02   -0.16736611E+05   -0.55804994E+03   -0.55192763E+01   -0.71062125E-03    0.10061860E-02    0.00000000E+00    0.13253634E+06    0.71569196E+04    0.32043273E+00    0.38421421E-02   -0.18175692E-01    0.00000000E+00    0.53805615E+03   -0.46090129E+03    0.27788748E+00   -0.74785405E-02   -0.60606053E-02
  0.0800   -0.37267806E+05   -0.10506474E+06    0.32710444E+05   -0.39984165E+01   -0.67930129E-02   -0.10742473E+00   -0.48411585E+02   -0.10558713E+05   -0.53362266E+03   -0.42309225E+01   -0.67951446E-03    0.96214370E-03    0.00000000E+00    0.10155457E+06    0.45183239E+04    0.35417050E+00    0.21267964E-02   -0.11773557E-01    0.00000000E+00    0.51829687E+03    0.50449595E+03    0.18950382E+00   -0.40736619E-02   -0.56257134E-02
  0.0900   -0.29754628E+05   -0.82798749E+05    0.26226695E+05   -0.31947759E+01   -0.52081959E-02   -0.85893052E-01    0.31042745E+02   -0.80092084E+04   -0.44843120E+03   -0.33456512E+01   -0.57103210E-03    0.80853963E-03    0.00000000E+00    0.80299225E+05    0.34796361E+04    0.37503233E+00    0.19276638E-02   -0.87772284E-02    0.00000000E+00    0.43631285E+03   -0.36439836E+03    0.12923129E+00   -0.36954895E-02   -0.25744397E-02
  0.1000   -0.24263829E+05   -0.67095660E+05    0.21933533E+05   -0.26106287E+01   -0.35219775E-02   -0.70999178E-01   -0.24318192E+02   -0.54312195E+04    0.34423768E+02   -0.27093771E+01    0.43827295E-04   -0.62075364E-04    0.00000000E+00    0.65232468E+05    0.23661368E+04    0.38324040E+00    0.11304917E-02   -0.61487865E-02    0.00000000E+00   -0.44236882E+02    0.23348882E+03    0.96148030E-01   -0.21172259E-02   -0.28355403E-02
  0.1100   -0.20231219E+05   -0.55172608E+05    0.18323458E+05   -0.21763453E+01   -0.28012205E-02   -0.59172242E-01    0.48825055E+01   -0.42821257E+04   -0.40494963E+03   -0.22423137E+01   -0.51566255E-03    0.73014074E-03    0.00000000E+00    0.53775124E+05    0.18899440E+04    0.38837925E+00    0.10015135E-02   -0.48127860E-02    0.00000000E+00    0.39682864E+03   -0.67251155E+02    0.70739081E-01   -0.18724300E-02   -0.16655359E-02
  0.1200   -0.17047680E+05   -0.46495085E+05    0.15614226E+05   -0.18430543E+01   -0.21701076E-02   -0.50206340E-01    0.29345814E+01   -0.33028424E+04    0.13476855E+03   -0.18822741E+01    0.17160596E-03   -0.24300142E-03    0.00000000E+00    0.45382019E+05    0.14734049E+04    0.38975297E+00    0.78491835E-03   -0.37479235E-02    0.00000000E+00   -0.14158519E+03   -0.58527193E+02    0.54137584E-01   -0.14502093E-02   -0.12701539E-02
  0.1300   -0.14629978E+05   -0.39419902E+05    0.13547052E+05   -0.15816199E+01   -0.16013532E-02   -0.43278047E-01   -0.15067756E+02   -0.24359348E+04   -0.23387716E+03   -0.16060228E+01   -0.29782050E-03    0.42168858E-03    0.00000000E+00    0.38550434E+05    0.10947454E+04    0.38880540E+00    0.51008544E-03   -0.28578333E-02    0.00000000E+00    0.22806129E+03    0.15359260E+03    0.43257517E-01   -0.90982557E-03   -0.13823440E-02
  0.1400   -0.12642659E+05   -0.34048740E+05    0.11655771E+05   -0.13743253E+01   -0.14715947E-02   -0.37329876E-01    0.16039554E+02   -0.22081435E+04    0.19145818E+02   -0.13839026E+01    0.24374315E-04   -0.34526647E-04    0.00000000E+00    0.33332011E+05    0.10094973E+04    0.38805675E+00    0.59816223E-03   -0.25074956E-02    0.00000000E+00   -0.24157033E+02   -0.19271480E+03    0.32902841E-01   -0.10939387E-02   -0.50106319E-03
  0.1500   -0.11056648E+05   -0.29614347E+05    0.10393608E+05   -0.12047901E+01   -0.10031004E-02   -0.32978412E-01   -0.18329775E+02   -0.15128194E+04   -0.26617454E+02   -0.12059370E+01   -0.33898954E-04    0.47988048E-04    0.00000000E+00    0.29026494E+05    0.69690056E+03    0.38489441E+00    0.29250858E-03   -0.18514643E-02    0.00000000E+00    0.22250917E+02    0.18879145E+03    0.28174701E-01   -0.48952824E-03   -0.10703338E-02
  0.1600   -0.97556961E+04   -0.25970394E+05    0.90664850E+04   -0.10670366E+01   -0.10064970E-02   -0.28898995E-01    0.12369992E+02   -0.14927725E+04   -0.11387560E+03   -0.10605108E+01   -0.14501179E-03    0.20531968E-03    0.00000000E+00    0.25483113E+05    0.69885264E+03    0.38299961E+00    0.42045196E-03   -0.17295263E-02    0.00000000E+00    0.11003585E+03   -0.14510484E+03    0.21609896E-01   -0.75145049E-03   -0.30504415E-03
  0.1700   -0.86453674E+04   -0.23073234E+05    0.81732295E+04   -0.95129701E+00   -0.72696440E-03   -0.25871415E-01   -0.84129474E+01   -0.10791894E+04    0.97243571E+02   -0.93847886E+00    0.12382397E-03   -0.17534006E-03    0.00000000E+00    0.22651813E+05    0.51221327E+03    0.37953506E+00    0.23868215E-03   -0.13371113E-02    0.00000000E+00   -0.10064128E+03    0.80464587E+02    0.18800231E-01   -0.39323545E-03   -0.64077994E-03
  0.1800   -0.77532561E+04   -0.20468335E+05    0.72953340E+04   -0.85468166E+00   -0.66204263E-03   -0.23105701E-01    0.31655549E+00   -0.97261843E+03   -0.15014261E+03   -0.83840366E+00   -0.19119300E-03    0.27071174E-03    0.00000000E+00    0.20119535E+05    0.46793238E+03    0.37667549E+00    0.24990165E-03   -0.11896643E-02    0.00000000E+00    0.14710738E+03   -0.91873496E+01    0.15327294E-01   -0.42040835E-03   -0.39214402E-03
  0.1900   -0.69502547E+04   -0.18458701E+05    0.65610970E+04   -0.77262223E+00   -0.59241430E-03   -0.20777236E-01    0.39553551E+01   -0.86329423E+03    0.94503835E+02   -0.75133628E+00    0.12033583E-03   -0.17039956E-03    0.00000000E+00    0.18146294E+05    0.42118640E+03    0.37364610E+00    0.24236165E-03   -0.10533931E-02    0.00000000E+00   -0.97223694E+02   -0.52888829E+02    0.12682830E-01   -0.40956291E-03   -0.24685359E-03
  0.2000   -0.63016202E+04   -0.16579553E+05    0.60087058E+04   -0.70196132E+00   -0.43078782E-03   -0.18916211E-01   -0.90856492E+01   -0.62577681E+03   -0.83805347E+02   -0.67900024E+00   -0.10671951E-03    0.15110262E-03    0.00000000E+00    0.16316020E+05    0.31235677E+03    0.37014787E+00    0.13012075E-03   -0.83082616E-03    0.00000000E+00    0.81347483E+02    0.94817545E+02    0.11415605E-01   -0.18889254E-03   -0.48059304E-03
  0.2100   -0.57164865E+04   -0.15069746E+05    0.53861358E+04   -0.64181123E+00   -0.48722073E-03   -0.17057345E-01    0.96036451E+01   -0.69868525E+03    0.11049906E+02   -0.61545471E+00    0.14067262E-04   -0.19927112E-04    0.00000000E+00    0.14833874E+05    0.34945080E+03    0.36750513E+00    0.22754057E-03   -0.84752390E-03    0.00000000E+00   -0.13277616E+02   -0.11164462E+03    0.88348161E-02   -0.38718081E-03   -0.43712812E-04
  0.2200   -0.52163585E+04   -0.13728563E+05    0.50132856E+04   -0.58864671E+00   -0.31118756E-03   -0.15734261E-01   -0.98028058E+01   -0.44430129E+03    0.16100284E+02   -0.56076829E+00    0.20498830E-04   -0.29032730E-04    0.00000000E+00    0.13520004E+05    0.23124156E+03    0.36390739E+00    0.85220049E-04   -0.62618077E-03    0.00000000E+00   -0.18129934E+02    0.10247235E+03    0.85251418E-02   -0.10567430E-03   -0.42092435E-03
  0.2300   -0.47874097E+04   -0.12522073E+05    0.45288293E+04   -0.54304305E+00   -0.36984490E-03   -0.14302517E-01    0.63990031E+01   -0.52266979E+03   -0.68353377E+02   -0.51351908E+00   -0.87043053E-04    0.12324202E-03    0.00000000E+00    0.12340347E+05    0.26959043E+03    0.36128437E+00    0.17180352E-03   -0.65757530E-03    0.00000000E+00    0.66494845E+02   -0.73796742E+02    0.65955318E-02   -0.28170358E-03   -0.54672323E-04
  0.2400   -0.43889591E+04   -0.11555003E+05    0.42148770E+04   -0.50233876E+00   -0.27136467E-03   -0.13238181E-01   -0.34046033E+01   -0.38003415E+03    0.73058495E+02   -0.47092672E+00    0.93028724E-04   -0.13173136E-03    0.00000000E+00    0.11385710E+05    0.20333414E+03    0.35805630E+00    0.97212396E-04   -0.52833291E-03    0.00000000E+00   -0.74762774E+02    0.32429666E+02    0.61779123E-02   -0.13514484E-03   -0.23491276E-03
  0.2500   -0.40648104E+04   -0.10582219E+05    0.38857983E+04   -0.46664434E+00   -0.25348165E-03   -0.12207908E-01   -0.11124625E+01   -0.35170343E+03   -0.84712763E+02   -0.43480938E+00   -0.10787481E-03    0.15273893E-03    0.00000000E+00    0.10437284E+05    0.19055056E+03    0.35519775E+00    0.99022098E-04   -0.48719529E-03    0.00000000E+00    0.83139277E+02    0.10013321E+02    0.52988901E-02   -0.14117771E-03   -0.17198310E-03
  0.2600   -0.37485279E+04   -0.98399743E+04    0.35773785E+04   -0.43503175E+00   -0.25926365E-03   -0.11264854E-01    0.38777973E+01   -0.35767996E+03    0.57791746E+02   -0.40130915E+00    0.73588066E-04   -0.10420478E-03    0.00000000E+00    0.97020066E+04    0.19392224E+03    0.35249010E+00    0.12209335E-03   -0.47449680E-03    0.00000000E+00   -0.59243914E+02   -0.46470139E+02    0.43742401E-02   -0.18954703E-03   -0.46584432E-04
  0.2700   -0.34888057E+04   -0.90839070E+04    0.33725605E+04   -0.40644239E+00   -0.17012931E-03   -0.10545610E-01   -0.63947078E+01   -0.22970056E+03   -0.38399229E+02   -0.37261899E+00   -0.48899516E-04    0.69233412E-04    0.00000000E+00    0.89631257E+04    0.13370213E+03    0.34944768E+00    0.47397860E-04   -0.36392873E-03    0.00000000E+00    0.37050953E+02    0.68224896E+02    0.43561711E-02   -0.42218854E-04   -0.25210866E-03
  0.2800   -0.32434752E+04   -0.84602340E+04    0.30827848E+04   -0.38141103E+00   -0.23273853E-03   -0.97167415E-02    0.65498252E+01   -0.31670291E+03   -0.15275370E+01   -0.34630887E+00   -0.19475536E-05    0.27518224E-05    0.00000000E+00    0.83480714E+04    0.17493746E+03    0.34708368E+00    0.12266241E-03   -0.41552221E-03    0.00000000E+00    0.27453356E+00   -0.74318005E+02    0.32013479E-02   -0.19466318E-03    0.33971714E-04
  0.2900   -0.30237880E+04   -0.78968005E+04    0.29364169E+04   -0.35827304E+00   -0.13590854E-03   -0.91696193E-02   -0.59424025E+01   -0.17861385E+03    0.24480133E+02   -0.32270765E+00    0.31170110E-04   -0.44141553E-04    0.00000000E+00    0.77927839E+04    0.10975667E+03    0.34412764E+00    0.36793130E-04   -0.30086671E-03    0.00000000E+00   -0.25647676E+02    0.63085512E+02    0.34354413E-02   -0.24706946E-04   -0.21878575E-03
  0.3000   -0.28350966E+04   -0.73471815E+04    0.27054476E+04   -0.33792806E+00   -0.18100247E-03   -0.85041501E-02    0.35985434E+01   -0.24129286E+03   -0.51012974E+02   -0.30194176E+00   -0.64961407E-04    0.91976953E-04    0.00000000E+00    0.72549805E+04    0.13924027E+03    0.34180893E+00    0.91281364E-04   -0.33708300E-03    0.00000000E+00    0.49920622E+02   -0.40674247E+02    0.25859767E-02   -0.13534736E-03   -0.10215478E-04
  0.3100   -0.26469214E+04   -0.69237528E+04    0.25589394E+04   -0.31915920E+00   -0.13783591E-03   -0.80102597E-02   -0.11635374E+01   -0.17956151E+03    0.54553452E+02   -0.28224770E+00    0.69464992E-04   -0.98365436E-04    0.00000000E+00    0.68335251E+04    0.10999999E+03    0.33919025E+00    0.56599017E-04   -0.28180938E-03    0.00000000E+00   -0.55574494E+02    0.10717324E+02    0.25151441E-02   -0.67539309E-04   -0.10051051E-03
  0.3200   -0.24963971E+04   -0.64523954E+04    0.24081622E+04   -0.30220233E+00   -0.12228614E-03   -0.75308529E-02   -0.16606608E+01   -0.15685628E+03   -0.54734329E+02   -0.26543668E+00   -0.69699731E-04    0.98687155E-04    0.00000000E+00    0.63740165E+04    0.99023960E+02    0.33674003E+00    0.48208285E-04   -0.25643300E-03    0.00000000E+00    0.53774152E+02    0.17663057E+02    0.22749278E-02   -0.52216656E-04   -0.10655599E-03
  0.3300   -0.23401367E+04   -0.61041471E+04    0.22427595E+04   -0.28690380E+00   -0.14566046E-03   -0.70453758E-02    0.35865289E+01   -0.18946442E+03    0.35723823E+02   -0.24914326E+00    0.45487608E-04   -0.64414594E-04    0.00000000E+00    0.60268621E+04    0.11422670E+03    0.33450687E+00    0.78168452E-04   -0.27324315E-03    0.00000000E+00   -0.36625006E+02   -0.40853917E+02    0.17578973E-02   -0.11350689E-03    0.12177743E-04
  0.3400   -0.22110446E+04   -0.57283758E+04    0.21545650E+04   -0.27257894E+00   -0.82634461E-04   -0.67110246E-02   -0.48066300E+01   -0.99944424E+02   -0.17495278E+02   -0.23497097E+00   -0.22280414E-04    0.31542760E-04    0.00000000E+00    0.56589135E+04    0.71654580E+02    0.33197483E+00    0.20791957E-04   -0.19964907E-03    0.00000000E+00    0.16645403E+02    0.52238489E+02    0.19866103E-02   -0.44351089E-07   -0.16075294E-03
  0.3600   -0.19702195E+04   -0.51271428E+04    0.19236031E+04   -0.24781514E+00   -0.73641626E-04   -0.59914914E-02   -0.37690120E+01   -0.86748863E+02    0.25885036E+02   -0.20937613E+00    0.32959561E-04   -0.46674203E-04    0.00000000E+00    0.50641379E+04    0.64831064E+02    0.32754836E+00    0.21480575E-04   -0.17796831E-03    0.00000000E+00   -0.26642248E+02    0.40715338E+02    0.15796809E-02   -0.37851288E-05   -0.12904343E-03
  0.3700   -0.18725811E+04   -0.48260963E+04    0.17965670E+04   -0.23703796E+00   -0.10350162E-03   -0.56305323E-02    0.20208222E+01   -0.12875845E+03   -0.40809136E+02   -0.19855253E+00   -0.51967827E-04    0.73579037E-04    0.00000000E+00    0.47700648E+04    0.84312150E+02    0.32555061E+00    0.55317815E-04   -0.20406347E-03    0.00000000E+00    0.40091107E+02   -0.22171718E+02    0.11357282E-02   -0.72545807E-04   -0.43358456E-05
  0.3800   -0.17681612E+04   -0.46095876E+04    0.17136768E+04   -0.22690663E+00   -0.85049902E-04   -0.53570741E-02    0.18536087E-01   -0.10263341E+03    0.41502652E+02   -0.18782414E+00    0.52846726E-04   -0.74833698E-04    0.00000000E+00    0.45528061E+04    0.71673376E+02    0.32340515E+00    0.40612209E-04   -0.17988664E-03    0.00000000E+00   -0.42181843E+02   -0.79952028E+00    0.11051980E-02   -0.44163457E-04   -0.41703781E-04
  0.3900   -0.16870823E+04   -0.43437735E+04    0.16375504E+04   -0.21753575E+00   -0.67292418E-04   -0.51051181E-02   -0.18586345E+01   -0.77428983E+02   -0.37217456E+02   -0.17871467E+00   -0.47393851E-04    0.67103424E-04    0.00000000E+00    0.42939869E+04    0.59395900E+02    0.32130801E+00    0.26042737E-04   -0.15668519E-03    0.00000000E+00    0.36571240E+02    0.20711949E+02    0.10899878E-02   -0.16000779E-04   -0.79719851E-04
  0.4000   -0.15987084E+04   -0.41537751E+04    0.15340264E+04   -0.20903479E+00   -0.95070860E-04   -0.48144111E-02    0.32466603E+01   -0.11671919E+03    0.21716254E+02   -0.16959489E+00    0.27651144E-04   -0.39157612E-04    0.00000000E+00    0.41037650E+04    0.77628357E+02    0.31944271E+00    0.56851299E-04   -0.18196769E-03    0.00000000E+00   -0.22329457E+02   -0.35869940E+02    0.71739557E-03   -0.78545129E-04    0.31806594E-04
  0.4100   -0.15250034E+04   -0.39424281E+04    0.14937069E+04   -0.20083867E+00   -0.46093557E-04   -0.46413934E-02   -0.37183970E+01   -0.47489671E+02   -0.59375998E+01   -0.16156145E+00   -0.75625980E-05    0.10704072E-04    0.00000000E+00    0.38963935E+04    0.44578787E+02    0.31730692E+00    0.10523590E-04   -0.12662038E-03    0.00000000E+00    0.53534755E+01    0.41103457E+02    0.98694412E-03    0.13228798E-04   -0.11322353E-03
  0.4200   -0.14544733E+04   -0.37540938E+04    0.13909633E+04   -0.19357417E+00   -0.88010977E-04   -0.43672264E-02    0.35161274E+01   -0.10678337E+03   -0.12963346E+02   -0.15399844E+00   -0.16508905E-04    0.23372053E-04    0.00000000E+00    0.37106655E+04    0.72230880E+02    0.31558408E+00    0.54864381E-04   -0.16734960E-03    0.00000000E+00    0.12406597E+02   -0.38319056E+02    0.52686073E-03   -0.76292873E-04    0.41593408E-04
  0.4300   -0.13844119E+04   -0.35975905E+04    0.13551178E+04   -0.18647996E+00   -0.46822093E-04   -0.42157609E-02   -0.23836925E+01   -0.48652751E+02    0.25073692E+02   -0.14672457E+00    0.31926552E-04   -0.45211161E-04    0.00000000E+00    0.35544378E+04    0.44450800E+02    0.31356265E+00    0.15927882E-04   -0.12082234E-03    0.00000000E+00   -0.25604112E+02    0.26353712E+02    0.75577842E-03    0.77954932E-06   -0.80296067E-04
  0.4400   -0.13283680E+04   -0.34117797E+04    0.12794865E+04   -0.18009152E+00   -0.64935519E-04   -0.40011990E-02    0.10368001E+01   -0.74310467E+02   -0.33470007E+02   -0.14042994E+00   -0.42621867E-04    0.60346604E-04    0.00000000E+00    0.33734845E+04    0.56205566E+02    0.31182147E+00    0.35994101E-04   -0.13691896E-03    0.00000000E+00    0.32962368E+02   -0.10701952E+02    0.51181480E-03   -0.40116745E-04   -0.71928294E-05
  0.4500   -0.12640148E+04   -0.32892028E+04    0.12252560E+04   -0.17403198E+00   -0.59821112E-04   -0.38292477E-02    0.69413318E+00   -0.67221573E+02    0.31848883E+02   -0.13392635E+00    0.40554433E-04   -0.57426748E-04    0.00000000E+00    0.32494500E+04    0.52545489E+02    0.31002371E+00    0.32786797E-04   -0.12886625E-03    0.00000000E+00   -0.32332981E+02   -0.73790718E+01    0.46468470E-03   -0.34433128E-04   -0.11731855E-04
  0.4600   -0.12156555E+04   -0.31241448E+04    0.11855152E+04   -0.16830051E+00   -0.40269808E-04   -0.36874362E-02   -0.18868405E+01   -0.39669976E+02   -0.25585903E+02   -0.12845823E+00   -0.32582242E-04    0.46131256E-04    0.00000000E+00    0.30889538E+04    0.39183409E+02    0.30820236E+00    0.14861659E-04   -0.10568375E-03    0.00000000E+00    0.25121593E+02    0.21543593E+02    0.54483588E-03    0.71944513E-06   -0.65558129E-04
  0.4700   -0.11611036E+04   -0.30085485E+04    0.11137624E+04   -0.16311790E+00   -0.68200539E-04   -0.34946239E-02    0.29012585E+01   -0.79299008E+02    0.12285126E+02   -0.12285916E+00    0.15642154E-04   -0.22152300E-04    0.00000000E+00    0.29729727E+04    0.57584573E+02    0.30661019E+00    0.44372880E-04   -0.13278261E-03    0.00000000E+00   -0.12729170E+02   -0.31349471E+02    0.24324520E-03   -0.58972146E-04    0.37472623E-04
  0.4800   -0.11146542E+04   -0.28801474E+04    0.10954228E+04   -0.15798588E+00   -0.28731665E-04   -0.33987344E-02   -0.29015579E+01   -0.23638612E+02    0.10508242E+01   -0.11784897E+00    0.13367446E-05   -0.18960532E-05    0.00000000E+00    0.28466120E+04    0.30976025E+02    0.30477620E+00    0.63114708E-05   -0.88984416E-04    0.00000000E+00   -0.14767374E+01    0.32636730E+02    0.49875971E-03    0.16510733E-04   -0.83894214E-04
  0.4900   -0.10714711E+04   -0.27572892E+04    0.10260106E+04   -0.15344864E+00   -0.61579285E-04   -0.32180393E-02    0.26263775E+01   -0.70205161E+02   -0.15004859E+02   -0.11317136E+00   -0.19108375E-04    0.27053176E-04    0.00000000E+00    0.27258494E+04    0.52646601E+02    0.30326972E+00    0.40448189E-04   -0.12151593E-03    0.00000000E+00    0.14595873E+02   -0.27991068E+02    0.16965417E-03   -0.52377323E-04    0.33735521E-04
  0.5000   -0.10255522E+04   -0.26643854E+04    0.10045276E+04   -0.14893984E+00   -0.33739556E-04   -0.31241087E-02   -0.14309008E+01   -0.31021513E+02    0.23366611E+02   -0.10849329E+00    0.29752974E-04   -0.42133004E-04    0.00000000E+00    0.26322986E+04    0.33847168E+02    0.30154712E+00    0.13846918E-04   -0.90281868E-04    0.00000000E+00   -0.23758666E+02    0.16421451E+02    0.34042193E-03    0.23561669E-06   -0.50283995E-04
  0.5500   -0.84990199E+03   -0.21972778E+04    0.83689579E+03   -0.13036767E+00   -0.19824598E-04   -0.25944844E-02   -0.22520417E+01   -0.12138522E+02    0.54379390E+01   -0.89735583E-01    0.69234913E-05   -0.98060023E-05    0.00000000E+00    0.21711910E+04    0.23478700E+02    0.29387701E+00    0.47036991E-05   -0.67527115E-04    0.00000000E+00   -0.57621206E+01    0.25837335E+02    0.23467964E-03    0.15895123E-04   -0.63591889E-04
  0.6000   -0.71635030E+03   -0.18408588E+04    0.70334439E+03   -0.11625764E+00   -0.17105827E-04   -0.21809027E-02   -0.17007991E+01   -0.91037015E+01   -0.11036701E+02   -0.75483202E-01   -0.14055220E-04    0.19898531E-04    0.00000000E+00    0.18193322E+04    0.20751572E+02    0.28689119E+00    0.52984429E-05   -0.58542524E-04    0.00000000E+00    0.10764084E+02    0.20066086E+02    0.10934530E-03    0.12517408E-04   -0.49214704E-04
  0.6500   -0.61172229E+03   -0.15657914E+04    0.59472953E+03   -0.10529227E+00   -0.21103929E-04   -0.18507537E-02   -0.35152275E+00   -0.15541592E+02   -0.18463159E+02   -0.64363240E-01   -0.23511837E-04    0.33288967E-04    0.00000000E+00    0.15474624E+04    0.22644087E+02    0.28047702E+00    0.11674874E-04   -0.57988302E-04    0.00000000E+00    0.18230767E+02    0.54083841E+01   -0.25250276E-04   -0.20863463E-05   -0.18724916E-04
  0.7000   -0.52768383E+03   -0.13514338E+04    0.50711862E+03   -0.96593789E-01   -0.26085456E-04   -0.15862055E-02    0.97597149E+00   -0.23327501E+02   -0.15162086E+02   -0.55491959E-01   -0.19308136E-04    0.27337114E-04    0.00000000E+00    0.13351396E+04    0.25302801E+02    0.27453525E+00    0.18411375E-04   -0.59431179E-04    0.00000000E+00    0.14961781E+02   -0.91005417E+01   -0.13792975E-03   -0.17144599E-04    0.10852672E-04
  0.7500   -0.45905993E+03   -0.11817121E+04    0.43823276E+03   -0.89563611E-01   -0.27627977E-04   -0.13758248E-02    0.16402383E+01   -0.26201214E+02   -0.48948797E+01   -0.48295429E-01   -0.62339918E-05    0.88248126E-05    0.00000000E+00    0.11666597E+04    0.25753736E+02    0.26898624E+00    0.21277821E-04   -0.57952006E-04    0.00000000E+00    0.47206001E+01   -0.16366653E+02   -0.20227087E-03   -0.24251166E-04    0.26099863E-04
  0.8000   -0.40260797E+03   -0.10438185E+04    0.38529368E+03   -0.83789951E-01   -0.24231111E-04   -0.12095641E-02    0.14416272E+01   -0.22039156E+02    0.59487688E+01   -0.42392826E-01    0.75742290E-05   -0.10726802E-04    0.00000000E+00    0.10296538E+04    0.22977694E+02    0.26377335E+00    0.18896725E-04   -0.51792774E-04    0.00000000E+00   -0.61017051E+01   -0.14153863E+02   -0.21219694E-03   -0.20690257E-04    0.22853256E-04
  0.8500   -0.35609817E+03   -0.92820088E+03    0.34441216E+03   -0.78988454E-01   -0.17368842E-04   -0.10769322E-02    0.63593443E+00   -0.12925412E+02    0.11856813E+02   -0.37516844E-01    0.15097400E-04   -0.21379375E-04    0.00000000E+00    0.91492516E+03    0.17944893E+02    0.25886077E+00    0.12824274E-04   -0.42382116E-04    0.00000000E+00   -0.11992121E+02   -0.52495075E+01   -0.18381912E-03   -0.96045259E-05    0.65452695E-05
  0.9000   -0.31771005E+03   -0.82868791E+03    0.31120301E+03   -0.74959667E-01   -0.10185439E-04   -0.96758287E-03   -0.26687654E+00   -0.33081245E+01    0.10688931E+02   -0.33462488E-01    0.13610408E-04   -0.19273450E-04    0.00000000E+00    0.81646472E+03    0.12744617E+02    0.25422632E+00    0.62624574E-05   -0.32945595E-04    0.00000000E+00   -0.10809583E+02    0.47436109E+01   -0.14560140E-03    0.25775909E-05   -0.12015844E-04
  0.9500   -0.28575623E+03   -0.74209643E+03    0.28194085E+03   -0.71557563E-01   -0.56388379E-05   -0.87301298E-03   -0.79177903E+00    0.26267620E+01    0.41640873E+01   -0.30060050E-01    0.53018083E-05   -0.75087569E-05    0.00000000E+00    0.73104304E+03    0.93446877E+01    0.24985255E+00    0.22114977E-05   -0.26536875E-04    0.00000000E+00   -0.42724422E+01    0.10590797E+02   -0.12362632E-03    0.98373818E-05   -0.22744572E-04
  1.0000   -0.25867655E+03   -0.66722253E+03    0.25449936E+03   -0.68667781E-01   -0.50381598E-05   -0.78799022E-03   -0.72623657E+00    0.30236284E+01   -0.35834807E+01   -0.27166417E-01   -0.45639440E-05    0.64604198E-05    0.00000000E+00    0.65727956E+03    0.86141987E+01    0.24571967E+00    0.20118241E-05   -0.24489242E-04    0.00000000E+00    0.34855821E+01    0.99379010E+01   -0.12995245E-03    0.94796073E-05   -0.21093750E-04
  1.1000   -0.21436256E+03   -0.55020477E+03    0.20510770E+03   -0.64059204E-01   -0.11160563E-04   -0.64216212E-03    0.48674665E+00   -0.64353516E+01   -0.82295368E+01   -0.22477282E-01   -0.10480007E-04    0.14837670E-04    0.00000000E+00    0.54166826E+03    0.12133648E+02    0.23807485E+00    0.87390998E-05   -0.28589343E-04    0.00000000E+00    0.81485796E+01   -0.33278370E+01   -0.19441781E-03   -0.52823830E-05    0.49555082E-05
  1.2000   -0.17925234E+03   -0.46702392E+03    0.16971266E+03   -0.60548878E-01   -0.12885211E-04   -0.53499603E-03    0.94398687E+00   -0.95653822E+01    0.20795675E+01   -0.18838830E-01    0.26475801E-05   -0.37500848E-05    0.00000000E+00    0.45888889E+03    0.12814759E+02    0.23108771E+00    0.10890805E-04   -0.28533034E-04    0.00000000E+00   -0.21473822E+01   -0.83424365E+01   -0.21615259E-03   -0.10673735E-04    0.14991272E-04
  1.3000   -0.15227523E+03   -0.40071425E+03    0.14806019E+03   -0.57791686E-01   -0.63155775E-05   -0.46181388E-03    0.58006604E-01   -0.87554608E+00    0.65244958E+01   -0.16025831E-01    0.83075571E-05   -0.11764663E-04    0.00000000E+00    0.39309516E+03    0.80301262E+01    0.22463518E+00    0.46267585E-05   -0.20077444E-04    0.00000000E+00   -0.65821527E+01    0.14294825E+01   -0.16606030E-03    0.93418517E-06   -0.34635321E-05
  1.4000   -0.13198396E+03   -0.34328017E+03    0.12957595E+03   -0.55617875E-01   -0.28426581E-05   -0.40147531E-03   -0.36903898E+00    0.35161879E+01   -0.11908900E+01   -0.13852226E-01   -0.15168632E-05    0.21468387E-05    0.00000000E+00    0.33665058E+03    0.53672757E+01    0.21868012E+00    0.13757729E-05   -0.15136329E-04    0.00000000E+00    0.11410788E+01    0.61781775E+01   -0.13870794E-03    0.66483759E-05   -0.12358417E-04
  1.5000   -0.11540190E+03   -0.29777912E+03    0.10980734E+03   -0.53897311E-01   -0.65462634E-05   -0.34436198E-03    0.30853219E+00   -0.21734979E+01   -0.53760953E+01   -0.12088088E-01   -0.68463362E-05    0.96928990E-05    0.00000000E+00    0.29186006E+03    0.75415846E+01    0.21317274E+00    0.52477020E-05   -0.17953531E-04    0.00000000E+00    0.53326500E+01   -0.12412936E+01   -0.16843490E-03   -0.17774936E-05    0.20412718E-05
  1.6000   -0.10089248E+03   -0.26448302E+03    0.94327375E+02   -0.52491634E-01   -0.86380428E-05   -0.29883056E-03    0.71501555E+00   -0.55333683E+01    0.54896559E+00   -0.10595668E-01    0.69853458E-06   -0.99032518E-06    0.00000000E+00    0.25869317E+03    0.86791182E+01    0.20802347E+00    0.74719514E-05   -0.19228836E-04    0.00000000E+00   -0.58702611E+00   -0.57070440E+01   -0.18411895E-03   -0.68224727E-05    0.10734907E-04
  2.0000   -0.64592192E+02   -0.17039557E+03    0.59606148E+02   -0.48835967E-01   -0.64229274E-05   -0.18979767E-03    0.58229318E+00   -0.36282386E+01   -0.19450635E+00   -0.67804336E-02   -0.24796787E-06    0.35041926E-06    0.00000000E+00    0.16585403E+03    0.64233716E+01    0.19025282E+00    0.55609432E-05   -0.14200175E-04    0.00000000E+00    0.17020087E+00   -0.41935666E+01   -0.15675171E-03   -0.47853064E-05    0.81159501E-05
  2.5000   -0.41043884E+02   -0.11125374E+03    0.38400751E+02   -0.46574996E-01   -0.36498109E-05   -0.12178742E-03    0.29834397E+00   -0.70729525E+00    0.24350050E+01   -0.43225627E-02    0.31004877E-05   -0.43906594E-05    0.00000000E+00    0.10748693E+03    0.39558581E+01    0.17261773E+00    0.29521318E-05   -0.92178287E-05    0.00000000E+00   -0.24504604E+01   -0.10406327E+01   -0.12190119E-03   -0.98932030E-06    0.22121239E-05
  3.0000   -0.28553765E+02   -0.77698468E+02    0.27324498E+02   -0.45419904E-01   -0.15609761E-05   -0.85623158E-04    0.63515073E-01    0.15728871E+01    0.87194723E+00   -0.30029989E-02    0.11100073E-05   -0.15724861E-05    0.00000000E+00    0.74588864E+02    0.21545269E+01    0.15833926E+00    0.94146458E-06   -0.56868084E-05    0.00000000E+00   -0.88265841E+00    0.15629870E+01   -0.94641959E-04    0.20889238E-05   -0.27195121E-05
  4.0000   -0.16171948E+02   -0.43988393E+02    0.14102423E+02   -0.44437035E-01   -0.24662901E-05   -0.45851549E-04    0.31471086E+00   -0.55368902E+00   -0.97108474E+00   -0.16924902E-02   -0.12367216E-05    0.17507625E-05    0.00000000E+00    0.41671755E+02    0.22588561E+01    0.13613069E+00    0.19191949E-05   -0.50300408E-05    0.00000000E+00    0.96507536E+00   -0.11809512E+01   -0.87155564E-04   -0.10366532E-05    0.25964723E-05
  5.0000   -0.10180760E+02   -0.29374562E+02    0.90823485E+01   -0.44123219E-01   -0.14285870E-05   -0.29369888E-04    0.21368783E+00    0.40218442E+00    0.86241933E+00   -0.10720020E-02    0.10981155E-05   -0.15550659E-05    0.00000000E+00    0.27377566E+02    0.12741671E+01    0.11922279E+00    0.91648956E-06   -0.30034092E-05    0.00000000E+00   -0.86620834E+00   -0.63927357E-01   -0.68646245E-04    0.27420322E-06    0.47087190E-06
  6.0000   -0.71842973E+01   -0.20277565E+02    0.60736997E+01   -0.44063204E-01   -0.12529197E-05   -0.19938293E-04    0.22640706E+00    0.30891452E+00   -0.67157701E+00   -0.74814123E-03   -0.85529665E-06    0.12107698E-05    0.00000000E+00    0.18628406E+02    0.96754190E+00    0.10567678E+00    0.76246692E-06   -0.22141178E-05    0.00000000E+00    0.66894264E+00   -0.19981716E+00   -0.60005531E-04    0.12458744E-06    0.73931295E-06
  7.0000   -0.51757415E+01   -0.15612534E+02    0.41291470E+01   -0.44109220E-01   -0.13285208E-05   -0.14031594E-04    0.26645714E+00   -0.42559456E-01    0.45232024E+00   -0.54224704E-03    0.57585022E-06   -0.81568590E-06    0.00000000E+00    0.14099668E+02    0.88685385E+00    0.94449107E-01    0.85401545E-06   -0.18743373E-05    0.00000000E+00   -0.45422169E+00   -0.64020542E+00   -0.55191406E-04   -0.38170082E-06    0.15878528E-05
  8.0000   -0.40163364E+01   -0.11947087E+02    0.33224537E+01   -0.44197718E-01   -0.77169562E-06   -0.10993025E-04    0.19990304E+00    0.56079351E+00   -0.24068757E+00   -0.41603291E-03   -0.30659703E-06    0.43386387E-06    0.00000000E+00    0.10612802E+02    0.41982135E+00    0.84914439E-01    0.30984069E-06   -0.98171454E-06    0.00000000E+00    0.23923352E+00    0.91734679E-01   -0.46384749E-04    0.46734528E-06    0.18512904E-06
  9.0000   -0.31452677E+01   -0.97400932E+01    0.22140460E+01   -0.44306999E-01   -0.11374682E-05   -0.79488481E-05    0.27338572E+00   -0.99496397E-01    0.57790759E-01   -0.32550078E-03    0.73543940E-07   -0.10424587E-06    0.00000000E+00    0.85025666E+01    0.59234596E+00    0.76677929E-01    0.68635941E-06   -0.11359575E-05    0.00000000E+00   -0.58924470E-01   -0.71816078E+00   -0.45925017E-04   -0.46951258E-06    0.17398660E-05
 10.0000   -0.25419405E+01   -0.80644958E+01    0.19988240E+01   -0.44415425E-01   -0.62721440E-06   -0.67764768E-05    0.20593520E+00    0.50693521E+00    0.82007466E-01   -0.26174624E-03    0.10430666E-06   -0.14798440E-06    0.00000000E+00    0.69150809E+01    0.19646073E+00    0.69458205E-01    0.18552352E-06   -0.41887617E-06    0.00000000E+00   -0.82916276E-01    0.21685613E-01   -0.38909506E-04    0.38699531E-06    0.32028082E-06
 12.0000   -0.17469441E+01   -0.58939507E+01    0.12246780E+01   -0.44617101E-01   -0.62879258E-06   -0.43964412E-05    0.22488807E+00    0.33168399E+00    0.21502302E+00   -0.17820471E-03    0.27377649E-06   -0.38772897E-06    0.00000000E+00    0.48718313E+01    0.11928207E+00    0.57353086E-01    0.20335445E-06   -0.16360970E-06    0.00000000E+00   -0.21563816E+00   -0.19270668E+00   -0.34451666E-04    0.13802628E-06    0.73087683E-06
 16.0000   -0.98626323E+00   -0.35503628E+01    0.45617537E+00   -0.44872892E-01   -0.63764979E-06   -0.20410460E-05    0.24864006E+00    0.10062616E+00    0.56392523E-01   -0.96732528E-04    0.71763457E-07   -0.10172476E-06    0.00000000E+00    0.27040952E+01    0.39721968E-01    0.39442649E-01    0.23861255E-06    0.11641029E-06    0.00000000E+00   -0.56723529E-01   -0.47075778E+00   -0.28505547E-04   -0.18785718E-06    0.12604009E-05
 20.0000   -0.64206256E+00   -0.23832036E+01    0.23379084E+00   -0.44901217E-01   -0.46929783E-06   -0.11885414E-05    0.23435828E+00    0.20457075E+00   -0.10938433E+00   -0.59562660E-04   -0.13935187E-06    0.19716248E-06    0.00000000E+00    0.16467747E+01   -0.11222320E+00    0.26790723E-01    0.92156354E-07    0.43740432E-06    0.00000000E+00    0.10918174E+00   -0.33615995E+00   -0.23186694E-04   -0.37656577E-07    0.99651938E-06
 25.0000   -0.39924933E+00   -0.16865765E+01    0.47610748E-01   -0.44632315E-01   -0.42491405E-06   -0.57138567E-06    0.23537460E+00    0.15620553E+00   -0.21146437E-01   -0.34799708E-04   -0.26924240E-07    0.38131508E-07    0.00000000E+00    0.10280093E+01   -0.16138834E+00    0.15487937E-01    0.71608532E-07    0.56811010E-06    0.00000000E+00    0.21028687E-01   -0.38280351E+00   -0.19401479E-04   -0.10075495E-06    0.10769171E-05
 30.0000   -0.26198979E+00   -0.12941354E+01   -0.14116833E-01   -0.44059232E-01   -0.35083264E-06   -0.30740305E-06    0.22713537E+00    0.18259054E+00    0.44453532E-01   -0.21271457E-04    0.56618059E-07   -0.80140569E-07    0.00000000E+00    0.68818014E+00   -0.21301122E+00    0.74535037E-02    0.19029902E-07    0.67434615E-06    0.00000000E+00   -0.44525180E-01   -0.33521936E+00   -0.16317882E-04   -0.56730632E-07    0.97455166E-06
 40.0000   -0.12689157E+00   -0.82854789E+00   -0.35814860E-01   -0.42145228E-01   -0.22790109E-06   -0.11771882E-06    0.20672751E+00    0.24721679E+00    0.10876873E-01   -0.83319894E-05    0.13850465E-07   -0.19611584E-07    0.00000000E+00    0.29683552E+00   -0.27342433E+00   -0.25549319E-02   -0.64832710E-07    0.77634087E-06    0.00000000E+00   -0.10904951E-01   -0.21789303E+00   -0.11850026E-04    0.51540581E-07    0.72187545E-06
 50.0000   -0.58381197E-01   -0.57646286E+00   -0.75449180E-01   -0.39411255E-01   -0.21296567E-06    0.19149213E-07    0.19688118E+00    0.18883248E+00   -0.30018348E-01   -0.24658291E-05   -0.38255230E-07    0.54094419E-07    0.00000000E+00    0.94019311E-01   -0.24360117E+00   -0.76123122E-02   -0.43421610E-07    0.70600281E-06    0.00000000E+00    0.30009935E-01   -0.24188048E+00   -0.92957139E-05   -0.10287786E-07    0.73384302E-06
 60.0000   -0.83552339E-02   -0.45286205E+00   -0.80954782E-01   -0.36061031E-01   -0.18422902E-06    0.64823519E-07    0.18078581E+00    0.16331141E+00    0.17493647E-01    0.10659733E-05    0.22299826E-07   -0.31518332E-07    0.00000000E+00    0.38335381E-02   -0.21304651E+00   -0.96742371E-02   -0.37212899E-07    0.61821193E-06    0.00000000E+00   -0.17490067E-01   -0.21816804E+00   -0.71479503E-05   -0.22298223E-07    0.64888270E-06
 70.0000    0.21128886E-01   -0.34989344E+00   -0.57983624E-01   -0.32270112E-01   -0.13183255E-06    0.46550597E-07    0.15818603E+00    0.17817310E+00    0.53697167E-02    0.29205684E-05    0.68377157E-08   -0.96818961E-08    0.00000000E+00   -0.67844258E-01   -0.19225514E+00   -0.98001563E-02   -0.55585961E-07    0.53587547E-06    0.00000000E+00   -0.53598256E-02   -0.13924744E+00   -0.51000312E-05    0.25416947E-07    0.45380335E-06
 80.0000    0.40084336E-01   -0.26882323E+00   -0.61887189E-01   -0.28197704E-01   -0.12287002E-06    0.67522214E-07    0.14055505E+00    0.13589544E+00   -0.17402045E-01    0.39365781E-05   -0.22161971E-07    0.31374377E-07    0.00000000E+00   -0.11880035E+00   -0.13898781E+00   -0.86452630E-02   -0.31407448E-07    0.39618023E-06    0.00000000E+00    0.17415480E-01   -0.12616309E+00   -0.35921402E-05   -0.59409649E-08    0.38219222E-06
 90.0000    0.57114849E-01   -0.22639957E+00   -0.56304938E-01   -0.23991943E-01   -0.10535695E-06    0.67861823E-07    0.12051223E+00    0.10901659E+00    0.11514920E-01    0.47104946E-05    0.14675948E-07   -0.20749015E-07    0.00000000E+00   -0.13340007E+00   -0.90026660E-01   -0.66582196E-02   -0.16894161E-07    0.26006747E-06    0.00000000E+00   -0.11498775E-01   -0.92227390E-01   -0.21479937E-05   -0.14641604E-07    0.26909044E-06
100.0000    0.64669509E-01   -0.17975949E+00   -0.34872298E-01   -0.19793005E-01   -0.69102264E-07    0.38180272E-07    0.97174144E-01    0.11179307E+00    0.39289008E-02    0.49229243E-05    0.49949166E-08   -0.70921115E-08    0.00000000E+00   -0.14887638E+00   -0.54030321E-01   -0.41705170E-02   -0.22598439E-07    0.14362261E-06    0.00000000E+00   -0.39119462E-02   -0.22045654E-01   -0.66411699E-06    0.18593653E-07    0.86415788E-07
110.0000    0.66171720E-01   -0.13679694E+00   -0.34860163E-01   -0.15733457E-01   -0.63247638E-07    0.43997566E-07    0.78913263E-01    0.75168942E-01   -0.13979142E-01    0.47929831E-05   -0.17802665E-07    0.25203327E-07    0.00000000E+00   -0.15792794E+00    0.96439785E-05   -0.14410750E-02    0.99345330E-10    0.69676208E-10    0.00000000E+00    0.13995645E-01   -0.20490809E-02    0.46606113E-06   -0.47595480E-08    0.15443268E-08
120.0000    0.67471242E-01   -0.11764959E+00   -0.29762689E-01   -0.11936655E-01   -0.51735295E-07    0.39827835E-07    0.60690487E-01    0.50602661E-01    0.10101567E-01    0.46453664E-05    0.12880474E-07   -0.18196392E-07    0.00000000E+00   -0.14267507E+00    0.46402186E-01    0.13199474E-02    0.14693440E-07   -0.12806011E-06    0.00000000E+00   -0.10085475E-01    0.28688054E-01    0.15301073E-05   -0.12830320E-07   -0.10108740E-06
130.0000    0.61888596E-01   -0.90086396E-01   -0.11075684E-01   -0.85154752E-02   -0.22938984E-07    0.11134693E-07    0.41237340E-01    0.55245276E-01    0.37620317E-02    0.41434455E-05    0.47756633E-08   -0.67980019E-08    0.00000000E+00   -0.13164429E+00    0.75827254E-01    0.39393310E-02    0.90170946E-08   -0.22426091E-06    0.00000000E+00   -0.37476380E-02    0.89281524E-01    0.26143293E-05    0.17902887E-07   -0.25676638E-06
140.0000    0.51813701E-01   -0.60782004E-01   -0.13426399E-01   -0.55703869E-02   -0.23133477E-07    0.18172035E-07    0.28320658E-01    0.24371650E-01   -0.14738722E-01    0.34173561E-05   -0.18780137E-07    0.26562658E-07    0.00000000E+00   -0.11920664E+00    0.11779051E+00    0.62745561E-02    0.28866483E-07   -0.33350896E-06    0.00000000E+00    0.14750596E-01    0.98954407E-01    0.33266211E-05   -0.50521448E-08   -0.30947945E-06
150.0000    0.43569795E-01   -0.53231905E-01   -0.12242235E-01   -0.31867875E-02   -0.19277110E-07    0.18385394E-07    0.17181877E-01    0.52762589E-02    0.11912913E-01    0.27966806E-05    0.15165629E-07   -0.21483735E-07    0.00000000E+00   -0.85038488E-01    0.14906603E+00    0.82101022E-02    0.40784215E-07   -0.41780850E-06    0.00000000E+00   -0.11903126E-01    0.11407087E+00    0.39300095E-05   -0.15109878E-07   -0.36604207E-06
160.0000    0.29931367E-01   -0.33325793E-01    0.62070200E-02   -0.14334207E-02    0.70335864E-08   -0.12061939E-07    0.52691295E-02    0.24559706E-01    0.51727573E-02    0.19043317E-05    0.65720625E-08   -0.93416155E-08    0.00000000E+00   -0.59764221E-01    0.15638044E+00    0.96564719E-02    0.26007756E-07   -0.45508731E-06    0.00000000E+00   -0.51660914E-02    0.16597334E+00    0.45605454E-05    0.24535119E-07   -0.48607191E-06
170.0000    0.12382747E-01   -0.38985753E-02   -0.41485272E-02   -0.36097414E-03   -0.58817928E-08    0.68809026E-08    0.25307797E-02   -0.46390721E-02   -0.26760198E-01    0.81592644E-06   -0.34091821E-07    0.48234327E-07    0.00000000E+00   -0.41499793E-01    0.18023283E+00    0.10550015E-01    0.45957373E-07   -0.50851814E-06    0.00000000E+00    0.26763044E-01    0.14763741E+00    0.47089634E-05   -0.90709063E-08   -0.46326856E-06
179.9000   -0.18038966E-01    0.79634780E-01   -0.95663800E-01   -0.55442439E-06   -0.12790447E-06    0.16639948E-06    0.20809567E-01   -0.18192366E+00   -0.18662253E+00   -0.95423811E-06   -0.23728706E-06    0.33684597E-06    0.00000000E+00   -0.70300220E-01    0.26759473E+00    0.10852587E-01    0.17144872E-06   -0.65179044E-06    0.00000000E+00    0.18661882E+00   -0.63855230E-01    0.37969697E-05   -0.25778721E-06   -0.61340416E-07
180.0000    0.00000000E+00    0.00000000E+00    0.00000000E+00    0.00000000E+00    0.00000000E+00    0.00000000E+00    0.00000000E+00    0.00000000E+00    0.00000000E+00    0.00000000E+00    0.00000000E+00    0.00000000E+00    0.00000000E+00    0.00000000E+00    0.26264583E+01    0.26800595E+03    0.37041922E-05   -0.43759496E-05    0.00000000E+00    0.00000000E+00   -0.61690166E+01   -0.62949149E+03   -0.73166954E-05    0.11661915E-04
