  0.0000    0.00000000E+00    0.00000000E+00    0.00000000E+00    0.00000000E+00    0.00000000E+00    0.00000000E+00    0.00000000E+00    0.00000000E+00    0.00000000E+00    0.00000000E+00    0.00000000E+00    0.00000000E+00    0.00000000E+00    0.00000000E+00   -0.10013201E+06   -0.10581653E+03   -0.51291215E+00   -0.20486202E+00    0.00000000E+00    0.00000000E+00    0.12089560E+07    0.20982214E+03    0.10257490E+01   -0.26935317E+01
  0.0003   -0.43889830E+03   -0.43919968E+03   -0.35683719E+02   -0.54185468E-02   -0.52066415E-04    0.57712408E-04   -0.10587148E+04   -0.11404465E+04   -0.99966755E+04   -0.17455228E+01   -0.12729594E-01    0.18024579E-01    0.00000000E+00   -0.80031599E+03   -0.10008151E+06   -0.10580570E+03   -0.51280806E+00   -0.20491330E+00    0.00000000E+00    0.99903773E+04    0.12087508E+07    0.20980048E+03    0.10255408E+01   -0.26931088E+01
  0.0004   -0.58515682E+03   -0.58587112E+03   -0.63429705E+02   -0.96321540E-02   -0.92551307E-04    0.10258638E-03   -0.10580919E+04   -0.12033752E+04   -0.13327203E+05   -0.23271800E+01   -0.16970630E-01    0.24029711E-01    0.00000000E+00   -0.10666808E+04   -0.10004224E+06   -0.10579728E+03   -0.51272712E+00   -0.20495317E+00    0.00000000E+00    0.13318806E+05    0.12085913E+07    0.20978363E+03    0.10253789E+01   -0.26927799E+01
  0.0005   -0.73138028E+03   -0.73277519E+03   -0.99092812E+02   -0.15048598E-01   -0.14458890E-03    0.16026420E-03   -0.10572915E+04   -0.12842614E+04   -0.16656275E+05   -0.29086799E+01   -0.21209813E-01    0.30032219E-01    0.00000000E+00   -0.13326966E+04   -0.99991756E+05   -0.10578645E+03   -0.51262307E+00   -0.20500442E+00    0.00000000E+00    0.16645780E+05    0.12083863E+07    0.20976198E+03    0.10251708E+01   -0.26923572E+01
  0.0006   -0.87755994E+03   -0.87996989E+03   -0.14266532E+03   -0.21667089E-01   -0.20816840E-03    0.23073290E-03   -0.10563139E+04   -0.13830883E+04   -0.19983529E+05   -0.34899829E+01   -0.25446681E-01    0.36031449E-01    0.00000000E+00   -0.15982765E+04   -0.99930079E+05   -0.10577322E+03   -0.51249594E+00   -0.20506703E+00    0.00000000E+00    0.19970936E+05    0.12081357E+07    0.20973551E+03    0.10249165E+01   -0.26918406E+01
  0.0007   -0.10236870E+04   -0.10275131E+04   -0.19413778E+03   -0.29486666E-01   -0.28327661E-03    0.31397664E-03   -0.10551594E+04   -0.14998356E+04   -0.23308602E+05   -0.40710500E+01   -0.29680772E-01    0.42026747E-01    0.00000000E+00   -0.18633336E+04   -0.99857215E+05   -0.10575759E+03   -0.51234573E+00   -0.20514099E+00    0.00000000E+00    0.23293913E+05    0.12078397E+07    0.20970424E+03    0.10246161E+01   -0.26912303E+01
  0.0008   -0.11697529E+04   -0.11754627E+04   -0.25349906E+03   -0.38506190E-01   -0.36989796E-03    0.40997673E-03   -0.10538285E+04   -0.16344794E+04   -0.26631133E+05   -0.46518418E+01   -0.33911625E-01    0.48017460E-01    0.00000000E+00   -0.21277810E+04   -0.99773177E+05   -0.10573956E+03   -0.51217248E+00   -0.20522628E+00    0.00000000E+00    0.26614348E+05    0.12074982E+07    0.20966817E+03    0.10242696E+01   -0.26905263E+01
  0.0009   -0.13157487E+04   -0.13238763E+04   -0.32073631E+03   -0.48724351E-01   -0.46801446E-03    0.51871160E-03   -0.10523217E+04   -0.17869919E+04   -0.29950758E+05   -0.52323192E+01   -0.38138779E-01    0.54002935E-01    0.00000000E+00   -0.23915322E+04   -0.99677980E+05   -0.10571913E+03   -0.51197622E+00   -0.20532288E+00    0.00000000E+00    0.29931879E+05    0.12071113E+07    0.20962731E+03    0.10238770E+01   -0.26897288E+01
  0.0010   -0.14616659E+04   -0.14728113E+04   -0.39583498E+03   -0.60139661E-01   -0.57760578E-03    0.64015684E-03   -0.10506395E+04   -0.19573417E+04   -0.33267118E+05   -0.58124431E+01   -0.42361774E-01    0.59982522E-01    0.00000000E+00   -0.26545008E+04   -0.99571644E+05   -0.10569630E+03   -0.51175696E+00   -0.20543076E+00    0.00000000E+00    0.33246146E+05    0.12066792E+07    0.20958165E+03    0.10234385E+01   -0.26888378E+01
  0.0012   -0.17532295E+04   -0.17724746E+04   -0.56954991E+03   -0.86554923E-01   -0.83111965E-03    0.92106653E-03   -0.10467519E+04   -0.23514096E+04   -0.39888601E+05   -0.69714740E+01   -0.50793456E-01    0.71921436E-01    0.00000000E+00   -0.31777456E+04   -0.99325628E+05   -0.10564346E+03   -0.51124963E+00   -0.20568028E+00    0.00000000E+00    0.39863446E+05    0.12056791E+07    0.20947597E+03    0.10224237E+01   -0.26867759E+01
  0.0014   -0.20443744E+04   -0.20749087E+04   -0.77449361E+03   -0.11773663E+00   -0.11302295E-02    0.12524537E-02   -0.10421715E+04   -0.28163594E+04   -0.46492709E+05   -0.81286228E+01   -0.59203014E-01    0.83829022E-01    0.00000000E+00   -0.36968291E+04   -0.99035311E+05   -0.10558108E+03   -0.51065080E+00   -0.20597460E+00    0.00000000E+00    0.46463379E+05    0.12044987E+07    0.20935118E+03    0.10212260E+01   -0.26843420E+01
  0.0015   -0.21897684E+04   -0.22273062E+04   -0.88862195E+03   -0.13510935E+00   -0.12968070E-02    0.14369853E-02   -0.10396237E+04   -0.30752980E+04   -0.49787355E+05   -0.87063944E+01   -0.63398359E-01    0.89769456E-01    0.00000000E+00   -0.39545971E+04   -0.98873605E+05   -0.10554631E+03   -0.51031719E+00   -0.20613846E+00    0.00000000E+00    0.49755940E+05    0.12038410E+07    0.20928164E+03    0.10205587E+01   -0.26829859E+01
  0.0016   -0.23350320E+04   -0.23805655E+04   -0.10104890E+04   -0.15366668E+00   -0.14746877E-02    0.16340212E-02   -0.10369054E+04   -0.33518092E+04   -0.53076587E+05   -0.92835792E+01   -0.67586810E-01    0.95700131E-01    0.00000000E+00   -0.42110696E+04   -0.98700907E+05   -0.10550917E+03   -0.50996085E+00   -0.20631342E+00    0.00000000E+00    0.53043090E+05    0.12031384E+07    0.20920735E+03    0.10198460E+01   -0.26815373E+01
  0.0017   -0.24801566E+04   -0.25347425E+04   -0.11400684E+04   -0.17340593E+00   -0.16638348E-02    0.18435175E-02   -0.10340176E+04   -0.36458364E+04   -0.56360052E+05   -0.98601386E+01   -0.71767918E-01    0.10162041E+00    0.00000000E+00   -0.44661623E+04   -0.98517248E+05   -0.10546965E+03   -0.50958183E+00   -0.20649942E+00    0.00000000E+00    0.56324474E+05    0.12023911E+07    0.20912830E+03    0.10190879E+01   -0.26799964E+01
  0.0018   -0.26251337E+04   -0.26898927E+04   -0.12773323E+04   -0.19432423E+00   -0.18642092E-02    0.20654272E-02   -0.10309617E+04   -0.39573197E+04   -0.59637396E+05   -0.10436034E+02   -0.75941232E-01    0.10752965E+00    0.00000000E+00   -0.47197911E+04   -0.98322661E+05   -0.10542777E+03   -0.50918020E+00   -0.20669642E+00    0.00000000E+00    0.59599741E+05    0.12015992E+07    0.20904452E+03    0.10182846E+01   -0.26783634E+01
  0.0019   -0.27699549E+04   -0.28460712E+04   -0.14222511E+04   -0.21641857E+00   -0.20757697E-02    0.22997007E-02   -0.10277383E+04   -0.42861948E+04   -0.62908269E+05   -0.11011228E+02   -0.80106305E-01    0.11342722E+00    0.00000000E+00   -0.49718727E+04   -0.98117183E+05   -0.10538352E+03   -0.50875601E+00   -0.20690437E+00    0.00000000E+00    0.62868538E+05    0.12007628E+07    0.20895601E+03    0.10174362E+01   -0.26766386E+01
  0.0020   -0.29146118E+04   -0.30033328E+04   -0.15747935E+04   -0.23968575E+00   -0.22984724E-02    0.25462857E-02   -0.10243493E+04   -0.46323947E+04   -0.66172319E+05   -0.11585681E+02   -0.84262691E-01    0.11931249E+00    0.00000000E+00   -0.52223237E+04   -0.97900851E+05   -0.10533690E+03   -0.50830934E+00   -0.20712323E+00    0.00000000E+00    0.66130516E+05    0.11998819E+07    0.20886278E+03    0.10165427E+01   -0.26748222E+01
  0.0030   -0.43503156E+04   -0.46472818E+04   -0.35115058E+04   -0.53604165E+00   -0.51271176E-02    0.56758198E-02   -0.98164616E+03   -0.90299672E+04   -0.98361820E+05   -0.17281182E+02   -0.12525225E+00    0.17735200E+00    0.00000000E+00   -0.76192346E+04   -0.95150245E+05   -0.10474225E+03   -0.50262257E+00   -0.20989854E+00    0.00000000E+00    0.98299469E+05    0.11886630E+07    0.20767333E+03    0.10051684E+01   -0.26516821E+01
  0.0040   -0.57606425E+04   -0.64564689E+04   -0.61645753E+04   -0.94495252E+00   -0.90056223E-02    0.99593245E-02   -0.92414504E+03   -0.15060739E+05   -0.12949783E+06   -0.22861746E+02   -0.16490030E+00    0.23349201E+00    0.00000000E+00   -0.97657973E+04   -0.91369849E+05   -0.10391874E+03   -0.49478387E+00   -0.21369000E+00    0.00000000E+00    0.12941535E+06    0.11731839E+07    0.20602612E+03    0.98948998E+00   -0.26197402E+01
  0.0050   -0.71380191E+04   -0.84770394E+04   -0.94778710E+04   -0.14606117E+01   -0.13855406E-01    0.15302696E-01   -0.85399775E+03   -0.22603488E+05   -0.15926587E+06   -0.28292121E+02   -0.20280642E+00    0.28716550E+00    0.00000000E+00   -0.11589551E+05   -0.86627646E+05   -0.10287513E+03   -0.48491197E+00   -0.21840721E+00    0.00000000E+00    0.15916380E+06    0.11536649E+07    0.20393866E+03    0.96974484E+00   -0.25794363E+01
  0.0060   -0.84755842E+04   -0.10747938E+05   -0.13382263E+05   -0.20758047E+01   -0.19579614E-01    0.21590115E-01   -0.77379096E+03   -0.31508734E+05   -0.18738134E+06   -0.33539560E+02   -0.23860817E+00    0.33785930E+00    0.00000000E+00   -0.13026935E+05   -0.81007618E+05   -0.10162236E+03   -0.47315397E+00   -0.22393888E+00    0.00000000E+00    0.18726034E+06    0.11303790E+07    0.20143281E+03    0.94622719E+00   -0.25313162E+01
  0.0070   -0.97673116E+04   -0.13299655E+05   -0.17797729E+05   -0.27820848E+01   -0.26066015E-01    0.28687633E-01   -0.68642471E+03   -0.41603172E+05   -0.21359507E+06   -0.38574321E+02   -0.27198828E+00    0.38512415E+00    0.00000000E+00   -0.14024893E+05   -0.74607366E+05   -0.10017327E+03   -0.45968135E+00   -0.23015626E+00    0.00000000E+00    0.21345591E+06    0.11036450E+07    0.19853428E+03    0.91928005E+00   -0.24760178E+01
  0.0080   -0.11008100E+05   -0.16153298E+05   -0.22635758E+05   -0.35699752E+01   -0.33190305E-01    0.36447250E-01   -0.59497761E+03   -0.52694722E+05   -0.23769773E+06   -0.43370068E+02   -0.30268021E+00    0.42858264E+00    0.00000000E+00   -0.14542101E+05   -0.67535388E+05   -0.98542388E+02   -0.44468560E+00   -0.23691702E+00    0.00000000E+00    0.23754129E+06    0.10738195E+07    0.19527212E+03    0.88928638E+00   -0.24142550E+01
  0.0090   -0.12193825E+05   -0.19320027E+05   -0.27801940E+05   -0.44291900E+01   -0.40819680E-01    0.44711323E-01   -0.50256687E+03   -0.64577997E+05   -0.25952305E+06   -0.47904189E+02   -0.33047219E+00    0.46793493E+00    0.00000000E+00   -0.14549786E+05   -0.59908123E+05   -0.96745589E+02   -0.42837328E+00   -0.24406952E+00    0.00000000E+00    0.25935027E+06    0.10412879E+07    0.19167808E+03    0.85665932E+00   -0.23468006E+01
  0.0100   -0.13321364E+05   -0.22800851E+05   -0.33198659E+05   -0.53488675E+01   -0.48816550E-01    0.53317135E-01   -0.41220776E+03   -0.77039997E+05   -0.27894957E+06   -0.52158017E+02   -0.35520959E+00    0.50296205E+00    0.00000000E+00   -0.14032118E+05   -0.51846871E+05   -0.94799788E+02   -0.41096097E+00   -0.25145718E+00    0.00000000E+00    0.27876146E+06    0.10064555E+07    0.18778598E+03    0.82183207E+00   -0.22744680E+01
  0.0120   -0.15394225E+05   -0.30659455E+05   -0.44293236E+05   -0.73247000E+01   -0.65360615E-01    0.70904872E-01   -0.24843210E+03   -0.10284408E+06   -0.31034623E+06   -0.59770440E+02   -0.39518958E+00    0.55957202E+00    0.00000000E+00   -0.11421448E+05   -0.34913416E+05   -0.90532075E+02   -0.37372203E+00   -0.26631299E+00    0.00000000E+00    0.31013072E+06    0.93155177E+06    0.17924943E+03    0.74734825E+00   -0.21185150E+01
  0.0140   -0.17220183E+05   -0.39549251E+05   -0.55173293E+05   -0.94079190E+01   -0.81762750E-01    0.87974582E-01   -0.12119733E+03   -0.12846077E+06   -0.33179945E+06   -0.66138869E+02   -0.42250776E+00    0.59825339E+00    0.00000000E+00   -0.68306173E+04   -0.17687996E+05   -0.85883061E+02   -0.33471042E+00   -0.28029435E+00    0.00000000E+00    0.33156105E+06    0.85239688E+06    0.16995011E+03    0.66931837E+00   -0.19530296E+01
  0.0160   -0.18804593E+05   -0.49172203E+05   -0.65195265E+05   -0.11513979E+02   -0.97100025E-01    0.10346930E+00   -0.40057571E+02   -0.15245073E+06   -0.34384289E+06   -0.71255631E+02   -0.43784368E+00    0.61996837E+00    0.00000000E+00   -0.54491676E+03   -0.10209161E+04   -0.80993204E+02   -0.29552474E+00   -0.29238395E+00    0.00000000E+00    0.34358612E+06    0.77204174E+06    0.16016896E+03    0.59093975E+00   -0.17842004E+01
  0.0180   -0.20160796E+05   -0.59156257E+05   -0.73868657E+05   -0.13568759E+02   -0.11065718E+00    0.11659532E+00   -0.56984826E+01   -0.17369185E+06   -0.34749412E+06   -0.75165325E+02   -0.44249313E+00    0.62655172E+00    0.00000000E+00    0.70340896E+04    0.14402698E+05   -0.75991562E+02   -0.25751141E+00   -0.30182045E+00    0.00000000E+00    0.34722336E+06    0.69309740E+06    0.15016410E+03    0.51490537E+00   -0.16173673E+01
  0.0200   -0.21306035E+05   -0.69105086E+05   -0.80881020E+05   -0.15512145E+02   -0.12196282E+00    0.12686279E+00   -0.10844471E+02   -0.19143694E+06   -0.34408428E+06   -0.77953068E+02   -0.43815113E+00    0.62040355E+00    0.00000000E+00    0.15445515E+05    0.28097774E+05   -0.70990013E+02   -0.22169902E+00   -0.30814014E+00    0.00000000E+00    0.34380360E+06    0.61760964E+06    0.14015931E+03    0.44327251E+00   -0.14567666E+01
  0.0220   -0.22257937E+05   -0.78645211E+05   -0.86097211E+05   -0.17299635E+02   -0.13079043E+00    0.13408248E+00   -0.42631574E+02   -0.20531775E+06   -0.33508246E+06   -0.79731372E+02   -0.42668840E+00    0.60417272E+00    0.00000000E+00    0.24225364E+05    0.39785609E+05   -0.66080003E+02   -0.18877833E+00   -0.31117637E+00    0.00000000E+00    0.33479552E+06    0.54701512E+06    0.13033750E+03    0.37742283E+00   -0.13054364E+01
  0.0240   -0.23032130E+05   -0.87463541E+05   -0.89536894E+05   -0.18902126E+02   -0.13712946E+00    0.13832543E+00   -0.85840671E+02   -0.21530275E+06   -0.32193935E+06   -0.80627364E+02   -0.40995223E+00    0.58047492E+00    0.00000000E+00    0.32953989E+05    0.49375178E+05   -0.61331719E+02   -0.15912307E+00   -0.31102284E+00    0.00000000E+00    0.32164934E+06    0.48217077E+06    0.12083906E+03    0.31810386E+00   -0.11652656E+01
  0.0260   -0.23641280E+05   -0.95330889E+05   -0.91337241E+05   -0.20304254E+02   -0.14113580E+00    0.13985775E+00   -0.12623729E+03   -0.22162269E+06   -0.30596796E+06   -0.80771759E+02   -0.38961457E+00    0.55167755E+00    0.00000000E+00    0.41289221E+05    0.56926463E+05   -0.56795268E+02   -0.13284091E+00   -0.30797177E+00    0.00000000E+00    0.30567761E+06    0.42343849E+06    0.11176422E+03    0.26553108E+00   -0.10371521E+01
  0.0280   -0.24095424E+05   -0.10210997E+06   -0.91709197E+05   -0.21501845E+02   -0.14307297E+00    0.13906488E+00   -0.15330237E+03   -0.22468102E+06   -0.28827033E+06   -0.80290460E+02   -0.36707875E+00    0.51976767E+00    0.00000000E+00    0.48982799E+05    0.62604517E+05   -0.52503253E+02   -0.10984150E+00   -0.30244054E+00    0.00000000E+00    0.28798190E+06    0.37080177E+06    0.10317820E+03    0.21952379E+00   -0.92122564E+00
  0.0300   -0.24403249E+05   -0.10774942E+06   -0.90895377E+05   -0.22499016E+02   -0.14325497E+00    0.13637921E+00   -0.16182826E+03   -0.22496567E+06   -0.26971027E+06   -0.79299097E+02   -0.34344472E+00    0.48630277E+00    0.00000000E+00    0.55880879E+05    0.66632996E+05   -0.48474071E+02   -0.89907626E-01   -0.29490005E+00    0.00000000E+00    0.26942561E+06    0.32399032E+06    0.95117801E+02    0.17964769E+00   -0.81708913E+00
  0.0400   -0.24136050E+05   -0.12073818E+06   -0.76408963E+05   -0.24899051E+02   -0.12773625E+00    0.10733134E+00   -0.54469073E+02   -0.20045650E+06   -0.18056304E+06   -0.69831276E+02   -0.22992634E+00    0.32556502E+00    0.00000000E+00    0.77695001E+05    0.69894378E+05   -0.32310661E+02   -0.26358090E-01   -0.24138396E+00    0.00000000E+00    0.18031357E+06    0.16197645E+06    0.62780604E+02    0.52509569E-01   -0.44580129E+00
  0.0500   -0.22265477E+05   -0.11636594E+06   -0.56265493E+05   -0.24329663E+02   -0.10138185E+00    0.71715573E-01   -0.88287278E+02   -0.15909480E+06   -0.11428801E+06   -0.58128572E+02   -0.14553303E+00    0.20606719E+00    0.00000000E+00    0.82696114E+05    0.59314941E+05   -0.21837524E+02   -0.13310770E-02   -0.18380994E+00    0.00000000E+00    0.11408182E+06    0.82349965E+05    0.41824337E+02    0.24226764E-02   -0.25092206E+00
  0.0600   -0.19996721E+05   -0.10398719E+06   -0.39167800E+05   -0.22427006E+02   -0.77275836E-01    0.43221556E-01   -0.58138402E+02   -0.12121295E+06   -0.72922655E+05   -0.47630235E+02   -0.92859240E-01    0.13148294E+00    0.00000000E+00    0.78136888E+05    0.46742538E+05   -0.15204853E+02    0.70508124E-02   -0.13674981E+00    0.00000000E+00    0.72755381E+05    0.43639658E+05    0.28549996E+02   -0.14367692E-01   -0.14862249E+00
  0.0700   -0.17658693E+05   -0.90292345E+05   -0.26605227E+05   -0.20124176E+02   -0.58456219E-01    0.23393167E-01   -0.51948855E+02   -0.91662774E+05   -0.46966311E+05   -0.39009902E+02   -0.59807014E-01    0.84682030E-01    0.00000000E+00    0.70388271E+05    0.36052495E+05   -0.10954936E+02    0.90746529E-02   -0.10183869E+00    0.00000000E+00    0.46831130E+05    0.24084010E+05    0.20042452E+02   -0.18436579E-01   -0.92529592E-01
  0.0800   -0.15589742E+05   -0.77259727E+05   -0.17698222E+05   -0.17844510E+02   -0.44320704E-01    0.10126818E-01   -0.55316576E+02   -0.69480158E+05   -0.31385143E+05   -0.32207795E+02   -0.39966351E-01    0.56588162E-01    0.00000000E+00    0.61823870E+05    0.27631520E+05   -0.81789309E+01    0.85703690E-02   -0.76436349E-01    0.00000000E+00    0.31275454E+05    0.14172832E+05    0.14484136E+02   -0.17444837E-01   -0.61046705E-01
  0.0900   -0.13728402E+05   -0.66101968E+05   -0.11725754E+05   -0.15776707E+02   -0.34181792E-01    0.18917875E-02   -0.34534849E+02   -0.53549748E+05   -0.21341467E+05   -0.26847125E+02   -0.27177032E-01    0.38478713E-01    0.00000000E+00    0.53956712E+05    0.21459030E+05   -0.63019510E+01    0.76231593E-02   -0.58394262E-01    0.00000000E+00    0.21252033E+05    0.84200569E+04    0.10725300E+02   -0.15563746E-01   -0.41467546E-01
  0.1000   -0.12150720E+05   -0.56643906E+05   -0.74752306E+04   -0.13948782E+02   -0.26529483E-01   -0.35323839E-02   -0.49127704E+02   -0.41558917E+05   -0.14991515E+05   -0.22624464E+02   -0.19091234E-01    0.27029264E-01    0.00000000E+00    0.46979166E+05    0.16707971E+05   -0.50130404E+01    0.63221547E-02   -0.45078919E-01    0.00000000E+00    0.14918197E+05    0.54894681E+04    0.81440144E+01   -0.12972253E-01   -0.29860273E-01
  0.1100   -0.10784893E+05   -0.48806227E+05   -0.47011798E+04   -0.12375934E+02   -0.21069660E-01   -0.66067623E-02   -0.27952604E+02   -0.32974257E+05   -0.10789445E+05   -0.19265234E+02   -0.13740510E-01    0.19452572E-01    0.00000000E+00    0.41003950E+05    0.13289354E+05   -0.40907277E+01    0.53676987E-02   -0.35516203E-01    0.00000000E+00    0.10729099E+05    0.34289931E+04    0.62972932E+01   -0.11071587E-01   -0.21620679E-01
  0.1200   -0.96152124E+04   -0.42341013E+05   -0.26595566E+04   -0.11016018E+02   -0.16803200E-01   -0.86212337E-02   -0.40996886E+02   -0.26296691E+05   -0.78552967E+04   -0.16560371E+02   -0.10004333E-01    0.14162017E-01    0.00000000E+00    0.35968341E+05    0.10591868E+05   -0.34277295E+01    0.43756747E-02   -0.28209574E-01    0.00000000E+00    0.78055327E+04    0.24289535E+04    0.49705191E+01   -0.90939182E-02   -0.16566448E-01
  0.1300   -0.86210208E+04   -0.36913644E+05   -0.13357685E+04   -0.98536117E+01   -0.13692580E-01   -0.95831683E-02   -0.27057626E+02   -0.21406107E+05   -0.59672847E+04   -0.14371367E+02   -0.76002865E-02    0.10757708E-01    0.00000000E+00    0.31650177E+05    0.86143716E+04   -0.29310464E+01    0.36864357E-02   -0.22815163E-01    0.00000000E+00    0.59262148E+04    0.15968028E+04    0.39776392E+01   -0.77202725E-02   -0.12632741E-01
  0.1400   -0.77488276E+04   -0.32465956E+05   -0.35614091E+03   -0.88502516E+01   -0.11214855E-01   -0.10119209E-01   -0.32710677E+02   -0.17527962E+05   -0.44457590E+04   -0.12564086E+02   -0.56629154E-02    0.80141960E-02    0.00000000E+00    0.28066730E+05    0.70336249E+04   -0.25582936E+01    0.30442831E-02   -0.18594243E-01    0.00000000E+00    0.44119797E+04    0.11708350E+04    0.32338299E+01   -0.64394941E-02   -0.10041498E-01
  0.1500   -0.70137625E+04   -0.28649250E+05    0.30270754E+03   -0.79857931E+01   -0.93155655E-02   -0.10246827E-01   -0.28162591E+02   -0.14547040E+05   -0.35366420E+04   -0.11075960E+02   -0.45053730E-02    0.63748945E-02    0.00000000E+00    0.24944573E+05    0.58147453E+04   -0.22703571E+01    0.25486559E-02   -0.15340060E-01    0.00000000E+00    0.35089755E+04    0.84418621E+03    0.26608109E+01   -0.54506555E-02   -0.80477438E-02
  0.1600   -0.63556904E+04   -0.25507632E+05    0.75136838E+03   -0.72374241E+01   -0.78259474E-02   -0.10137487E-01   -0.25939783E+02   -0.12210950E+05   -0.26903787E+04   -0.98205930E+01   -0.34278653E-02    0.48489236E-02    0.00000000E+00    0.22350726E+05    0.48598508E+04   -0.20442934E+01    0.21593617E-02   -0.12791678E-01    0.00000000E+00    0.26679590E+04    0.59151669E+03    0.22126451E+01   -0.46735251E-02   -0.64932908E-02
  0.1700   -0.57984688E+04   -0.22770113E+05    0.10919928E+04   -0.65843343E+01   -0.65904413E-02   -0.99498919E-02   -0.28846175E+02   -0.10278311E+05   -0.22022221E+04   -0.87684293E+01   -0.28063624E-02    0.39686420E-02    0.00000000E+00    0.20066477E+05    0.40624082E+04   -0.18668166E+01    0.17897048E-02   -0.10708051E-01    0.00000000E+00    0.21842893E+04    0.49769149E+03    0.18627129E+01   -0.39348337E-02   -0.54659518E-02
  0.1800   -0.52964725E+04   -0.20477742E+05    0.12724066E+04   -0.60166144E+01   -0.56633470E-02   -0.95778298E-02   -0.21672442E+02   -0.88192666E+04   -0.17298355E+04   -0.78672605E+01   -0.22049387E-02    0.31167967E-02    0.00000000E+00    0.18137441E+05    0.34663432E+04   -0.17208134E+01    0.15586140E-02   -0.91053834E-02    0.00000000E+00    0.17158181E+04    0.30992830E+03    0.15767418E+01   -0.34725424E-02   -0.44260182E-02
  0.1900   -0.48625308E+04   -0.18477750E+05    0.14467050E+04   -0.55147861E+01   -0.48246002E-02   -0.92753015E-02   -0.27975313E+02   -0.75118770E+04   -0.14190044E+04   -0.70971726E+01   -0.18092346E-02    0.25562475E-02    0.00000000E+00    0.16442829E+05    0.29235922E+04   -0.16050797E+01    0.12821077E-02   -0.77121486E-02    0.00000000E+00    0.14084020E+04    0.31239314E+03    0.13522803E+01   -0.29187685E-02   -0.38798274E-02
  0.2000   -0.44753995E+04   -0.16751923E+05    0.14984799E+04   -0.50759559E+01   -0.42188867E-02   -0.88288703E-02   -0.19971863E+02   -0.65556273E+04   -0.11720460E+04   -0.64319377E+01   -0.14948624E-02    0.21108668E-02    0.00000000E+00    0.14968404E+05    0.25331425E+04   -0.15059670E+01    0.11364759E-02   -0.66565854E-02    0.00000000E+00    0.11644524E+04    0.17557216E+03    0.11619899E+01   -0.26261658E-02   -0.31663030E-02
  0.2100   -0.41296253E+04   -0.15263386E+05    0.15736591E+04   -0.46843557E+01   -0.36410877E-02   -0.84823557E-02   -0.25556531E+02   -0.56563681E+04   -0.93977178E+03   -0.58516778E+01   -0.11991865E-02    0.16919651E-02    0.00000000E+00    0.13690950E+05    0.21593435E+04   -0.14260711E+01    0.93956520E-03   -0.57035257E-02    0.00000000E+00    0.93485236E+03    0.19540187E+03    0.10110224E+01   -0.22304839E-02   -0.28316261E-02
  0.2200   -0.38268421E+04   -0.13931658E+05    0.15724315E+04   -0.43387794E+01   -0.32168238E-02   -0.80543151E-02   -0.20107046E+02   -0.49867913E+04   -0.82482334E+03   -0.53482200E+01   -0.10529086E-02    0.14846110E-02    0.00000000E+00    0.12539485E+05    0.18851349E+04   -0.13561429E+01    0.83105635E-03   -0.49684483E-02    0.00000000E+00    0.82227222E+03    0.11680892E+03    0.88084117E+00   -0.20111380E-02   -0.23704937E-02
  0.2300   -0.35471738E+04   -0.12799138E+05    0.15820634E+04   -0.40289713E+01   -0.28224228E-02   -0.76895461E-02   -0.22349674E+02   -0.43714624E+04   -0.64206482E+03   -0.49007582E+01   -0.82027997E-03    0.11549940E-02    0.00000000E+00    0.11556540E+05    0.16306770E+04   -0.12977116E+01    0.70376466E-03   -0.43129154E-02    0.00000000E+00    0.64165107E+03    0.11390200E+03    0.77446754E+00   -0.17538017E-02   -0.21042144E-02
  0.2400   -0.33056486E+04   -0.11755658E+05    0.15653052E+04   -0.37521593E+01   -0.25019269E-02   -0.73174947E-02   -0.20949847E+02   -0.38682454E+04   -0.59121471E+03   -0.45106986E+01   -0.75561843E-03    0.10632182E-02    0.00000000E+00    0.10645628E+05    0.14231432E+04   -0.12467163E+01    0.60729457E-03   -0.37709203E-02    0.00000000E+00    0.59270181E+03    0.93048411E+02    0.68374351E+00   -0.15577237E-02   -0.18439815E-02
  0.2500   -0.30779686E+04   -0.10870506E+05    0.15321219E+04   -0.35038810E+01   -0.22371889E-02   -0.69506702E-02   -0.19351246E+02   -0.34521203E+04   -0.45746002E+03   -0.41595006E+01   -0.58538494E-03    0.82196342E-03    0.00000000E+00    0.98695669E+04    0.12531618E+04   -0.12016828E+01    0.53521020E-03   -0.33200670E-02    0.00000000E+00    0.46067831E+03    0.58586217E+02    0.60568597E+00   -0.14100670E-02   -0.15903040E-02
  0.2600   -0.28805704E+04   -0.10047031E+05    0.15133105E+04   -0.32789701E+01   -0.19826737E-02   -0.66382827E-02   -0.21450751E+02   -0.30555095E+04   -0.42360078E+03   -0.38504908E+01   -0.54235372E-03    0.76082872E-03    0.00000000E+00    0.91449505E+04    0.10883843E+04   -0.11631346E+01    0.44447797E-03   -0.29038711E-02    0.00000000E+00    0.42836824E+03    0.80020841E+02    0.54130797E+00   -0.12247950E-02   -0.14709743E-02
  0.2700   -0.26949578E+04   -0.93348464E+04    0.14571794E+04   -0.30773891E+01   -0.18041617E-02   -0.62870869E-02   -0.17322444E+02   -0.27718090E+04   -0.34236159E+03   -0.35710394E+01   -0.43898684E-03    0.61426809E-03    0.00000000E+00    0.85150409E+04    0.97445794E+03   -0.11270137E+01    0.40820248E-03   -0.25896590E-02    0.00000000E+00    0.34854176E+03    0.26837387E+02    0.48245989E+00   -0.11481462E-02   -0.12307098E-02
  0.2800   -0.25297339E+04   -0.86825487E+04    0.14362823E+04   -0.28926424E+01   -0.16013202E-02   -0.60199567E-02   -0.21004022E+02   -0.24575259E+04   -0.30028525E+03   -0.33212884E+01   -0.38548631E-03    0.53832327E-03    0.00000000E+00    0.79369043E+04    0.84356421E+03   -0.10965248E+01    0.32833039E-03   -0.22668444E-02    0.00000000E+00    0.30774104E+03    0.65274449E+02    0.43551895E+00   -0.98403805E-03   -0.11848510E-02
  0.2900   -0.23781185E+04   -0.80952064E+04    0.13745847E+04   -0.27267412E+01   -0.14734351E-02   -0.57022626E-02   -0.16513062E+02   -0.22526084E+04   -0.26684070E+03   -0.30961963E+01   -0.34297440E-03    0.47794504E-03    0.00000000E+00    0.74136792E+04    0.76237131E+03   -0.10668109E+01    0.30766154E-03   -0.20377281E-02    0.00000000E+00    0.27545327E+03    0.15112983E+02    0.39073901E+00   -0.93809548E-03   -0.98458966E-03
  0.3000   -0.22374686E+04   -0.75748188E+04    0.13467000E+04   -0.25737601E+01   -0.13182490E-02   -0.54612908E-02   -0.19581113E+02   -0.20122306E+04   -0.21175632E+03   -0.28910770E+01   -0.27290371E-03    0.37855193E-03    0.00000000E+00    0.69492294E+04    0.66295503E+03   -0.10413755E+01    0.24690562E-03   -0.17926358E-02    0.00000000E+00    0.22142383E+03    0.45689665E+02    0.35509610E+00   -0.81175810E-03   -0.95231962E-03
  0.3100   -0.21125789E+04   -0.70835053E+04    0.12919112E+04   -0.24353794E+01   -0.12151384E-02   -0.51896258E-02   -0.16645710E+02   -0.18474927E+04   -0.21103830E+03   -0.27073930E+01   -0.27205916E-03    0.37718755E-03    0.00000000E+00    0.65090662E+04    0.59763323E+03   -0.10165417E+01    0.22625121E-03   -0.16123316E-02    0.00000000E+00    0.22165373E+03    0.16842109E+02    0.32120533E+00   -0.76542457E-03   -0.81723831E-03
  0.3200   -0.19921113E+04   -0.66615992E+04    0.12535337E+04   -0.23078664E+01   -0.11043837E-02   -0.49608051E-02   -0.17616963E+02   -0.16745410E+04   -0.15235874E+03   -0.25370737E+01   -0.19740435E-03    0.27131820E-03    0.00000000E+00    0.61299440E+04    0.52759622E+03   -0.99421852E+00    0.18933231E-03   -0.14337859E-02    0.00000000E+00    0.16384451E+03    0.24364009E+02    0.29285493E+00   -0.68638099E-03   -0.76133540E-03
  0.3300   -0.18873985E+04   -0.62498426E+04    0.12112476E+04   -0.21910685E+01   -0.10116780E-02   -0.47380087E-02   -0.17119807E+02   -0.15283608E+04   -0.16387393E+03   -0.23849196E+01   -0.21213122E-03    0.29201711E-03    0.00000000E+00    0.57593260E+04    0.46888765E+03   -0.97312600E+00    0.16134099E-03   -0.12811638E-02    0.00000000E+00    0.17613532E+03    0.23692523E+02    0.26745519E+00   -0.62502962E-03   -0.69791825E-03
  0.3400   -0.17845813E+04   -0.58988145E+04    0.11633410E+04   -0.20840472E+01   -0.93805760E-03   -0.45170066E-02   -0.15732394E+02   -0.14111697E+04   -0.11600328E+03   -0.22425917E+01   -0.15123414E-03    0.20564300E-03    0.00000000E+00    0.54419487E+04    0.42333407E+03   -0.95282409E+00    0.14627943E-03   -0.11560825E-02    0.00000000E+00    0.12897613E+03    0.67777913E+01    0.24409686E+00   -0.58939167E-03   -0.61024313E-03
  0.3600   -0.16075594E+04   -0.52553878E+04    0.10802219E+04   -0.18939954E+01   -0.80392446E-03   -0.41271624E-02   -0.14429292E+02   -0.11986153E+04   -0.95109267E+02   -0.19951041E+01   -0.12473994E-03    0.16785803E-03    0.00000000E+00    0.48588996E+04    0.34015059E+03   -0.91569357E+00    0.11097085E-03   -0.93548206E-03    0.00000000E+00    0.10928628E+03   -0.27571574E+01    0.20559351E+00   -0.50736814E-03   -0.49888591E-03
  0.3700   -0.15285391E+04   -0.49722048E+04    0.10550849E+04   -0.18088648E+01   -0.72802194E-03   -0.39739275E-02   -0.16862977E+02   -0.10814544E+04   -0.84942969E+02   -0.18857350E+01   -0.11184566E-03    0.14947629E-03    0.00000000E+00    0.46016753E+04    0.29258228E+03   -0.89909797E+00    0.77326160E-04   -0.82278571E-03    0.00000000E+00    0.99628900E+02    0.26426433E+02    0.19085876E+00   -0.43421624E-03   -0.51551558E-03
  0.3800   -0.14550971E+04   -0.47090806E+04    0.10057038E+04   -0.17313607E+01   -0.69230876E-03   -0.37862962E-02   -0.13887321E+02   -0.10219433E+04   -0.81722236E+02   -0.17850589E+01   -0.10779268E-03    0.14362089E-03    0.00000000E+00    0.43617973E+04    0.27174984E+03   -0.88174879E+00    0.79801861E-04   -0.75622023E-03    0.00000000E+00    0.96858941E+02   -0.32637025E+01    0.17496554E+00   -0.43321792E-03   -0.42317733E-03
  0.3900   -0.13848110E+04   -0.44748618E+04    0.97994727E+03   -0.16582981E+01   -0.63193751E-03   -0.36466866E-02   -0.15752334E+02   -0.92850943E+03   -0.56772158E+02   -0.16907246E+01   -0.76066874E-04    0.98589272E-04    0.00000000E+00    0.41479497E+04    0.23458089E+03   -0.86615193E+00    0.54402114E-04   -0.66727195E-03    0.00000000E+00    0.72310623E+02    0.18257279E+02    0.16289907E+00   -0.37639336E-03   -0.43256078E-03
  0.4000   -0.13224626E+04   -0.42431798E+04    0.93910414E+03   -0.15912653E+01   -0.59815059E-03   -0.34872482E-02   -0.13931611E+02   -0.87310030E+03   -0.69467516E+02   -0.16051390E+01   -0.92275066E-04    0.12143759E-03    0.00000000E+00    0.39362323E+04    0.21485965E+03   -0.85016337E+00    0.52071812E-04   -0.60893105E-03    0.00000000E+00    0.85350659E+02    0.26693177E+01    0.15034518E+00   -0.36564542E-03   -0.37385742E-03
  0.4100   -0.12600298E+04   -0.40462300E+04    0.90860314E+03   -0.15284344E+01   -0.55633574E-03   -0.33515989E-02   -0.14288081E+02   -0.80723349E+03   -0.38684001E+02   -0.15234324E+01   -0.53115021E-04    0.65893991E-04    0.00000000E+00    0.37554983E+04    0.19005644E+03   -0.83505421E+00    0.39505310E-04   -0.54519193E-03    0.00000000E+00    0.54873088E+02    0.71102142E+01    0.13982054E+00   -0.33437400E-03   -0.35624815E-03
  0.4200   -0.12060505E+04   -0.38441413E+04    0.87842990E+03   -0.14699214E+01   -0.51939149E-03   -0.32218285E-02   -0.14160227E+02   -0.74850864E+03   -0.55072542E+02   -0.14497619E+01   -0.74020056E-04    0.95407322E-04    0.00000000E+00    0.35704187E+04    0.16816048E+03   -0.82029136E+00    0.28882926E-04   -0.48845272E-03    0.00000000E+00    0.71514511E+02    0.10341238E+02    0.13023387E+00   -0.30695107E-03   -0.33876527E-03
  0.4300   -0.11512541E+04   -0.36733888E+04    0.84293799E+03   -0.14156881E+01   -0.49446604E-03   -0.30877143E-02   -0.12902233E+02   -0.70751045E+03   -0.29894512E+02   -0.13790272E+01   -0.41992007E-04    0.49976668E-04    0.00000000E+00    0.34130993E+04    0.15454301E+03   -0.80546451E+00    0.28599051E-04   -0.44684326E-03    0.00000000E+00    0.46555552E+02   -0.24563581E+01    0.12074009E+00   -0.30017620E-03   -0.29261936E-03
  0.4400   -0.11032388E+04   -0.35002646E+04    0.82151756E+03   -0.13643267E+01   -0.45515008E-03   -0.29824997E-02   -0.14154157E+02   -0.64641360E+03   -0.38667414E+02   -0.13146888E+01   -0.53193563E-04    0.65764421E-04    0.00000000E+00    0.32541036E+04    0.13107914E+03   -0.79165036E+00    0.11667154E-04   -0.39158997E-03    0.00000000E+00    0.55501976E+02    0.15187506E+02    0.11346864E+00   -0.26008602E-03   -0.30680947E-03
  0.4500   -0.10558496E+04   -0.33472951E+04    0.78423969E+03   -0.13171879E+01   -0.44121165E-03   -0.28538781E-02   -0.11942191E+02   -0.62169737E+03   -0.27237740E+02   -0.12535654E+01   -0.38666645E-04    0.45128632E-04    0.00000000E+00    0.31128594E+04    0.12466600E+03   -0.77715016E+00    0.18620867E-04   -0.36490661E-03    0.00000000E+00    0.44212628E+02   -0.69751614E+01    0.10499867E+00   -0.26775812E-03   -0.24629945E-03
  0.4600   -0.10121566E+04   -0.32012792E+04    0.76698203E+03   -0.12720353E+01   -0.40423262E-03   -0.27638069E-02   -0.13667123E+02   -0.56473555E+03   -0.22769635E+02   -0.11966816E+01   -0.33001639E-04    0.37047780E-04    0.00000000E+00    0.29782499E+04    0.10281077E+03   -0.76391976E+00    0.94712868E-06   -0.31534405E-03    0.00000000E+00    0.39848789E+02    0.14719020E+02    0.99219082E-01   -0.22617479E-03   -0.27145697E-03
  0.4700   -0.97148869E+03   -0.30615369E+04    0.73261819E+03   -0.12306553E+01   -0.39367905E-03   -0.26475350E-02   -0.11523839E+02   -0.54540434E+03   -0.26462187E+02   -0.11438132E+01   -0.37725489E-04    0.43683844E-04    0.00000000E+00    0.28491379E+04    0.98528958E+02   -0.74991243E+00    0.82458608E-05   -0.29487258E-03    0.00000000E+00    0.43611227E+02   -0.55524426E+01    0.92014203E-01   -0.23454540E-03   -0.21746364E-03
  0.4800   -0.93139870E+03   -0.29385098E+04    0.71463726E+03   -0.11910022E+01   -0.36440744E-03   -0.25629462E-02   -0.12714105E+02   -0.50001995E+03   -0.10484478E+02   -0.10932003E+01   -0.17398849E-04    0.14856020E-04    0.00000000E+00    0.27352082E+04    0.81850815E+02   -0.73692698E+00   -0.42090533E-05   -0.25601818E-03    0.00000000E+00    0.27676282E+02    0.93253296E+01    0.86960048E-01   -0.20342532E-03   -0.23211413E-03
  0.4900   -0.89623417E+03   -0.28110776E+04    0.68697812E+03   -0.11542906E+01   -0.35109364E-03   -0.24645407E-02   -0.11507376E+02   -0.47730736E+03   -0.23974506E+02   -0.10471581E+01   -0.34593227E-04    0.39162905E-04    0.00000000E+00    0.26174610E+04    0.75636199E+02   -0.72355668E+00   -0.21022932E-05   -0.23479253E-03    0.00000000E+00    0.41174456E+02    0.22231161E-04    0.81222174E-01   -0.20145359E-03   -0.20145366E-03
  0.5000   -0.85976219E+03   -0.27051906E+04    0.66529859E+03   -0.11194952E+01   -0.33254817E-03   -0.23792994E-02   -0.11531592E+02   -0.44762350E+03   -0.37611040E+01   -0.10021595E+01   -0.88676335E-05    0.27031776E-05    0.00000000E+00    0.25190021E+04    0.66102620E+02   -0.71061121E+00   -0.59179117E-05   -0.20927866E-03    0.00000000E+00    0.20948266E+02    0.17115273E+01    0.76399537E-01   -0.18766926E-03   -0.19293467E-03
  0.5500   -0.71252515E+03   -0.22254175E+04    0.56881407E+03   -0.97305934E+00   -0.25904229E-03   -0.20089647E-02   -0.10978026E+02   -0.32900608E+03   -0.10526847E+01   -0.81749257E+00   -0.54505423E-05   -0.22120207E-05    0.00000000E+00    0.20734746E+04    0.30412282E+02   -0.64816599E+00   -0.18877906E-04   -0.11243947E-03    0.00000000E+00    0.17804182E+02    0.94664136E+01    0.57165032E-01   -0.13170023E-03   -0.16082308E-03
  0.6000   -0.59881100E+03   -0.18597913E+04    0.48516254E+03   -0.86211944E+00   -0.21404964E-03   -0.17066232E-02   -0.93335936E+01   -0.25474307E+03   -0.39622227E+01   -0.67829418E+00   -0.91311730E-05    0.30583678E-05    0.00000000E+00    0.17329676E+04    0.13158253E+02   -0.58888463E+00   -0.18211658E-04   -0.58692236E-04    0.00000000E+00    0.19819031E+02    0.45619139E+01    0.43204129E-01   -0.10468325E-03   -0.11871771E-03
  0.6500   -0.50833531E+03   -0.15792197E+04    0.41432699E+03   -0.77602577E+00   -0.18484793E-03   -0.14595001E-02   -0.74488182E+01   -0.20585932E+03    0.46944165E+00   -0.57077604E+00   -0.34161180E-05   -0.48603271E-05    0.00000000E+00    0.14710962E+04    0.57993325E+01   -0.53286374E+00   -0.11655410E-04   -0.29496709E-04    0.00000000E+00    0.14188743E+02   -0.44464941E+01    0.32877912E-01   -0.91660554E-04   -0.77981182E-04
  0.7000   -0.43534330E+03   -0.13595390E+04    0.35872042E+03   -0.70746584E+00   -0.15960701E-03   -0.12631889E-02   -0.64368448E+01   -0.16494714E+03    0.88879848E+01   -0.48638267E+00    0.74145869E-05   -0.19928766E-04    0.00000000E+00    0.12659063E+04    0.32708606E+00   -0.48050193E+00   -0.81344963E-05   -0.91407570E-05    0.00000000E+00    0.43914352E+01   -0.50501891E+01    0.25542477E-01   -0.75102394E-04   -0.59565790E-04
  0.7500   -0.37654393E+03   -0.11810406E+04    0.31543617E+03   -0.65164053E+00   -0.13625702E-03   -0.11066775E-02   -0.61321396E+01   -0.12857628E+03    0.11061432E+02   -0.41964514E+00    0.10323324E-04   -0.23706510E-04    0.00000000E+00    0.10994140E+04   -0.47425704E+01   -0.43191584E+00   -0.79370846E-05    0.66531492E-05    0.00000000E+00    0.75619848E+00    0.14601657E+01    0.20358054E-01   -0.54590223E-04   -0.59082335E-04
  0.8000   -0.32891067E+03   -0.10326196E+04    0.27809867E+03   -0.60541200E+00   -0.11910038E-03   -0.97465428E-03   -0.55679868E+01   -0.10247244E+03    0.59657718E+01   -0.36637756E+00    0.39983428E-05   -0.14354997E-04    0.00000000E+00    0.96129933E+03   -0.65676687E+01   -0.38696767E+00   -0.55436790E-05    0.14661361E-04    0.00000000E+00    0.43829364E+01    0.44492769E+01    0.16309700E-01   -0.41188851E-04   -0.54876785E-04
  0.8500   -0.28933804E+03   -0.91018581E+03    0.24374451E+03   -0.56645557E+00   -0.10902493E-03   -0.85889032E-03   -0.44398885E+01   -0.87630085E+02    0.19731463E+01   -0.32307864E+00   -0.90639233E-06   -0.69766588E-05    0.00000000E+00    0.84755357E+03   -0.45279288E+01   -0.34561853E+00    0.82033585E-06    0.14750238E-04    0.00000000E+00    0.69568515E+01    0.19132684E+00    0.12872237E-01   -0.38371610E-04   -0.38960215E-04
  0.9000   -0.25567774E+03   -0.81020421E+03    0.21433782E+03   -0.53286984E+00   -0.10111105E-03   -0.76050851E-03   -0.34011950E+01   -0.76864841E+02    0.39916604E+01   -0.28723249E+00    0.18529614E-05   -0.10427143E-04    0.00000000E+00    0.75476935E+03   -0.18751081E+01   -0.30801393E+00    0.68566877E-05    0.12625346E-04    0.00000000E+00    0.36091187E+01   -0.42564248E+01    0.10136175E-01   -0.37392320E-04   -0.24297684E-04
  0.9500   -0.22712431E+03   -0.72656523E+03    0.19166436E+03   -0.50325198E+00   -0.91238726E-04   -0.68088265E-03   -0.29922482E+01   -0.64128909E+02    0.74619349E+01   -0.25738495E+00    0.64654776E-05   -0.16490718E-04    0.00000000E+00    0.67732189E+03   -0.13407399E+01   -0.27421451E+00    0.88633874E-05    0.12988093E-04    0.00000000E+00   -0.10777798E+01   -0.26728134E+01    0.82235507E-02   -0.30648338E-04   -0.22425588E-04
  1.0000   -0.20327831E+03   -0.65359886E+03    0.17362030E+03   -0.47676257E+00   -0.80904799E-04   -0.61503724E-03   -0.28975748E+01   -0.51340953E+02    0.63676941E+01   -0.23256938E+00    0.52659750E-05   -0.14323855E-04    0.00000000E+00    0.60999531E+03   -0.18954729E+01   -0.24400322E+00    0.86513554E-05    0.14482664E-04    0.00000000E+00   -0.10761735E+01    0.17631055E+01    0.68591272E-02   -0.21534474E-04   -0.26958563E-04
  1.1000   -0.16576160E+03   -0.53481795E+03    0.14044989E+03   -0.43115268E+00   -0.69667930E-04   -0.50175360E-03   -0.18060685E+01   -0.40324573E+02    0.11199188E+00   -0.19384340E+00   -0.23235173E-05   -0.26680536E-05    0.00000000E+00    0.50075297E+03    0.12050198E+01   -0.19308876E+00    0.13476259E-04    0.97690878E-05    0.00000000E+00    0.33770697E+01   -0.12322024E+01    0.44567396E-02   -0.19051932E-04   -0.15261135E-04
  1.2000   -0.13683355E+03   -0.44837783E+03    0.11670979E+03   -0.39226159E+00   -0.58982474E-04   -0.41803316E-03   -0.12415589E+01   -0.30985698E+02    0.40906060E+01   -0.16460418E+00    0.30904763E-05   -0.94940280E-05    0.00000000E+00    0.42133841E+03    0.23330733E+01   -0.15377352E+00    0.14639022E-04    0.74614618E-05    0.00000000E+00   -0.19269009E+01   -0.10501289E+01    0.29947538E-02   -0.14704848E-04   -0.11474189E-04
  1.3000   -0.11551033E+03   -0.37784822E+03    0.99467783E+02   -0.35822275E+00   -0.48983606E-04   -0.35499028E-03   -0.99049764E+00   -0.22806232E+02   -0.61132419E+00   -0.14250101E+00   -0.25864514E-05   -0.70574911E-06    0.00000000E+00    0.35670880E+03    0.19990937E+01   -0.12408483E+00    0.13348056E-04    0.71979634E-05    0.00000000E+00    0.18441627E+01    0.10758135E+01    0.21196165E-02   -0.92848567E-05   -0.12594533E-04
  1.4000   -0.98342279E+02   -0.32428421E+03    0.83937518E+02   -0.32815373E+00   -0.43557335E-04   -0.30178608E-03   -0.37582120E+00   -0.20888242E+02    0.12531665E+01   -0.12466331E+00    0.58496649E-07   -0.37967950E-05    0.00000000E+00    0.30746536E+03    0.32458911E+01   -0.10196853E+00    0.14377927E-04    0.43921371E-05    0.00000000E+00   -0.64326763E+00   -0.23183985E+01    0.12962661E-02   -0.11039566E-04   -0.39071517E-05
  1.5000   -0.84995719E+02   -0.28000914E+03    0.74480846E+02   -0.30113354E+00   -0.35115990E-04   -0.26425185E-03   -0.50049271E+00   -0.14250247E+02    0.30411964E+00   -0.11025240E+00   -0.91764515E-06   -0.18532510E-05    0.00000000E+00    0.26668607E+03    0.13333939E+01   -0.86046759E-01    0.10718623E-04    0.66165166E-05    0.00000000E+00   -0.92672769E-01    0.15125261E+01    0.10170215E-02   -0.49722637E-05   -0.96254596E-05
  1.6000   -0.74272287E+02   -0.24364884E+03    0.64112338E+02   -0.27710309E+00   -0.31794379E-04   -0.22903215E-03   -0.40006798E-01   -0.14281957E+02   -0.82497534E+00   -0.98269775E-01   -0.21581385E-05    0.37984874E-06    0.00000000E+00    0.23303710E+03    0.19735642E+01   -0.74551647E-01    0.10961026E-04    0.48894743E-05    0.00000000E+00    0.79608289E+00   -0.18099561E+01    0.53275155E-03   -0.75699440E-05   -0.20017224E-05
  2.0000   -0.46747659E+02   -0.15023040E+03    0.42292100E+02   -0.20370298E+00   -0.16550865E-04   -0.14665998E-03    0.13042300E-01   -0.60026038E+01   -0.89518674E+00   -0.65072402E-01   -0.17262787E-05    0.10277097E-05    0.00000000E+00    0.14534812E+03   -0.18243492E+01   -0.54869893E-01    0.31927640E-05    0.88052650E-05    0.00000000E+00    0.65730703E+00    0.62201414E+00   -0.73764597E-05   -0.19032549E-05   -0.38168442E-05
  2.5000   -0.29513673E+02   -0.91747217E+02    0.27074614E+02   -0.14978262E+00   -0.91721907E-05   -0.92465620E-04    0.15487030E+00   -0.32766235E+01   -0.83461880E+00   -0.41674918E-01   -0.13483513E-05    0.12193035E-05    0.00000000E+00    0.88919987E+02   -0.35497632E+01   -0.49076653E-01   -0.85013625E-06    0.10070498E-04    0.00000000E+00    0.73496545E+00   -0.22203091E+00   -0.32405333E-03   -0.14220825E-05   -0.73901775E-06
  3.0000   -0.20070805E+02   -0.61334122E+02    0.18354956E+02   -0.12110473E+00   -0.61805319E-05   -0.62648455E-04    0.20989628E+00   -0.21179977E+01   -0.42706384E+00   -0.28107622E-01   -0.69641240E-06    0.61742392E-06    0.00000000E+00    0.58888825E+02   -0.38844882E+01   -0.42243474E-01   -0.22062720E-05    0.97441234E-05    0.00000000E+00    0.42777219E+00   -0.72473688E+00   -0.44856370E-03   -0.13594540E-05    0.87015559E-06
  4.0000   -0.10481482E+02   -0.32912205E+02    0.94084833E+01   -0.98815717E-01   -0.40302934E-05   -0.32974929E-04    0.21472957E+00   -0.82400039E+00    0.32463789E+00   -0.14361911E-01    0.35673101E-06   -0.64199801E-06    0.00000000E+00    0.30487336E+02   -0.31868661E+01   -0.15500975E-01   -0.21248991E-05    0.76793035E-05    0.00000000E+00   -0.26420333E+00   -0.66136614E+00   -0.50297884E-03   -0.77401663E-06    0.12606367E-05
  5.0000   -0.60591042E+01   -0.20468233E+02    0.53539932E+01   -0.93328648E-01   -0.31366453E-05   -0.19607885E-04    0.18160911E+00    0.22186637E-01    0.30664523E+00   -0.83474546E-02    0.36159551E-06   -0.58178017E-06    0.00000000E+00    0.18225311E+02   -0.22356055E+01    0.18762674E-01   -0.12563655E-05    0.56213410E-05    0.00000000E+00   -0.25121690E+00   -0.13886848E+00   -0.48888878E-03    0.13103985E-07    0.44032454E-06
  6.0000   -0.37677739E+01   -0.13850056E+02    0.31195455E+01   -0.91276607E-01   -0.27712715E-05   -0.12368366E-04    0.19220737E+00    0.21008065E+00   -0.63712285E-01   -0.54407621E-02   -0.99848646E-07    0.96158385E-07    0.00000000E+00    0.11944229E+02   -0.13079954E+01    0.51023972E-01   -0.24320974E-06    0.37807598E-05    0.00000000E+00    0.10240169E+00   -0.11745915E+00   -0.48818649E-03    0.11820870E-06    0.47956473E-06
  7.0000   -0.24547143E+01   -0.10030715E+02    0.17574431E+01   -0.88787481E-01   -0.26043951E-05   -0.80110634E-05    0.22797971E+00    0.47742892E-01   -0.11267873E+00   -0.39018589E-02   -0.15747139E-06    0.18917797E-06    0.00000000E+00    0.84737131E+01   -0.55208524E+00    0.77402048E-01    0.61801264E-06    0.23164698E-05    0.00000000E+00    0.13636436E+00   -0.41213017E+00   -0.49781512E-03   -0.18230494E-06    0.10855888E-05
  8.0000   -0.16503331E+01   -0.76770501E+01    0.10415514E+01   -0.85078922E-01   -0.22889594E-05   -0.54932300E-05    0.23749579E+00    0.56134547E-01    0.87784365E-01   -0.30138972E-02    0.10056646E-06   -0.16949688E-06    0.00000000E+00    0.64251353E+01   -0.13313295E+00    0.97190136E-01    0.10444222E-05    0.14539977E-05    0.00000000E+00   -0.74835019E-01   -0.45076492E+00   -0.49200117E-03   -0.20446412E-06    0.11822872E-05
  9.0000   -0.11621188E+01   -0.60202265E+01    0.72106140E+00   -0.80343786E-01   -0.18563883E-05   -0.40746905E-05    0.22394557E+00    0.23572368E+00    0.11639539E+00   -0.24702476E-02    0.13892539E-06   -0.21915807E-06    0.00000000E+00    0.50301258E+01    0.29911496E-01    0.11104256E+00    0.11361495E-05    0.10441286E-05    0.00000000E+00   -0.11045264E+00   -0.25790837E+00   -0.47265675E-03    0.32161738E-07    0.82560140E-06
 10.0000   -0.86676352E+00   -0.47591890E+01    0.50245994E+00   -0.74997543E-01   -0.15415756E-05   -0.30873635E-05    0.22268272E+00    0.28294726E+00   -0.35425563E-01   -0.21140884E-02   -0.52924267E-07    0.56060354E-07    0.00000000E+00    0.39865924E+01    0.14248265E+00    0.12003407E+00    0.11868408E-05    0.74850143E-06    0.00000000E+00    0.37054035E-01   -0.21558333E+00   -0.45853995E-03    0.89394620E-07    0.75262383E-06
 12.0000   -0.51687574E+00   -0.32220788E+01    0.19988361E+00   -0.63869510E-01   -0.11734100E-05   -0.17883399E-05    0.24114711E+00    0.15110013E+00    0.28357506E-01   -0.16421655E-02    0.30456522E-07   -0.56783648E-07    0.00000000E+00    0.27335472E+01    0.29169131E+00    0.12755840E+00    0.12426144E-05    0.34524357E-06    0.00000000E+00   -0.30509054E-01   -0.39212489E+00   -0.43941826E-03   -0.10650850E-06    0.10998402E-05
 16.0000   -0.26296606E+00   -0.16728712E+01    0.87116205E-01   -0.44776828E-01   -0.59500890E-06   -0.86301669E-06    0.23879796E+00    0.18144223E+00    0.10140813E-01   -0.11119927E-02    0.97731341E-08   -0.21424469E-07    0.00000000E+00    0.14401540E+01    0.21188789E+00    0.12062082E+00    0.93033580E-06    0.27847540E-06    0.00000000E+00   -0.12911049E-01   -0.36296103E+00   -0.38081304E-03   -0.69066935E-07    0.10475610E-05
 20.0000   -0.17362038E+00   -0.99484241E+00    0.58652979E-01   -0.31833857E-01   -0.32473648E-06   -0.50517886E-06    0.23529893E+00    0.19511683E+00    0.22488740E-02   -0.80048423E-03    0.97171456E-09   -0.59468116E-08    0.00000000E+00    0.83781535E+00    0.10885592E+00    0.10340156E+00    0.66629714E-06    0.33140842E-06    0.00000000E+00   -0.41563307E-02   -0.34358442E+00   -0.32789096E-03   -0.49530132E-07    0.10074868E-05
 25.0000   -0.11654959E+00   -0.61337128E+00    0.50428622E-01   -0.22086118E-01   -0.15867711E-06   -0.31381775E-06    0.22802801E+00    0.22365766E+00    0.25161171E-01   -0.55976718E-03    0.30910650E-07   -0.46496186E-07    0.00000000E+00    0.47552913E+00    0.48101458E-02    0.79380530E-01    0.42045389E-06    0.40565576E-06    0.00000000E+00   -0.26339574E-01   -0.29882683E+00   -0.27003005E-03   -0.53035178E-08    0.91401934E-06
 30.0000   -0.85675872E-01   -0.41505184E+00    0.44357588E-01   -0.16617803E-01   -0.81913755E-07   -0.21837722E-06    0.22106443E+00    0.23918449E+00    0.47781774E-02   -0.40955419E-03    0.53382396E-08   -0.93615369E-08    0.00000000E+00    0.27632134E+00   -0.68505459E-01    0.56288126E-01    0.24422839E-06    0.45498133E-06    0.00000000E+00   -0.55692571E-02   -0.26554142E+00   -0.22106957E-03    0.22868856E-07    0.83979112E-06
 40.0000   -0.46560501E-01   -0.24022186E+00    0.89083710E-02   -0.12085917E-01   -0.58391674E-07   -0.85797744E-07    0.21209534E+00    0.20096407E+00   -0.77643855E-02   -0.22514805E-03   -0.10250756E-07    0.13635911E-07    0.00000000E+00    0.86438336E-01   -0.13733360E+00    0.16904429E-01    0.38998661E-07    0.46149725E-06    0.00000000E+00    0.73916945E-02   -0.27452962E+00   -0.14550739E-03   -0.14481041E-07    0.83009289E-06
 50.0000   -0.20208227E-01   -0.17303942E+00    0.19082279E-02   -0.11528847E-01   -0.43436505E-07   -0.49307053E-07    0.19571300E+00    0.20127828E+00    0.80285975E-02   -0.10833516E-03    0.10078732E-07   -0.14620767E-07    0.00000000E+00    0.56897512E-02   -0.18011372E+00   -0.11328425E-01   -0.10344287E-06    0.45066619E-06    0.00000000E+00   -0.81590313E-02   -0.22691452E+00   -0.87458983E-04    0.68759960E-08    0.70496492E-06
 60.0000   -0.50093953E-02   -0.12594533E+00   -0.12932674E-01   -0.12457958E-01   -0.54835757E-07   -0.15049161E-07    0.17941789E+00    0.17743985E+00   -0.74559913E-02   -0.29411062E-04   -0.94903611E-08    0.13447550E-07    0.00000000E+00   -0.44702740E-01   -0.17914155E+00   -0.28287171E-01   -0.16137680E-06    0.38974144E-06    0.00000000E+00    0.74585140E-02   -0.20118424E+00   -0.47173860E-04   -0.26482941E-08    0.61628296E-06
 70.0000    0.79702360E-02   -0.10619856E+00   -0.19843750E-01   -0.13582979E-01   -0.61246045E-07   -0.19793620E-09    0.16040179E+00    0.15990993E+00    0.66345616E-02    0.25518277E-04    0.85503249E-08   -0.11860507E-07    0.00000000E+00   -0.60344529E-01   -0.15971505E+00   -0.35457466E-01   -0.17570801E-06    0.31564577E-06    0.00000000E+00   -0.65647601E-02   -0.16185882E+00   -0.19736350E-04   -0.70532595E-09    0.49724365E-06
 80.0000    0.14629245E-01   -0.82820449E-01   -0.22440372E-01   -0.14210131E-01   -0.63234862E-07    0.58015978E-08    0.13999310E+00    0.14248738E+00   -0.50083333E-02    0.59662437E-04   -0.62169059E-08    0.91909316E-08    0.00000000E+00   -0.71551845E-01   -0.12772943E+00   -0.34997763E-01   -0.15881445E-06    0.23413751E-06    0.00000000E+00    0.50959797E-02   -0.11837849E+00   -0.23750017E-05    0.31336751E-08    0.36731802E-06
 90.0000    0.20463612E-01   -0.72024811E-01   -0.26217828E-01   -0.14048332E-01   -0.66351339E-07    0.14306237E-07    0.11985331E+00    0.11630266E+00    0.37775547E-02    0.80090979E-04    0.50003539E-08   -0.66210670E-08    0.00000000E+00   -0.66996376E-01   -0.85295589E-01   -0.29123647E-01   -0.11729698E-06    0.14510979E-06    0.00000000E+00   -0.36926922E-02   -0.83562196E-01    0.71946866E-05   -0.45408925E-08    0.25253320E-06
100.0000    0.22586607E-01   -0.57406793E-01   -0.20985606E-01   -0.13075222E-01   -0.56346242E-07    0.82147191E-08    0.98313520E-01    0.10270548E+00   -0.18797580E-02    0.88735985E-04   -0.21951630E-08    0.35878000E-08    0.00000000E+00   -0.63531753E-01   -0.46717084E-01   -0.19811662E-01   -0.75408492E-07    0.68313819E-07    0.00000000E+00    0.19479534E-02   -0.33352849E-01    0.12497035E-04    0.55908799E-08    0.10819892E-06
110.0000    0.23678334E-01   -0.47811001E-01   -0.22184133E-01   -0.11432288E-01   -0.53950185E-07    0.14297972E-07    0.79085772E-01    0.74577522E-01    0.51909423E-03    0.89698996E-04    0.85341152E-09   -0.74355080E-09    0.00000000E+00   -0.55005205E-01   -0.19188499E-02   -0.86967844E-02   -0.20135049E-07   -0.14231822E-07    0.00000000E+00   -0.46916172E-03   -0.29280361E-02    0.13725885E-04   -0.57317969E-08    0.32761309E-08
120.0000    0.23088298E-01   -0.38785231E-01   -0.14077275E-01   -0.93419991E-02   -0.38403783E-07    0.49041092E-08    0.59320361E-01    0.63698902E-01    0.12701798E-02    0.84710096E-04    0.17938666E-08   -0.21137654E-08    0.00000000E+00   -0.46356119E-01    0.32357641E-01    0.29275183E-02    0.22060534E-07   -0.77485810E-07    0.00000000E+00   -0.12374883E-02    0.44580963E-01    0.13998519E-04    0.55931069E-08   -0.13155756E-06
130.0000    0.20784091E-01   -0.28918227E-01   -0.13789725E-01   -0.70565059E-02   -0.33101770E-07    0.93214928E-08    0.43069360E-01    0.39333850E-01   -0.25402661E-02    0.75285889E-04   -0.30808880E-08    0.47340886E-08    0.00000000E+00   -0.39351857E-01    0.69552371E-01    0.14074722E-01    0.70477853E-07   -0.14349585E-06    0.00000000E+00    0.25583001E-02    0.69761172E-01    0.12429170E-04   -0.47342166E-08   -0.21935028E-06
140.0000    0.18478987E-01   -0.24423628E-01   -0.67692561E-02   -0.48187716E-02   -0.18988147E-07    0.18370642E-08    0.27690095E-01    0.30453730E-01    0.40147210E-02    0.63433137E-04    0.52391951E-08   -0.71118535E-08    0.00000000E+00   -0.28691073E-01    0.95322531E-01    0.24010829E-01    0.10320589E-06   -0.19004817E-06    0.00000000E+00   -0.40052910E-02    0.10635004E+00    0.11277403E-04    0.35455789E-08   -0.32363396E-06
150.0000    0.13781016E-01   -0.14099400E-01   -0.53642051E-02   -0.28443660E-02   -0.13013164E-07    0.34894919E-08    0.16157708E-01    0.14773298E-01   -0.50843710E-02    0.48708268E-04   -0.63772039E-08    0.92645590E-08    0.00000000E+00   -0.24213783E-01    0.11979628E+00    0.32207579E-01    0.13525375E-06   -0.23329234E-06    0.00000000E+00    0.50861380E-02    0.12566803E+00    0.96226080E-05   -0.17340791E-08   -0.38834423E-06
160.0000    0.10506936E-01   -0.13141628E-01   -0.24065303E-02   -0.13068437E-02   -0.58920082E-08    0.15115383E-08    0.72708790E-02    0.67058301E-02    0.63119851E-02    0.33672427E-04    0.81031731E-08   -0.11315271E-07    0.00000000E+00   -0.12333712E-01    0.13592783E+00    0.38297088E-01    0.15605784E-06   -0.26211599E-06    0.00000000E+00   -0.63108373E-02    0.14416445E+00    0.85122666E-05   -0.68927337E-09   -0.44420256E-06
170.0000    0.42517385E-02   -0.17517966E-02    0.12149056E-02   -0.33303103E-03    0.94996942E-09   -0.27876148E-08    0.14586639E-02    0.51344182E-02   -0.79087595E-02    0.16461632E-04   -0.10037785E-07    0.14293041E-07    0.00000000E+00   -0.10264234E-01    0.14411126E+00    0.42040059E-01    0.16626199E-06   -0.27708768E-06    0.00000000E+00    0.79066828E-02    0.15960497E+00    0.79981319E-05    0.47122352E-08   -0.48630291E-06
179.9000   -0.89370509E-02    0.34217876E-01    0.15258052E-01    0.80108304E-06    0.20450751E-07   -0.26489732E-07   -0.23648902E-03    0.25929892E-01   -0.82390440E-01   -0.41126607E-05   -0.10491413E-06    0.14855512E-06    0.00000000E+00   -0.30971385E-01    0.13789508E+00    0.43301487E-01    0.15625898E-06   -0.26796697E-06    0.00000000E+00    0.82374926E-01    0.18797223E+00    0.89157547E-05    0.33353605E-07   -0.54493171E-06
180.0000    0.00000000E+00    0.00000000E+00    0.00000000E+00    0.00000000E+00    0.00000000E+00    0.00000000E+00    0.00000000E+00    0.00000000E+00    0.00000000E+00    0.00000000E+00    0.00000000E+00    0.00000000E+00    0.00000000E+00    0.00000000E+00    0.39310025E+00    0.40112270E+02    0.53852077E-06   -0.67082861E-06    0.00000000E+00    0.00000000E+00   -0.47239986E+00   -0.48204067E+02   -0.73117339E-06    0.72213647E-06
