  0.0000    0.00000000E+00    0.00000000E+00    0.00000000E+00    0.00000000E+00    0.00000000E+00    0.00000000E+00    0.00000000E+00    0.00000000E+00    0.00000000E+00    0.00000000E+00    0.00000000E+00    0.00000000E+00    0.00000000E+00    0.00000000E+00   -0.52286453E+03   -0.74875105E+01   -0.30932846E-02   -0.14847232E-02    0.00000000E+00    0.00000000E+00    0.80170862E+04    0.17619433E+02    0.68780741E-02   -0.17786011E-01
  0.0003   -0.19415176E+00   -0.19415274E+00   -0.14719673E-02   -0.27772034E-05   -0.21391605E-08    0.23892589E-08   -0.14941631E+03   -0.14941961E+03   -0.50068036E+01   -0.10941547E-01   -0.64097595E-05    0.89933720E-05    0.00000000E+00   -0.37447824E+00   -0.52286250E+03   -0.74875051E+01   -0.30932804E-02   -0.14847252E-02    0.00000000E+00    0.52410684E+01    0.80170776E+04    0.17619422E+02    0.68780654E-02   -0.17785994E-01
  0.0004   -0.25886889E+00   -0.25887122E+00   -0.26168287E-02   -0.49372479E-05   -0.38029490E-08    0.42475679E-08   -0.14941625E+03   -0.14942212E+03   -0.66757326E+01   -0.14588721E-01   -0.85463390E-05    0.11991153E-04    0.00000000E+00   -0.49930300E+00   -0.52286093E+03   -0.74875009E+01   -0.30932772E-02   -0.14847268E-02    0.00000000E+00    0.69880857E+01    0.80170710E+04    0.17619413E+02    0.68780586E-02   -0.17785980E-01
  0.0005   -0.32358591E+00   -0.32359047E+00   -0.40887907E-02   -0.77144444E-05   -0.59421020E-08    0.66368177E-08   -0.14941618E+03   -0.14942535E+03   -0.83446570E+01   -0.18235890E-01   -0.10682912E-04    0.14988925E-04    0.00000000E+00   -0.62412663E+00   -0.52285890E+03   -0.74874956E+01   -0.30932730E-02   -0.14847289E-02    0.00000000E+00    0.87350981E+01    0.80170624E+04    0.17619401E+02    0.68780499E-02   -0.17785963E-01
  0.0006   -0.38830281E+00   -0.38831068E+00   -0.58878511E-02   -0.11108790E-04   -0.85566164E-08    0.95570050E-08   -0.14941608E+03   -0.14942930E+03   -0.10013575E+02   -0.21883050E-01   -0.12819478E-04    0.17986687E-04    0.00000000E+00   -0.74894886E+00   -0.52285643E+03   -0.74874890E+01   -0.30932679E-02   -0.14847314E-02    0.00000000E+00    0.10482105E+02    0.80170520E+04    0.17619387E+02    0.68780392E-02   -0.17785941E-01
  0.0007   -0.45301954E+00   -0.45303205E+00   -0.80140077E-02   -0.15120283E-04   -0.11646489E-07    0.13008126E-07   -0.14941598E+03   -0.14943396E+03   -0.11682487E+02   -0.25530201E-01   -0.14956036E-04    0.20984436E-04    0.00000000E+00   -0.87376938E+00   -0.52285350E+03   -0.74874812E+01   -0.30932618E-02   -0.14847343E-02    0.00000000E+00    0.12229104E+02    0.80170396E+04    0.17619371E+02    0.68780267E-02   -0.17785916E-01
  0.0008   -0.51773609E+00   -0.51775476E+00   -0.10467257E-01   -0.19748918E-04   -0.15211716E-07    0.16990175E-07   -0.14941585E+03   -0.14943934E+03   -0.13351390E+02   -0.29177341E-01   -0.17092582E-04    0.23982170E-04    0.00000000E+00   -0.99858793E+00   -0.52285013E+03   -0.74874723E+01   -0.30932548E-02   -0.14847377E-02    0.00000000E+00    0.13976095E+02    0.80170254E+04    0.17619352E+02    0.68780121E-02   -0.17785886E-01
  0.0009   -0.58245243E+00   -0.58247902E+00   -0.13247597E-01   -0.24994691E-04   -0.19252292E-07    0.21503146E-07   -0.14941571E+03   -0.14944543E+03   -0.15020284E+02   -0.32824468E-01   -0.19229117E-04    0.26979887E-04    0.00000000E+00   -0.11234042E+01   -0.52284630E+03   -0.74874621E+01   -0.30932469E-02   -0.14847416E-02    0.00000000E+00    0.15723076E+02    0.80170092E+04    0.17619330E+02    0.68779957E-02   -0.17785853E-01
  0.0010   -0.64716854E+00   -0.64720500E+00   -0.16355022E-01   -0.30857598E-04   -0.23768211E-07    0.26547034E-07   -0.14941555E+03   -0.14945225E+03   -0.16689167E+02   -0.36471581E-01   -0.21365638E-04    0.29977586E-04    0.00000000E+00   -0.12482180E+01   -0.52284202E+03   -0.74874508E+01   -0.30932381E-02   -0.14847459E-02    0.00000000E+00    0.17470046E+02    0.80169912E+04    0.17619306E+02    0.68779773E-02   -0.17785816E-01
  0.0012   -0.77659993E+00   -0.77666294E+00   -0.23551113E-01   -0.44434790E-04   -0.34226058E-07    0.38227529E-07   -0.14941518E+03   -0.14946803E+03   -0.20026897E+02   -0.43765758E-01   -0.25638634E-04    0.35972917E-04    0.00000000E+00   -0.14978367E+01   -0.52283212E+03   -0.74874246E+01   -0.30932176E-02   -0.14847559E-02    0.00000000E+00    0.20963950E+02    0.80169494E+04    0.17619250E+02    0.68779347E-02   -0.17785730E-01
  0.0014   -0.90603006E+00   -0.90613012E+00   -0.32055490E-01   -0.60480442E-04   -0.46585201E-07    0.52031593E-07   -0.14941475E+03   -0.14948668E+03   -0.23364571E+02   -0.51059858E-01   -0.29911557E-04    0.41968146E-04    0.00000000E+00   -0.17474419E+01   -0.52282042E+03   -0.74873935E+01   -0.30931934E-02   -0.14847677E-02    0.00000000E+00    0.24457796E+02    0.80169000E+04    0.17619183E+02    0.68778843E-02   -0.17785629E-01
  0.0015   -0.97074458E+00   -0.97086765E+00   -0.36798271E-01   -0.69428922E-04   -0.53477739E-07    0.59729940E-07   -0.14941451E+03   -0.14949708E+03   -0.25033384E+02   -0.54706876E-01   -0.32047989E-04    0.44965717E-04    0.00000000E+00   -0.18722387E+01   -0.52281389E+03   -0.74873762E+01   -0.30931799E-02   -0.14847742E-02    0.00000000E+00    0.26204695E+02    0.80168725E+04    0.17619147E+02    0.68778562E-02   -0.17785572E-01
  0.0016   -0.10354587E+01   -0.10356081E+01   -0.41868107E-01   -0.78994495E-04   -0.60845575E-07    0.67959147E-07   -0.14941425E+03   -0.14950820E+03   -0.26702179E+02   -0.58353870E-01   -0.34184397E-04    0.47963257E-04    0.00000000E+00   -0.19970313E+01   -0.52280692E+03   -0.74873577E+01   -0.30931654E-02   -0.14847813E-02    0.00000000E+00    0.27951575E+02    0.80168430E+04    0.17619107E+02    0.68778262E-02   -0.17785511E-01
  0.0017   -0.11001724E+01   -0.11003516E+01   -0.47264988E-01   -0.89177151E-04   -0.68688700E-07    0.76719205E-07   -0.14941397E+03   -0.14952003E+03   -0.28370955E+02   -0.62000838E-01   -0.36320782E-04    0.50960762E-04    0.00000000E+00   -0.21218194E+01   -0.52279949E+03   -0.74873381E+01   -0.30931501E-02   -0.14847888E-02    0.00000000E+00    0.29698437E+02    0.80168117E+04    0.17619065E+02    0.68777943E-02   -0.17785447E-01
  0.0018   -0.11648857E+01   -0.11650983E+01   -0.52988909E-01   -0.99976880E-04   -0.77007104E-07    0.86010101E-07   -0.14941368E+03   -0.14953258E+03   -0.30039711E+02   -0.65647779E-01   -0.38457142E-04    0.53958232E-04    0.00000000E+00   -0.22466026E+01   -0.52279161E+03   -0.74873172E+01   -0.30931338E-02   -0.14847967E-02    0.00000000E+00    0.31445278E+02    0.80167785E+04    0.17619020E+02    0.68777604E-02   -0.17785379E-01
  0.0019   -0.12295985E+01   -0.12298486E+01   -0.59039861E-01   -0.11139367E-03   -0.85800775E-07    0.95831821E-07   -0.14941337E+03   -0.14954585E+03   -0.31708447E+02   -0.69294692E-01   -0.40593474E-04    0.56955664E-04    0.00000000E+00   -0.23713808E+01   -0.52278329E+03   -0.74872951E+01   -0.30931166E-02   -0.14848051E-02    0.00000000E+00    0.33192097E+02    0.80167433E+04    0.17618973E+02    0.68777246E-02   -0.17785306E-01
  0.0020   -0.12943108E+01   -0.12946025E+01   -0.65417835E-01   -0.12342752E-03   -0.95069702E-07    0.10618435E-06   -0.14941305E+03   -0.14955984E+03   -0.33377160E+02   -0.72941575E-01   -0.42729778E-04    0.59953055E-04    0.00000000E+00   -0.24961536E+01   -0.52277451E+03   -0.74872718E+01   -0.30930984E-02   -0.14848139E-02    0.00000000E+00    0.34938894E+02    0.80167063E+04    0.17618924E+02    0.68776868E-02   -0.17785230E-01
  0.0030   -0.19414004E+01   -0.19423849E+01   -0.14718168E+00   -0.27770115E-03   -0.21389504E-06    0.23890059E-06   -0.14940887E+03   -0.14973914E+03   -0.50062803E+02   -0.10940839E+00   -0.64090923E-04    0.89924292E-04    0.00000000E+00   -0.37435246E+01   -0.52266199E+03   -0.74869736E+01   -0.30928657E-02   -0.14849273E-02    0.00000000E+00    0.52405344E+02    0.80162315E+04    0.17618287E+02    0.68772027E-02   -0.17784253E-01
  0.0040   -0.25884111E+01   -0.25907445E+01   -0.26163531E+00   -0.49366412E-03   -0.38022852E-06    0.42467683E-06   -0.14940303E+03   -0.14999013E+03   -0.66744923E+02   -0.14587045E+00   -0.85447576E-04    0.11988918E-03    0.00000000E+00   -0.49900488E+01   -0.52250449E+03   -0.74865560E+01   -0.30925399E-02   -0.14850861E-02    0.00000000E+00    0.69868200E+02    0.80155668E+04    0.17617395E+02    0.68765251E-02   -0.17782886E-01
  0.0050   -0.32353166E+01   -0.32398736E+01   -0.40876294E+00   -0.77129633E-03   -0.59404815E-06    0.66348656E-06   -0.14939553E+03   -0.15031277E+03   -0.83422345E+02   -0.18232616E+00   -0.10679824E-03    0.14984561E-03    0.00000000E+00   -0.62354441E+01   -0.52230202E+03   -0.74860192E+01   -0.30921210E-02   -0.14852901E-02    0.00000000E+00    0.87326262E+02    0.80147122E+04    0.17616249E+02    0.68756540E-02   -0.17781128E-01
  0.0060   -0.38820907E+01   -0.38899642E+01   -0.58854433E+00   -0.11105719E-02   -0.85532565E-06    0.95529575E-06   -0.14938635E+03   -0.15070702E+03   -0.10009390E+03   -0.21877394E+00   -0.12814142E-03    0.17979146E-03    0.00000000E+00   -0.74794288E+01   -0.52205461E+03   -0.74853632E+01   -0.30916092E-02   -0.14855394E-02    0.00000000E+00    0.10477833E+03    0.80136680E+04    0.17614848E+02    0.68745894E-02   -0.17778980E-01
  0.0070   -0.45287070E+01   -0.45412082E+01   -0.80095473E+00   -0.15114594E-02   -0.11640265E-05    0.13000628E-05   -0.14937552E+03   -0.15117282E+03   -0.11675841E+03   -0.25521220E+00   -0.14947563E-03    0.20972463E-03    0.00000000E+00   -0.87217212E+01   -0.52176228E+03   -0.74845880E+01   -0.30910044E-02   -0.14858340E-02    0.00000000E+00    0.12222322E+03    0.80124341E+04    0.17613193E+02    0.68733315E-02   -0.17776442E-01
  0.0080   -0.51751395E+01   -0.51937972E+01   -0.10459649E+01   -0.19739213E-02   -0.15201099E-05    0.16977385E-05   -0.14936301E+03   -0.15171013E+03   -0.13341471E+03   -0.29163936E+00   -0.17079936E-03    0.23964299E-03    0.00000000E+00   -0.99620401E+01   -0.52142507E+03   -0.74836937E+01   -0.30903068E-02   -0.14861738E-02    0.00000000E+00    0.13965972E+03    0.80110107E+04    0.17611284E+02    0.68718805E-02   -0.17773514E-01
  0.0090   -0.58213618E+01   -0.58479223E+01   -0.13235411E+01   -0.24979148E-02   -0.19235287E-05    0.21482662E-05   -0.14934885E+03   -0.15231886E+03   -0.15006162E+03   -0.32805383E+00   -0.19211113E-03    0.26954446E-03    0.00000000E+00   -0.11200105E+02   -0.52104303E+03   -0.74826804E+01   -0.30895163E-02   -0.14865586E-02    0.00000000E+00    0.15708665E+03    0.80093979E+04    0.17609120E+02    0.68702364E-02   -0.17770197E-01
  0.0100   -0.64673478E+01   -0.65037747E+01   -0.16336451E+01   -0.30833910E-02   -0.23742297E-05    0.26515817E-05   -0.14933302E+03   -0.15299893E+03   -0.16669798E+03   -0.36445404E+00   -0.21340945E-03    0.29942691E-03    0.00000000E+00   -0.12435634E+02   -0.52061619E+03   -0.74815481E+01   -0.30886331E-02   -0.14869886E-02    0.00000000E+00    0.17450282E+03    0.80075959E+04    0.17606702E+02    0.68683995E-02   -0.17766490E-01
  0.0120   -0.77585064E+01   -0.78214230E+01   -0.23512616E+01   -0.44385682E-02   -0.34172338E-05    0.38162816E-05   -0.14929640E+03   -0.15457273E+03   -0.19993438E+03   -0.43720534E+00   -0.25595977E-03    0.35912638E-03    0.00000000E+00   -0.14897969E+02   -0.51962833E+03   -0.74789268E+01   -0.30865889E-02   -0.14879835E-02    0.00000000E+00    0.20929808E+03    0.80034248E+04    0.17601105E+02    0.68641476E-02   -0.17757910E-01
  0.0140   -0.90484070E+01   -0.91482612E+01   -0.31984195E+01   -0.60389490E-02   -0.46485713E-05    0.51911748E-05   -0.14925316E+03   -0.15643070E+03   -0.23311459E+03   -0.50988065E+00   -0.29843847E-03    0.41872462E-03    0.00000000E+00   -0.17346811E+02   -0.51846199E+03   -0.74758308E+01   -0.30841750E-02   -0.14891577E-02    0.00000000E+00    0.24403600E+03    0.79984990E+04    0.17594494E+02    0.68591266E-02   -0.17747777E-01
  0.0160   -0.10336842E+02   -0.10485801E+02   -0.41746530E+01   -0.78839386E-02   -0.60675920E-05    0.67754780E-05   -0.14920332E+03   -0.15857185E+03   -0.26622933E+03   -0.58246740E+00   -0.34083369E-03    0.47820491E-03    0.00000000E+00   -0.19779936E+02   -0.51711771E+03   -0.74722608E+01   -0.30813923E-02   -0.14905106E-02    0.00000000E+00    0.27870711E+03    0.79928202E+04    0.17586871E+02    0.68533385E-02   -0.17736094E-01
  0.0180   -0.11623604E+02   -0.11835543E+02   -0.52794257E+01   -0.99728518E-02   -0.76735472E-05    0.85682897E-05   -0.14914691E+03   -0.16099504E+03   -0.29926936E+03   -0.65495303E+00   -0.38313366E-03    0.53755059E-03    0.00000000E+00   -0.22195131E+02   -0.51559613E+03   -0.74682179E+01   -0.30782420E-02   -0.14920413E-02    0.00000000E+00    0.31330197E+03    0.79863905E+04    0.17578237E+02    0.68467854E-02   -0.17722867E-01
  0.0200   -0.12908487E+02   -0.13198980E+02   -0.65121307E+01   -0.12304913E-01   -0.94655902E-05    0.10568590E-04   -0.14908395E+03   -0.16369899E+03   -0.33222546E+03   -0.72732506E+00   -0.42532665E-03    0.59674509E-03    0.00000000E+00   -0.24590197E+02   -0.51389799E+03   -0.74637032E+01   -0.30747252E-02   -0.14937488E-02    0.00000000E+00    0.34781119E+03    0.79792124E+04    0.17568596E+02    0.68394700E-02   -0.17708099E-01
  0.0220   -0.14191287E+02   -0.14577590E+02   -0.78720918E+01   -0.14879258E-01   -0.11442777E-04    0.12775242E-04   -0.14901448E+03   -0.16668226E+03   -0.36508849E+03   -0.79957103E+00   -0.46740098E-03    0.65577191E-03    0.00000000E+00   -0.26962949E+02   -0.51202408E+03   -0.74587181E+01   -0.30708435E-02   -0.14956321E-02    0.00000000E+00    0.38222543E+03    0.79712884E+04    0.17557949E+02    0.68313951E-02   -0.17691796E-01
  0.0240   -0.15471800E+02   -0.15972840E+02   -0.93585633E+01   -0.17694933E-01   -0.13604067E-04    0.15186993E-04   -0.14893853E+03   -0.16994327E+03   -0.39784935E+03   -0.87167856E+00   -0.50934505E-03    0.71461467E-03    0.00000000E+00   -0.29311218E+02   -0.50997531E+03   -0.74532638E+01   -0.30665983E-02   -0.14976898E-02    0.00000000E+00    0.41653540E+03    0.79626215E+04    0.17546301E+02    0.68225639E-02   -0.17673964E-01
  0.0260   -0.16749825E+02   -0.17386181E+02   -0.10970731E+02   -0.20750895E-01   -0.15948323E-04    0.17802474E-04   -0.14885614E+03   -0.17348030E+03   -0.43049900E+03   -0.94363532E+00   -0.55114734E-03    0.77325707E-03    0.00000000E+00   -0.31632854E+02   -0.50775264E+03   -0.74473420E+01   -0.30619914E-02   -0.14999208E-02    0.00000000E+00    0.45073187E+03    0.79532148E+04    0.17533653E+02    0.68129797E-02   -0.17654609E-01
  0.0280   -0.18025160E+02   -0.18819047E+02   -0.12707713E+02   -0.24046015E-01   -0.18474314E-04    0.20620203E-04   -0.14876734E+03   -0.17729148E+03   -0.46302846E+03   -0.10154290E+01   -0.59279640E-03    0.83168295E-03    0.00000000E+00   -0.33925724E+02   -0.50535714E+03   -0.74409544E+01   -0.30570246E-02   -0.15023236E-02    0.00000000E+00    0.48480567E+03    0.79430717E+04    0.17520009E+02    0.68026463E-02   -0.17633738E-01
  0.0300   -0.19297607E+02   -0.20272858E+02   -0.14568559E+02   -0.27579076E-01   -0.21180715E-04    0.23638584E-04   -0.14867218E+03   -0.18137479E+03   -0.49542883E+03   -0.10870475E+01   -0.63428087E-03    0.88987625E-03    0.00000000E+00   -0.36187717E+02   -0.50278993E+03   -0.74341027E+01   -0.30516998E-02   -0.15048967E-02    0.00000000E+00    0.51874771E+03    0.79321960E+04    0.17505374E+02    0.67915677E-02   -0.17611358E-01
  0.0400   -0.25609682E+02   -0.27904381E+02   -0.25692924E+02   -0.48764927E-01   -0.37366038E-04    0.41676705E-04   -0.14810261E+03   -0.20579314E+03   -0.65518788E+03   -0.14420907E+01   -0.83884395E-03    0.11768023E-02    0.00000000E+00   -0.46962303E+02   -0.48742367E+03   -0.73929554E+01   -0.30197859E-02   -0.15202561E-02    0.00000000E+00    0.68616864E+03    0.78669756E+04    0.17417463E+02    0.67251567E-02   -0.17477123E-01
  0.0500   -0.31820839E+02   -0.36260378E+02   -0.39734312E+02   -0.75668309E-01   -0.57810812E-04    0.64429420E-04   -0.14738196E+03   -0.23663396E+03   -0.81043162E+03   -0.17909748E+01   -0.10376504E-02    0.14555940E-02    0.00000000E+00   -0.56662886E+02   -0.46798007E+03   -0.73405498E+01   -0.29792981E-02   -0.15395854E-02    0.00000000E+00    0.84897990E+03    0.77841417E+04    0.17305456E+02    0.66408759E-02   -0.17306570E-01
  0.0600   -0.37908691E+02   -0.45491969E+02   -0.56503895E+02   -0.10804495E+00   -0.82251219E-04    0.91579630E-04   -0.14651852E+03   -0.27349656E+03   -0.96015302E+03   -0.21322871E+01   -0.12294162E-02    0.17244371E-02    0.00000000E+00   -0.65057614E+02   -0.44468581E+03   -0.72772497E+01   -0.29306316E-02   -0.15625823E-02    0.00000000E+00    0.10061519E+04    0.76844360E+04    0.17170097E+02    0.65395272E-02   -0.17101180E-01
  0.0700   -0.43852637E+02   -0.55731395E+02   -0.75778646E+02   -0.14560432E+00   -0.11037547E-03    0.12275300E-03   -0.14552194E+03   -0.31590731E+03   -0.11034224E+04   -0.24646959E+01   -0.14129559E-02    0.19816572E-02    0.00000000E+00   -0.71937804E+02   -0.41780925E+03   -0.72034890E+01   -0.28742553E-02   -0.15888902E-02    0.00000000E+00    0.11567331E+04    0.75687395E+04    0.17012275E+02    0.64220623E-02   -0.16862712E-01
  0.0800   -0.49634109E+02   -0.67089318E+02   -0.97305688E+02   -0.18801414E+00   -0.14182978E-03    0.15752534E-03   -0.14440303E+03   -0.36332870E+03   -0.12393993E+04   -0.27869637E+01   -0.15871975E-02    0.22257402E-02    0.00000000E+00   -0.77121351E+02   -0.38765552E+03   -0.71197657E+01   -0.28107037E-02   -0.16181047E-02    0.00000000E+00    0.12998618E+04    0.74380580E+04    0.16833011E+02    0.62895665E-02   -0.16593174E-01
  0.0900   -0.55236770E+02   -0.79652656E+02   -0.12080715E+03   -0.23490551E+00   -0.17622504E-03    0.19543093E-03   -0.14317342E+03   -0.41516943E+03   -0.13673421E+04   -0.30979583E+01   -0.17511954E-02    0.24553507E-02    0.00000000E+00   -0.80455538E+02   -0.35456102E+03   -0.70266351E+01   -0.27405677E-02   -0.16497820E-02    0.00000000E+00    0.14347765E+04    0.72935057E+04    0.16633445E+02    0.61432408E-02   -0.16294793E-01
  0.1000   -0.60646658E+02   -0.93482992E+02   -0.14598542E+03   -0.28587844E+00   -0.21314403E-03    0.23597139E-03   -0.14184526E+03   -0.47079537E+03   -0.14866163E+04   -0.33966624E+01   -0.19041398E-02    0.26693461E-02    0.00000000E+00   -0.81819176E+02   -0.31888752E+03   -0.69247024E+01   -0.26644855E-02   -0.16834471E-02    0.00000000E+00    0.15608233E+04    0.71362873E+04    0.16414819E+02    0.59843818E-02   -0.15969979E-01
  0.1100   -0.65852265E+02   -0.10861561E+03   -0.17252868E+03   -0.34050776E+00   -0.25214903E-03    0.27862511E-03   -0.14043097E+03   -0.52954107E+03   -0.15966998E+04   -0.36821806E+01   -0.20453647E-02    0.28667866E-02    0.00000000E+00   -0.81124047E+02   -0.28101586E+03   -0.68146146E+01   -0.25831317E-02   -0.17186032E-02    0.00000000E+00    0.16774623E+04    0.69676798E+04    0.16178463E+02    0.58143615E-02   -0.15621288E-01
  0.1200   -0.70844565E+02   -0.12505912E+03   -0.20011650E+03   -0.39834925E+00   -0.29278962E-03    0.32285682E-03   -0.13894289E+03   -0.59072154E+03   -0.16971869E+04   -0.39537452E+01   -0.21743521E-02    0.30469418E-02    0.00000000E+00   -0.78315627E+02   -0.24133949E+03   -0.66970523E+01   -0.24972069E-02   -0.17547404E-02    0.00000000E+00    0.17842709E+04    0.67890127E+04    0.15925774E+02    0.56346055E-02   -0.15251386E-01
  0.1300   -0.75616976E+02   -0.14279576E+03   -0.22842557E+03   -0.45894585E+00   -0.33461038E-03    0.36812721E-03   -0.13739301E+03   -0.65364409E+03   -0.17877892E+04   -0.42107196E+01   -0.22907332E-02    0.32092931E-02    0.00000000E+00   -0.73373087E+02   -0.20025807E+03   -0.65727212E+01   -0.24074270E-02   -0.17913451E-02    0.00000000E+00    0.18809452E+04    0.66016489E+04    0.15658206E+02    0.54465719E-02   -0.14863005E-01
  0.1400   -0.80165277E+02   -0.16178223E+03   -0.25713511E+03   -0.52183376E+00   -0.37715859E-03    0.41390219E-03   -0.13579273E+03   -0.71761983E+03   -0.18683347E+04   -0.44525988E+01   -0.23942880E-02    0.33535318E-02    0.00000000E+00   -0.66308603E+02   -0.15817104E+03   -0.64423434E+01   -0.23145127E-02   -0.18279090E-02    0.00000000E+00    0.19672991E+04    0.64069648E+04    0.15377247E+02    0.52517295E-02   -0.14458914E-01
  0.1500   -0.84487465E+02   -0.18195114E+03   -0.28593219E+03   -0.58654857E+00   -0.41999142E-03    0.45966183E-03   -0.13415257E+03   -0.78197476E+03   -0.19387650E+04   -0.46790095E+01   -0.24849409E-02    0.34795536E-02    0.00000000E+00   -0.57165994E+02   -0.11547158E+03   -0.63066494E+01   -0.22191792E-02   -0.18639378E-02    0.00000000E+00    0.20432616E+04    0.62063322E+04    0.15084403E+02    0.50515374E-02   -0.14041872E-01
  0.1600   -0.88583580E+02   -0.20321293E+03   -0.31451654E+03   -0.65263089E+00   -0.46268270E-03    0.50490859E-03   -0.13248202E+03   -0.84606001E+03   -0.19991303E+04   -0.48897069E+01   -0.25627547E-02    0.35874500E-02    0.00000000E+00   -0.46018762E+02   -0.72540866E+02   -0.61663700E+01   -0.21221265E-02   -0.18989589E-02    0.00000000E+00    0.21088716E+04    0.60011003E+04    0.14781184E+02    0.48474258E-02   -0.13614600E-01
  0.1700   -0.92455486E+02   -0.22545822E+03   -0.34260498E+03   -0.71963177E+00   -0.50482903E-03    0.54917468E-03   -0.13078935E+03   -0.90926120E+03   -0.20495825E+04   -0.50845702E+01   -0.26279218E-02    0.36774960E-02    0.00000000E+00   -0.32967585E+02   -0.29742847E+02   -0.60222282E+01   -0.20240308E-02   -0.19325287E-02    0.00000000E+00    0.21642712E+04    0.57925791E+04    0.14469086E+02    0.46407777E-02   -0.13179745E-01
  0.1800   -0.96106628E+02   -0.24856060E+03   -0.36993526E+03   -0.78711761E+00   -0.54605512E-03    0.59202855E-03   -0.12908154E+03   -0.97100657E+03   -0.20903670E+04   -0.52635969E+01   -0.26807539E-02    0.37501351E-02    0.00000000E+00   -0.18137357E+02    0.12580377E+02   -0.58749329E+01   -0.19255362E-02   -0.19642389E-02    0.00000000E+00    0.22096978E+04    0.55820249E+04    0.14149579E+02    0.44329133E-02   -0.12739852E-01
  0.1900   -0.99541772E+02   -0.27237963E+03   -0.39626924E+03   -0.85467450E+00   -0.58601833E-03    0.63308025E-03   -0.12736417E+03   -0.10307739E+04   -0.21218136E+04   -0.54268949E+01   -0.27216701E-02    0.38059625E-02    0.00000000E+00   -0.16738532E+01    0.54112533E+02   -0.57251716E+01   -0.18272479E-02   -0.19937218E-02    0.00000000E+00    0.22454745E+04    0.53706272E+04    0.13824091E+02    0.42250751E-02   -0.12297338E-01
  0.2000   -0.10276673E+03   -0.29676404E+03   -0.42139544E+03   -0.92191204E+00   -0.62441223E-03    0.67198561E-03   -0.12564145E+03   -0.10880962E+04   -0.21443255E+04   -0.55746744E+01   -0.27511829E-02    0.38457060E-02    0.00000000E+00    0.16259872E+02    0.94566413E+02   -0.55736053E+01   -0.17297265E-02   -0.20206544E-02    0.00000000E+00    0.22719994E+04    0.51594974E+04    0.13493999E+02    0.40184171E-02   -0.11854468E-01
  0.2100   -0.10578809E+03   -0.32155507E+03   -0.44513090E+03   -0.98846643E+00   -0.66096924E-03    0.70844933E-03   -0.12391620E+03   -0.11425655E+04   -0.21583682E+04   -0.57072378E+01   -0.27698846E-02    0.38702058E-02    0.00000000E+00    0.35487265E+02    0.13368636E+03   -0.54208632E+01   -0.16334834E-02   -0.20447615E-02    0.00000000E+00    0.22897346E+04    0.49496603E+04    0.13160616E+02    0.38139947E-02   -0.11413339E-01
  0.2200   -0.10861296E+03   -0.34658983E+03   -0.46732229E+03   -0.10540030E+01   -0.69546233E-03    0.74222670E-03   -0.12218999E+03   -0.11938358E+04   -0.21644581E+04   -0.58249697E+01   -0.27784322E-02    0.38803936E-02    0.00000000E+00    0.55822128E+02    0.17124998E+03   -0.52675389E+01   -0.15389771E-02   -0.20658174E-02    0.00000000E+00    0.22991944E+04    0.47420474E+04    0.12825186E+02    0.36127580E-02   -0.10975867E-01
  0.2300   -0.11124872E+03   -0.37170450E+03   -0.48784633E+03   -0.11182180E+01   -0.72770574E-03    0.77312428E-03   -0.12046321E+03   -0.12416239E+04   -0.21631508E+04   -0.59283263E+01   -0.27775325E-02    0.38772713E-02    0.00000000E+00    0.77072440E+02    0.20706907E+03   -0.51141868E+01   -0.14466115E-02   -0.20836471E-02    0.00000000E+00    0.23009338E+04    0.45374919E+04    0.12488875E+02    0.34155476E-02   -0.10543774E-01
  0.2400   -0.11370278E+03   -0.39673751E+03   -0.50660963E+03   -0.11808398E+01   -0.75755481E-03    0.80099939E-03   -0.11873524E+03   -0.12857098E+04   -0.21550291E+04   -0.60178244E+01   -0.27679274E-02    0.38618904E-02    0.00000000E+00    0.99044071E+02    0.24098984E+03   -0.49613199E+01   -0.13567345E-02   -0.20981253E-02    0.00000000E+00    0.22955365E+04    0.43367268E+04    0.12152766E+02    0.32230919E-02   -0.10118588E-01
  0.2500   -0.11598240E+03   -0.42153237E+03   -0.52354780E+03   -0.12416294E+01   -0.78490495E-03    0.82575851E-03   -0.11700462E+03   -0.13259345E+04   -0.21406922E+04   -0.60940304E+01   -0.27503797E-02    0.38353318E-02    0.00000000E+00    0.12154429E+03    0.27289240E+03   -0.48094081E+01   -0.12696386E-02   -0.21091757E-02    0.00000000E+00    0.22836042E+04    0.41403845E+04    0.11817857E+02    0.30360080E-02   -0.97016370E-02
  0.2600   -0.11809456E+03   -0.44594029E+03   -0.53862407E+03   -0.13003804E+01   -0.80968989E-03    0.84735482E-03   -0.11526925E+03   -0.13621982E+04   -0.21207454E+04   -0.61575500E+01   -0.27256595E-02    0.37986867E-02    0.00000000E+00    0.14438500E+03    0.30268962E+03   -0.46588774E+01   -0.11855616E-02   -0.21167681E-02    0.00000000E+00    0.22657454E+04    0.39489980E+04    0.11485057E+02    0.28548034E-02   -0.92940525E-02
  0.2700   -0.12004578E+03   -0.46982242E+03   -0.55182746E+03   -0.13569182E+01   -0.83187923E-03    0.86578491E-03   -0.11352661E+03   -0.13944558E+04   -0.20957897E+04   -0.62090178E+01   -0.26945324E-02    0.37530393E-02    0.00000000E+00    0.16738564E+03    0.33032546E+03   -0.45101101E+01   -0.11046892E-02   -0.21209157E-02    0.00000000E+00    0.22425662E+04    0.37630044E+04    0.11155187E+02    0.26798804E-02   -0.88967773E-02
  0.2800   -0.12184206E+03   -0.49305173E+03   -0.56317045E+03   -0.14110993E+01   -0.85147543E-03    0.88108474E-03   -0.11177396E+03   -0.14227132E+04   -0.20664140E+04   -0.62490875E+01   -0.26577477E-02    0.36994511E-02    0.00000000E+00    0.19037567E+03    0.35577276E+03   -0.43634449E+01   -0.10271577E-02   -0.21216713E-02    0.00000000E+00    0.22146614E+04    0.35827494E+04    0.10828983E+02    0.25115418E-02   -0.85105724E-02
  0.2900   -0.12348886E+03   -0.51551445E+03   -0.57268648E+03   -0.14628096E+01   -0.86851043E-03    0.89332524E-03   -0.11000855E+03   -0.14470215E+04   -0.20331867E+04   -0.62784236E+01   -0.26160297E-02    0.36389476E-02    0.00000000E+00    0.21319666E+03    0.37903068E+03   -0.42191784E+01   -0.95305764E-03   -0.21191228E-02    0.00000000E+00    0.21826065E+04    0.34084936E+04    0.10507092E+02    0.23499980E-02   -0.81360285E-02
  0.3000   -0.12499104E+03   -0.53711117E+03   -0.58042713E+03   -0.15119626E+01   -0.88304192E-03    0.90260738E-03   -0.10822782E+03   -0.14674720E+04   -0.19966503E+04   -0.62976929E+01   -0.25700689E-02    0.35725064E-02    0.00000000E+00    0.23570396E+03    0.40012186E+03   -0.40775667E+01   -0.88243790E-03   -0.21133888E-02    0.00000000E+00    0.21469521E+04    0.32404188E+04    0.10190084E+02    0.21953753E-02   -0.77735791E-02
  0.3100   -0.12635292E+03   -0.55775742E+03   -0.58645919E+03   -0.15584972E+01   -0.89514940E-03    0.90905719E-03   -0.10642957E+03   -0.14841895E+04   -0.19573156E+04   -0.63075578E+01   -0.25205158E-02    0.35010485E-02    0.00000000E+00    0.25776783E+03    0.41908938E+03   -0.39388277E+01   -0.81531021E-03   -0.21046136E-02    0.00000000E+00    0.21082178E+04    0.30786361E+04    0.98784475E+01    0.20477245E-02   -0.74235151E-02
  0.3200   -0.12757831E+03   -0.57738393E+03   -0.59086178E+03   -0.16023756E+01   -0.90493023E-03    0.91282065E-03   -0.10461212E+03   -0.14973269E+04   -0.19156582E+04   -0.63086696E+01   -0.24679764E-02    0.34254314E-02    0.00000000E+00    0.27927423E+03    0.43599358E+03   -0.38031429E+01   -0.75165386E-03   -0.20929620E-02    0.00000000E+00    0.20668891E+04    0.29231937E+04    0.95725997E+01    0.19070304E-02   -0.70860000E-02
  0.3300   -0.12867061E+03   -0.59593648E+03   -0.59372339E+03   -0.16435811E+01   -0.91249576E-03    0.91405869E-03   -0.10277443E+03   -0.15070590E+04   -0.18721159E+04   -0.63016642E+01   -0.24130083E-02    0.33464442E-02    0.00000000E+00    0.30012507E+03    0.45090892E+03   -0.36706610E+01   -0.69142046E-03   -0.20786147E-02    0.00000000E+00    0.20234141E+04    0.27740853E+04    0.92728900E+01    0.17732213E-02   -0.67610860E-02
  0.3400   -0.12963289E+03   -0.61337539E+03   -0.59513914E+03   -0.16821152E+01   -0.91796747E-03    0.91294244E-03   -0.10091620E+03   -0.15135765E+04   -0.18270873E+04   -0.62871573E+01   -0.23561194E-02    0.32648054E-02    0.00000000E+00    0.32023820E+03    0.46392091E+03   -0.35414998E+01   -0.63453868E-03   -0.20617636E-02    0.00000000E+00    0.19782027E+04    0.26312582E+04    0.89796049E+01    0.16461783E-02   -0.64487299E-02
  0.3600   -0.13117870E+03   -0.64482149E+03   -0.59403140E+03   -0.17512532E+01   -0.92314558E-03    0.90435644E-03   -0.97140809E+02   -0.15177790E+04   -0.17339688E+04   -0.62379831E+01   -0.22383599E-02    0.30960912E-02    0.00000000E+00    0.35799913E+03    0.48461473E+03   -0.32934760E+01   -0.53045699E-03   -0.20213452E-02    0.00000000E+00    0.18840144E+04    0.23640530E+04    0.84131780E+01    0.14117340E-02   -0.58611336E-02
  0.3700   -0.13176776E+03   -0.65881386E+03   -0.59170926E+03   -0.17819314E+01   -0.92311584E-03    0.89724228E-03   -0.95226993E+02   -0.15158793E+04   -0.16864816E+04   -0.62044226E+01   -0.21782578E-02    0.30101019E-02    0.00000000E+00    0.37555659E+03    0.49249754E+03   -0.31747224E+01   -0.48303925E-03   -0.19981784E-02    0.00000000E+00    0.18356647E+04    0.22394075E+04    0.81403485E+01    0.13039382E-02   -0.55854650E-02
  0.3800   -0.13223809E+03   -0.67166037E+03   -0.58834017E+03   -0.18100824E+01   -0.92151473E-03    0.88847858E-03   -0.93299254E+02   -0.15115874E+04   -0.16387175E+04   -0.61655717E+01   -0.21177763E-02    0.29236398E-02    0.00000000E+00    0.39219340E+03    0.49887437E+03   -0.30595127E+01   -0.43854488E-03   -0.19733020E-02    0.00000000E+00    0.17868360E+04    0.21205218E+04    0.78745788E+01    0.12021346E-02   -0.53215236E-02
  0.3900   -0.13259283E+03   -0.68337817E+03   -0.58401900E+03   -0.18357662E+01   -0.91846894E-03    0.87823053E-03   -0.91361051E+02   -0.15051035E+04   -0.15908909E+04   -0.61219143E+01   -0.20571892E-02    0.28370913E-02    0.00000000E+00    0.40789485E+03    0.50384695E+03   -0.29478543E+01   -0.39684954E-03   -0.19469045E-02    0.00000000E+00    0.17377556E+04    0.20072205E+04    0.76159264E+01    0.11060918E-02   -0.50690020E-02
  0.4000   -0.13283543E+03   -0.69399158E+03   -0.57883599E+03   -0.18590488E+01   -0.91409979E-03    0.86665446E-03   -0.89416402E+02   -0.14966192E+04   -0.15431867E+04   -0.60739064E+01   -0.19967324E-02    0.27507892E-02    0.00000000E+00    0.42265588E+03    0.50751450E+03   -0.28397397E+01   -0.35782781E-03   -0.19191658E-02    0.00000000E+00    0.16886211E+04    0.18993215E+04    0.73644178E+01    0.10155750E-02   -0.48275737E-02
  0.4100   -0.13296973E+03   -0.70353066E+03   -0.57287602E+03   -0.18800010E+01   -0.90852219E-03    0.85389660E-03   -0.87469752E+02   -0.14863164E+04   -0.14957634E+04   -0.60219769E+01   -0.19366080E-02    0.26650185E-02    0.00000000E+00    0.43647967E+03    0.50997256E+03   -0.27351489E+01   -0.32135523E-03   -0.18902553E-02    0.00000000E+00    0.16396035E+04    0.17966386E+04    0.71200523E+01    0.93035000E-03   -0.45969011E-02
  0.4200   -0.13299997E+03   -0.71202976E+03   -0.56621816E+03   -0.18986966E+01   -0.90184392E-03    0.84009235E-03   -0.85525839E+02   -0.14743658E+04   -0.14487559E+04   -0.59665286E+01   -0.18769887E-02    0.25800221E-02    0.00000000E+00    0.44937616E+03    0.51131221E+03   -0.26340512E+01   -0.28730985E-03   -0.18603312E-02    0.00000000E+00    0.15908504E+04    0.16989857E+04    0.68828063E+01    0.85018627E-03   -0.43766414E-02
  0.4300   -0.13293086E+03   -0.71952627E+03   -0.55893543E+03   -0.19152121E+01   -0.89416531E-03    0.82536609E-03   -0.83589551E+02   -0.14609260E+04   -0.14022794E+04   -0.59079395E+01   -0.18180216E-02    0.24960069E-02    0.00000000E+00    0.46136067E+03    0.51161950E+03   -0.25364068E+01   -0.25557341E-03   -0.18295402E-02    0.00000000E+00    0.15424893E+04    0.16061781E+04    0.66526356E+01    0.77485941E-03   -0.41664515E-02
  0.4400   -0.13276754E+03   -0.72605939E+03   -0.55109492E+03   -0.19296255E+01   -0.88557923E-03    0.80983129E-03   -0.81665769E+02   -0.14461440E+04   -0.13564319E+04   -0.58465642E+01   -0.17598323E-02    0.24131492E-02    0.00000000E+00    0.47245262E+03    0.51097522E+03   -0.24421680E+01   -0.22603199E-03   -0.17980167E-02    0.00000000E+00    0.14946306E+04    0.15180350E+04    0.64294790E+01    0.70415252E-03   -0.39659911E-02
  0.4500   -0.13251555E+03   -0.73166919E+03   -0.54275801E+03   -0.19420160E+01   -0.87617139E-03    0.79359113E-03   -0.79759233E+02   -0.14301551E+04   -0.13112975E+04   -0.57827349E+01   -0.17025283E-02    0.23315999E-02    0.00000000E+00    0.48267437E+03    0.50945490E+03   -0.23512805E+01   -0.19857638E-03   -0.17658839E-02    0.00000000E+00    0.14473701E+04    0.14343793E+04    0.62132597E+01    0.63785688E-03   -0.37749252E-02
  0.4600   -0.13218080E+03   -0.73639573E+03   -0.53398082E+03   -0.19524630E+01   -0.86602079E-03    0.77673921E-03   -0.77874399E+02   -0.14130837E+04   -0.12669485E+04   -0.57167631E+01   -0.16462025E-02    0.22514887E-02    0.00000000E+00    0.49205027E+03    0.50712896E+03   -0.22636842E+01   -0.17310215E-03   -0.17332540E-02    0.00000000E+00    0.14007919E+04    0.13550391E+04    0.60038880E+01    0.57577212E-03   -0.35929246E-02
  0.4700   -0.13176948E+03   -0.74027842E+03   -0.52481471E+03   -0.19610463E+01   -0.85520043E-03    0.75936061E-03   -0.76015326E+02   -0.13950440E+04   -0.12234478E+04   -0.56489409E+01   -0.15909354E-02    0.21729284E-02    0.00000000E+00    0.50060574E+03    0.50406307E+03   -0.21793143E+01   -0.14950939E-03   -0.17002292E-02    0.00000000E+00    0.13549699E+04    0.12798469E+04    0.58012623E+01    0.51770587E-03   -0.34196664E-02
  0.4800   -0.13128798E+03   -0.74335553E+03   -0.51530693E+03   -0.19678459E+01   -0.84377800E-03    0.74153293E-03   -0.74185573E+02   -0.13761418E+04   -0.11808504E+04   -0.55795419E+01   -0.15367980E-02    0.20960176E-02    0.00000000E+00    0.50836671E+03    0.50031858E+03   -0.20981016E+01   -0.12770239E-03   -0.16669025E-02    0.00000000E+00    0.13099701E+04    0.12086394E+04    0.56052707E+01    0.46347302E-03   -0.32548336E-02
  0.4900   -0.13074281E+03   -0.74566393E+03   -0.50550120E+03   -0.19729414E+01   -0.83181668E-03    0.72332751E-03   -0.72388120E+02   -0.13564746E+04   -0.11392051E+04   -0.55088223E+01   -0.14838529E-02    0.20208433E-02    0.00000000E+00    0.51535907E+03    0.49595299E+03   -0.20199731E+01   -0.10758914E-03   -0.16333588E-02    0.00000000E+00    0.12658517E+04    0.11412571E+04    0.54157922E+01    0.41289482E-03   -0.30981143E-02
  0.5000   -0.13014044E+03   -0.74723889E+03   -0.49543835E+03   -0.19764121E+01   -0.81937595E-03    0.70481048E-03   -0.70625318E+02   -0.13361340E+04   -0.10985549E+04   -0.54370217E+01   -0.14321557E-02    0.19474827E-02    0.00000000E+00    0.52160836E+03    0.49102055E+03   -0.19448525E+01   -0.89080769E-04   -0.15996761E-02    0.00000000E+00    0.12226678E+04    0.10775437E+04    0.52326970E+01    0.36579785E-03   -0.29492007E-02
  0.5500   -0.12648447E+03   -0.74524368E+03   -0.44255970E+03   -0.19721476E+01   -0.75188508E-03    0.60962333E-03   -0.62367776E+02   -0.12272023E+04   -0.91141367E+03   -0.50691143E+01   -0.11939165E-02    0.16099931E-02    0.00000000E+00    0.54256658E+03    0.45958268E+03   -0.16115188E+01   -0.17659483E-04   -0.14315381E-02    0.00000000E+00    0.10222646E+04    0.80866489E+03    0.44079536E+01    0.17671333E-03   -0.23110958E-02
  0.6000   -0.12220009E+03   -0.72951546E+03   -0.38847017E+03   -0.19388689E+01   -0.68013848E-03    0.51496674E-03   -0.54984940E+02   -0.11129468E+04   -0.75286794E+03   -0.47015463E+01   -0.99170579E-03    0.13244474E-02    0.00000000E+00    0.54855255E+03    0.42092730E+03   -0.13407036E+01    0.25882549E-04   -0.12690751E-02    0.00000000E+00    0.85016861E+03    0.60890550E+03    0.37199247E+01    0.50335992E-04   -0.18229253E-02
  0.6500   -0.11762197E+03   -0.70370489E+03   -0.33678088E+03   -0.18854402E+01   -0.60955949E-03    0.42652673E-03   -0.48275440E+02   -0.10012305E+04   -0.62245394E+03   -0.43483421E+01   -0.82501031E-03    0.10899320E-02    0.00000000E+00    0.54268728E+03    0.37988026E+03   -0.11214395E+01    0.50689228E-04   -0.11179897E-02    0.00000000E+00    0.70664327E+03    0.46055965E+03    0.31478183E+01   -0.31901807E-04   -0.14487860E-02
  0.7000   -0.11281106E+03   -0.67156044E+03   -0.28988906E+03   -0.18191762E+01   -0.54387717E-03    0.34794917E-03   -0.42100289E+02   -0.89742214E+03   -0.51634807E+03   -0.40164708E+01   -0.68903049E-03    0.89948343E-03    0.00000000E+00    0.52841651E+03    0.33993990E+03   -0.94367300E+00    0.64003539E-04   -0.98180120E-03    0.00000000E+00    0.58833836E+03    0.34890447E+03    0.26719385E+01   -0.85027190E-04   -0.11584109E-02
  0.7500   -0.10776812E+03   -0.63640784E+03   -0.24851861E+03   -0.17453453E+01   -0.48449564E-03    0.28005698E-03   -0.36499307E+02   -0.80353091E+03   -0.42926363E+03   -0.37082987E+01   -0.57709460E-03    0.74350924E-03    0.00000000E+00    0.50901683E+03    0.30282825E+03   -0.79919478E+00    0.70320115E-04   -0.86131286E-03    0.00000000E+00    0.49023410E+03    0.26391746E+03    0.22757203E+01   -0.11871458E-03   -0.93064084E-03
  0.8000   -0.10260279E+03   -0.60043740E+03   -0.21213297E+03   -0.16674144E+01   -0.43104470E-03    0.22156967E-03   -0.31591628E+02   -0.71896058E+03   -0.35693653E+03   -0.34242466E+01   -0.48382384E-03    0.61427002E-03    0.00000000E+00    0.48685282E+03    0.26881916E+03   -0.68169962E+00    0.71778350E-04   -0.75522771E-03    0.00000000E+00    0.40817621E+03    0.19975911E+03    0.19460075E+01   -0.13798325E-03   -0.75253019E-03
  0.8500   -0.97520853E+02   -0.56461300E+03   -0.17996043E+03   -0.15878175E+01   -0.38276016E-03    0.17087734E-03   -0.27403910E+02   -0.64248269E+03   -0.29712982E+03   -0.31643088E+01   -0.40641201E-03    0.50769008E-03    0.00000000E+00    0.46316233E+03    0.23769714E+03   -0.58615967E+00    0.69557859E-04   -0.66170315E-03    0.00000000E+00    0.33992721E+03    0.15245061E+03    0.16719336E+01   -0.14592671E-03   -0.61493187E-03
  0.9000   -0.92685079E+02   -0.52929499E+03   -0.15171544E+03   -0.15085880E+01   -0.33946320E-03    0.12728026E-03   -0.23811372E+02   -0.57369189E+03   -0.24867213E+03   -0.29280837E+01   -0.34340194E-03    0.42162297E-03    0.00000000E+00    0.43854321E+03    0.20951359E+03   -0.50820459E+00    0.65014006E-04   -0.57954202E-03    0.00000000E+00    0.28424589E+03    0.11794317E+03    0.14437902E+01   -0.14594460E-03   -0.50878970E-03
  0.9500   -0.88115450E+02   -0.49494003E+03   -0.12749324E+03   -0.14314454E+01   -0.30143417E-03    0.90791143E-04   -0.20634852E+02   -0.51288699E+03   -0.20996117E+03   -0.27142273E+01   -0.29278089E-03    0.35315209E-03    0.00000000E+00    0.41359994E+03    0.18459288E+03   -0.44400194E+00    0.59713229E-04   -0.50817572E-03    0.00000000E+00    0.23942295E+03    0.92053099E+02    0.12528716E+01   -0.14179096E-03   -0.42498681E-03
  1.0000   -0.83727889E+02   -0.46225545E+03   -0.10718757E+03   -0.13575297E+01   -0.26864456E-03    0.61111581E-04   -0.17776268E+02   -0.45998841E+03   -0.17857464E+03   -0.25204498E+01   -0.25148603E-03    0.29788815E-03    0.00000000E+00    0.38914173E+03    0.16304424E+03   -0.39051151E+00    0.54731451E-04   -0.44686438E-03    0.00000000E+00    0.20291337E+03    0.71656921E+02    0.10920451E+01   -0.13616057E-03   -0.35660880E-03
  1.1000   -0.75336654E+02   -0.40371919E+03   -0.75583029E+02   -0.12206655E+01   -0.21541646E-03    0.17110197E-04   -0.13118121E+02   -0.37305011E+03   -0.12956158E+03   -0.21837810E+01   -0.18647961E-03    0.21210884E-03    0.00000000E+00    0.34405132E+03    0.12813228E+03   -0.30792353E+00    0.45768114E-04   -0.34842317E-03    0.00000000E+00    0.14612012E+03    0.43171325E+02    0.84115732E+00   -0.12233066E-03   -0.25514466E-03
  1.2000   -0.67856868E+02   -0.35312535E+03   -0.51811136E+02   -0.10983754E+01   -0.17335485E-03   -0.13960991E-04   -0.98479790E+01   -0.30345429E+03   -0.95295277E+02   -0.19052777E+01   -0.14040293E-03    0.15276728E-03    0.00000000E+00    0.30397646E+03    0.10066142E+03   -0.24931441E+00    0.36645223E-04   -0.27303360E-03    0.00000000E+00    0.10658992E+03    0.28485709E+02    0.66151605E+00   -0.10432751E-03   -0.19196208E-03
  1.3000   -0.61325745E+02   -0.30917237E+03   -0.35104641E+02   -0.99139961E+00   -0.14159419E-03   -0.33596866E-04   -0.72914945E+01   -0.24972595E+03   -0.72777693E+02   -0.16747608E+01   -0.10948530E-03    0.11441092E-03    0.00000000E+00    0.26833012E+03    0.80055151E+02   -0.20581970E+00    0.29723663E-04   -0.21656122E-03    0.00000000E+00    0.80566988E+02    0.19072001E+02    0.52933728E+00   -0.88731982E-04   -0.14740585E-03
  1.4000   -0.55363450E+02   -0.27243359E+03   -0.23351810E+02   -0.89828763E+00   -0.11735022E-03   -0.45509778E-04   -0.53827305E+01   -0.20786750E+03   -0.55248249E+02   -0.14806289E+01   -0.85136649E-04    0.84831280E-04    0.00000000E+00    0.23808698E+03    0.64545647E+02   -0.17259097E+00    0.24622765E-04   -0.17394805E-03    0.00000000E+00    0.60736063E+02    0.12585457E+02    0.43020637E+00   -0.75927603E-04   -0.11464601E-03
  1.5000   -0.50181914E+02   -0.24094370E+03   -0.14238843E+02   -0.81673806E+00   -0.97496404E-04   -0.53691458E-04   -0.41074524E+01   -0.17327376E+03   -0.42807640E+02   -0.13168820E+01   -0.67486422E-04    0.64208717E-04    0.00000000E+00    0.21186184E+03    0.51960222E+02   -0.14721371E+00    0.19664114E-04   -0.14018840E-03    0.00000000E+00    0.46796943E+02    0.99474687E+01    0.35575636E+00   -0.63215121E-04   -0.93817913E-04
  1.6000   -0.45652424E+02   -0.21379808E+03   -0.81600566E+01   -0.74604208E+00   -0.82502103E-04   -0.57398178E-04   -0.30559128E+01   -0.14647155E+03   -0.34363369E+02   -0.11779844E+01   -0.55134176E-04    0.50582671E-04    0.00000000E+00    0.18897295E+03    0.42585345E+02   -0.12672325E+00    0.16385211E-04   -0.11462605E-03    0.00000000E+00    0.37383859E+02    0.72032372E+01    0.29747787E+00   -0.54016219E-04   -0.76176547E-04
  2.0000   -0.31941492E+02   -0.13964501E+03    0.36208996E+01   -0.54021586E+00   -0.45850003E-04   -0.56989484E-04   -0.11643488E+01   -0.79449921E+02   -0.14096238E+02   -0.78595396E+00   -0.24687754E-04    0.18678477E-04    0.00000000E+00    0.12529083E+03    0.20352530E+02   -0.75740556E-01    0.78792912E-05   -0.54734048E-04    0.00000000E+00    0.15691065E+02    0.28267353E+01    0.16088581E+00   -0.29709871E-04   -0.38406152E-04
  2.5000   -0.21716318E+02   -0.89134551E+02    0.66820606E+01   -0.38962151E+00   -0.25689757E-04   -0.46246717E-04   -0.61089636E+00   -0.41616938E+02   -0.54452745E+01   -0.50907637E+00   -0.10556042E-04    0.61960195E-05    0.00000000E+00    0.80628167E+02    0.87872085E+01   -0.43465913E-01    0.30546599E-05   -0.23978661E-04    0.00000000E+00    0.67813486E+01    0.90682116E+00    0.85512503E-01   -0.16200675E-04   -0.18990456E-04
  3.0000   -0.15495574E+02   -0.61169302E+02    0.65585599E+01   -0.30031912E+00   -0.16092768E-04   -0.36269785E-04   -0.52554979E+00   -0.23678796E+02   -0.20729724E+01   -0.34810838E+00   -0.47050903E-05    0.16722851E-05    0.00000000E+00    0.55304822E+02    0.36879713E+01   -0.23068369E-01    0.72883644E-06   -0.10616986E-04    0.00000000E+00    0.33299808E+01    0.39342292E+00    0.49242275E-01   -0.96119427E-05   -0.10822285E-04
  4.0000   -0.86264159E+01   -0.33579363E+02    0.45561689E+01   -0.20666617E+00   -0.82773463E-05   -0.22294127E-04   -0.39590314E+00   -0.92907596E+01    0.29942797E+00   -0.18258725E+00   -0.44002002E-06   -0.13611922E-05    0.00000000E+00    0.29871696E+02    0.31852769E+00    0.97832393E-02   -0.40088702E-06   -0.13808184E-05    0.00000000E+00    0.73009823E+00   -0.13284771E+00    0.17563353E-01   -0.43345612E-05   -0.39258632E-05
  5.0000   -0.52219110E+01   -0.20937767E+02    0.28620624E+01   -0.16207378E+00   -0.54084283E-05   -0.14213392E-04   -0.22727341E+00   -0.43240267E+01    0.43805397E+00   -0.10831775E+00    0.13438677E-06   -0.12132600E-05    0.00000000E+00    0.18204696E+02   -0.25716761E+00    0.39715728E-01   -0.83275280E-07    0.70788548E-06    0.00000000E+00    0.30351634E+00   -0.32651723E+00    0.53610418E-02   -0.23924001E-05   -0.13878894E-05
  6.0000   -0.33202998E+01   -0.14308778E+02    0.18087832E+01   -0.13676788E+00   -0.39516583E-05   -0.95162714E-05   -0.93510710E-01   -0.21612496E+01    0.48193670E+00   -0.71156498E-01    0.34513799E-06   -0.11375114E-05    0.00000000E+00    0.12195967E+02   -0.21708679E+00    0.65803588E-01    0.37034451E-06    0.10381990E-05    0.00000000E+00    0.99779997E-03   -0.28733910E+00   -0.26910930E-04   -0.13674591E-05   -0.48347754E-06
  7.0000   -0.22163328E+01   -0.10320875E+02    0.10973932E+01   -0.11989315E+00   -0.31497891E-05   -0.65258536E-05    0.20567034E-01   -0.12407176E+01    0.28174589E+00   -0.51202268E-01    0.16392742E-06   -0.70284695E-06    0.00000000E+00    0.86796906E+01    0.23098169E-02    0.86836154E-01    0.81885185E-06    0.81174584E-06    0.00000000E+00    0.64001604E-02   -0.38257735E+00   -0.26899838E-02   -0.97168698E-06    0.20528934E-06
  8.0000   -0.15325195E+01   -0.77939676E+01    0.72390344E+00   -0.10696612E+00   -0.25026329E-05   -0.47296785E-05    0.86696319E-01   -0.65731995E+00    0.20719698E+00   -0.39566180E-01    0.11144570E-06   -0.52598340E-06    0.00000000E+00    0.65148122E+01    0.12583716E+00    0.10254928E+00    0.10205069E-05    0.63337642E-06    0.00000000E+00   -0.51202846E-01   -0.29890182E+00   -0.39319665E-02   -0.58715538E-06    0.33239818E-06
  9.0000   -0.11020298E+01   -0.60566326E+01    0.44340849E+00   -0.96256099E-01   -0.20899333E-05   -0.34540530E-05    0.14360979E+00   -0.42905712E+00    0.11424440E+00   -0.32304479E-01    0.21492668E-07   -0.32997339E-06    0.00000000E+00    0.50593872E+01    0.25486296E+00    0.11357522E+00    0.11905194E-05    0.40644875E-06    0.00000000E+00   -0.42499598E-01   -0.37117248E+00   -0.46046745E-02   -0.49579195E-06    0.64609795E-06
 10.0000   -0.82123939E+00   -0.48199600E+01    0.32196518E+00   -0.86892570E-01   -0.16898804E-05   -0.26803870E-05    0.17113358E+00   -0.20035641E+00    0.56406554E-01   -0.27398073E-01   -0.31189235E-07   -0.20472062E-06    0.00000000E+00    0.40396535E+01    0.28104011E+00    0.12062253E+00    0.11927467E-05    0.32814366E-06    0.00000000E+00   -0.35788360E-01   -0.30275562E+00   -0.48463479E-02   -0.30393630E-06    0.62747323E-06
 12.0000   -0.50368399E+00   -0.32174250E+01    0.17102863E+00   -0.71161729E-01   -0.11661610E-05   -0.16923203E-05    0.20895086E+00   -0.19868089E-01   -0.54438967E-02   -0.21111508E-01   -0.80442420E-07   -0.63694597E-07    0.00000000E+00    0.27271289E+01    0.29704089E+00    0.12609938E+00    0.11372794E-05    0.22345093E-06    0.00000000E+00   -0.19308832E-01   -0.30924770E+00   -0.49302206E-02   -0.18359574E-06    0.76778629E-06
 16.0000   -0.25977539E+00   -0.16628341E+01    0.82745214E-01   -0.48528501E-01   -0.58792276E-06   -0.84248345E-06    0.23260061E+00    0.11581214E+00   -0.26211606E-01   -0.14143306E-01   -0.73791002E-07    0.68474353E-08    0.00000000E+00    0.14277911E+01    0.20292743E+00    0.11827229E+00    0.86904854E-06    0.24475444E-06    0.00000000E+00   -0.65920105E-02   -0.32091085E+00   -0.45042176E-02   -0.97044671E-07    0.89021834E-06
 20.0000   -0.17117728E+00   -0.99267200E+00    0.56755727E-01   -0.34376116E-01   -0.32372105E-06   -0.49832664E-06    0.23508417E+00    0.16781224E+00   -0.13276432E-01   -0.10136785E-01   -0.41155033E-07   -0.31088400E-09    0.00000000E+00    0.83392239E+00    0.10281608E+00    0.10132107E+00    0.63132278E-06    0.31501526E-06    0.00000000E+00   -0.96249177E-02   -0.32057121E+00   -0.39568296E-02   -0.64294222E-07    0.92192390E-06
 25.0000   -0.11806058E+00   -0.60057350E+00    0.44617310E-01   -0.23984772E-01   -0.16665193E-06   -0.30391441E-06    0.23043638E+00    0.20752348E+00   -0.12984787E-01   -0.70935433E-02   -0.30946824E-07    0.90000965E-08    0.00000000E+00    0.46388476E+00    0.56973817E-02    0.77841532E-01    0.40705369E-06    0.38952604E-06    0.00000000E+00   -0.14523271E-02   -0.29665627E+00   -0.33056070E-02   -0.25390397E-07    0.88725485E-06
 30.0000   -0.84820099E-01   -0.41528595E+00    0.31063126E-01   -0.18209819E-01   -0.10115942E-06   -0.19672327E-06    0.22540581E+00    0.21613315E+00   -0.84029149E-03   -0.51701135E-02   -0.10559145E-07   -0.79740390E-08    0.00000000E+00    0.27711854E+00   -0.58938297E-01    0.55264577E-01    0.24904797E-06    0.43036811E-06    0.00000000E+00   -0.89232652E-02   -0.28570303E+00   -0.27342979E-02   -0.14204335E-07    0.86474393E-06
 40.0000   -0.45837396E-01   -0.24257312E+00    0.98264223E-02   -0.13389781E-01   -0.59235083E-07   -0.89465483E-07    0.21351913E+00    0.20890144E+00   -0.55893283E-02   -0.28363114E-02   -0.11719906E-07    0.54753281E-08    0.00000000E+00    0.90151422E-01   -0.13831938E+00    0.16690724E-01    0.32853702E-07    0.45838500E-06    0.00000000E+00    0.94659372E-03   -0.26535441E+00   -0.17923812E-02   -0.96462678E-08    0.80670067E-06
 50.0000   -0.20760705E-01   -0.17124253E+00   -0.38586894E-02   -0.12664259E-01   -0.53247886E-07   -0.41376859E-07    0.19849387E+00    0.19701143E+00    0.24231605E-02   -0.13705407E-02    0.12556243E-08   -0.61990839E-08    0.00000000E+00    0.63125715E-02   -0.17416189E+00   -0.11035554E-01   -0.96909712E-07    0.43888891E-06    0.00000000E+00   -0.40863257E-02   -0.23468947E+00   -0.10833036E-02   -0.44669246E-08    0.71754118E-06
 60.0000   -0.46010445E-02   -0.12888808E+00   -0.13296921E-01   -0.13440067E-01   -0.57210825E-07   -0.16303643E-07    0.18102657E+00    0.18302012E+00   -0.49895332E-03   -0.36967759E-03   -0.59121452E-09    0.94378549E-09    0.00000000E+00   -0.39623858E-01   -0.17775364E+00   -0.27745507E-01   -0.16043424E-06    0.38641419E-06    0.00000000E+00    0.52110509E-03   -0.19756387E+00   -0.57691501E-03    0.95083767E-09    0.60874424E-06
 70.0000    0.70717757E-02   -0.10386769E+00   -0.21912426E-01   -0.14413863E-01   -0.65628491E-07    0.17837770E-08    0.16232036E+00    0.16156640E+00    0.20910255E-02    0.31361684E-03    0.39412631E-08   -0.24916517E-08    0.00000000E+00   -0.59859948E-01   -0.15691374E+00   -0.34852782E-01   -0.17196340E-06    0.31077233E-06    0.00000000E+00   -0.12621995E-02   -0.16316533E+00   -0.24012279E-03   -0.19181253E-08    0.50005025E-06
 80.0000    0.14843667E-01   -0.85287257E-01   -0.23961377E-01   -0.14891717E-01   -0.66591463E-07    0.71242782E-08    0.14172303E+00    0.14433037E+00    0.22762511E-02    0.75104490E-03    0.49167094E-08   -0.20860407E-08    0.00000000E+00   -0.66907450E-01   -0.12572404E+00   -0.34454566E-01   -0.15587901E-06    0.23090346E-06    0.00000000E+00   -0.12002968E-02   -0.11928940E+00   -0.25740303E-04    0.27954504E-08    0.36978214E-06
 90.0000    0.19650813E-01   -0.70041896E-01   -0.25749482E-01   -0.14592574E-01   -0.66762660E-07    0.12454079E-07    0.12105167E+00    0.12105198E+00    0.85633598E-03    0.10017996E-02    0.34796013E-08    0.84513493E-09    0.00000000E+00   -0.66430321E-01   -0.85461842E-01   -0.28710862E-01   -0.11740607E-06    0.14551217E-06    0.00000000E+00    0.15990163E-03   -0.80565850E-01    0.93710955E-04   -0.23319759E-09    0.24762282E-06
100.0000    0.22579131E-01   -0.58710622E-01   -0.23427632E-01   -0.13495942E-01   -0.60412754E-07    0.11660952E-07    0.99976440E-01    0.10110961E+00    0.29951567E-02    0.11162108E-02    0.63104892E-08   -0.29039310E-08    0.00000000E+00   -0.60261682E-01   -0.44690803E-01   -0.19563316E-01   -0.72103538E-07    0.65385041E-07    0.00000000E+00   -0.21707230E-02   -0.37652183E-01    0.15357695E-03    0.14143796E-08    0.11724907E-06
110.0000    0.23210604E-01   -0.46979557E-01   -0.20235130E-01   -0.11746313E-01   -0.51922318E-07    0.10329849E-07    0.79656083E-01    0.80549433E-01    0.31018062E-03    0.11256207E-02    0.28156381E-08    0.18613860E-08    0.00000000E+00   -0.53839794E-01   -0.42159105E-02   -0.86206968E-02   -0.23213883E-07   -0.10243887E-07    0.00000000E+00    0.27721690E-03    0.25237114E-02    0.17293258E-03    0.12522185E-08   -0.65118286E-08
120.0000    0.22791070E-01   -0.38493845E-01   -0.16807943E-01   -0.95674439E-02   -0.42476152E-07    0.92324792E-08    0.60691671E-01    0.60158959E-01    0.21758664E-02    0.10641562E-02    0.49910091E-08   -0.17029137E-08    0.00000000E+00   -0.44952062E-01    0.33887740E-01    0.28405812E-02    0.24792335E-07   -0.79461267E-07    0.00000000E+00   -0.18001239E-02    0.38908474E-01    0.16830501E-03   -0.47035705E-09   -0.12016995E-06
130.0000    0.20786992E-01   -0.29727927E-01   -0.11583250E-01   -0.72085069E-02   -0.30421252E-07    0.52139221E-08    0.43225404E-01    0.44593174E-01    0.74664020E-03    0.94767490E-03    0.28873445E-08    0.59035063E-09    0.00000000E+00   -0.37228199E-01    0.66354464E-01    0.13841358E-01    0.66206086E-07   -0.13792945E-06    0.00000000E+00   -0.54369789E-03    0.75308237E-01    0.15411661E-03    0.20207351E-08   -0.22966055E-06
140.0000    0.17869583E-01   -0.22445139E-01   -0.87827023E-02   -0.49147376E-02   -0.21857406E-07    0.51620518E-08    0.28569336E-01    0.27284504E-01    0.49886612E-03    0.79455376E-03    0.22331432E-08    0.69841142E-09    0.00000000E+00   -0.29289841E-01    0.95641430E-01    0.23656407E-01    0.10427102E-06   -0.18996412E-06    0.00000000E+00   -0.41456127E-03    0.10200320E+00    0.13291828E-03   -0.13166748E-08   -0.31512340E-06
150.0000    0.14260141E-01   -0.16599695E-01   -0.42680718E-02   -0.28967335E-02   -0.11638189E-07    0.14922779E-08    0.16242770E-01    0.17151991E-01    0.16612170E-02    0.61637694E-03    0.33388536E-08   -0.17717810E-08    0.00000000E+00   -0.21137469E-01    0.11712846E+00    0.31756408E-01    0.13191275E-06   -0.22842595E-06    0.00000000E+00   -0.16438642E-02    0.12843656E+00    0.11570252E-03    0.15115665E-08   -0.39361583E-06
160.0000    0.96220057E-02   -0.96708222E-02   -0.23749556E-02   -0.13300964E-02   -0.58903049E-08    0.14161038E-08    0.74812501E-02    0.68265545E-02   -0.12646537E-02    0.41817177E-03   -0.78389397E-09    0.31067373E-08    0.00000000E+00   -0.14808504E-01    0.13407224E+00    0.37777742E-01    0.15398314E-06   -0.25848207E-06    0.00000000E+00    0.12488103E-02    0.14441234E+00    0.99814998E-04   -0.46275484E-09   -0.44473868E-06
170.0000    0.52331653E-02   -0.60626998E-02   -0.85477541E-03   -0.33906914E-03   -0.18338325E-08    0.79583280E-09    0.20274333E-02    0.11511296E-02    0.25294962E-02    0.21367113E-03    0.36373457E-08   -0.41444978E-08    0.00000000E+00   -0.61632956E-02    0.14403280E+00    0.41479692E-01    0.16688234E-06   -0.27622593E-06    0.00000000E+00   -0.25394680E-02    0.15500472E+00    0.90214502E-04   -0.73492466E-09   -0.47759768E-06
179.9000    0.77577169E-02   -0.53246743E-02   -0.85217478E-02   -0.58514153E-05   -0.11413732E-07    0.14802915E-07   -0.91719536E-02   -0.51375685E-02    0.24705579E-01    0.18163133E-04    0.31464032E-07   -0.44541203E-07    0.00000000E+00    0.92080826E-02    0.14524335E+00    0.42726387E-01    0.16802119E-06   -0.27881128E-06    0.00000000E+00   -0.24665615E-01    0.16405724E+00    0.90174901E-04    0.55314447E-08   -0.49918083E-06
180.0000    0.00000000E+00    0.00000000E+00    0.00000000E+00    0.00000000E+00    0.00000000E+00    0.00000000E+00    0.00000000E+00    0.00000000E+00    0.00000000E+00    0.00000000E+00    0.00000000E+00    0.00000000E+00    0.00000000E+00    0.00000000E+00    0.12802733E+00    0.13064013E+02    0.14228360E-06   -0.25158482E-06    0.00000000E+00    0.00000000E+00    0.20848779E+00    0.21274265E+02    0.57024297E-07   -0.58437591E-06
