  0.0000    0.00000000E+00    0.00000000E+00    0.00000000E+00    0.00000000E+00    0.00000000E+00    0.00000000E+00    0.00000000E+00    0.00000000E+00    0.00000000E+00    0.00000000E+00    0.00000000E+00    0.00000000E+00    0.00000000E+00    0.00000000E+00   -0.63977658E+09   -0.83890017E+04   -0.32813258E+04   -0.13130914E+04    0.00000000E+00    0.00000000E+00    0.77364583E+10    0.16779648E+05    0.65626838E+04   -0.17238067E+05
  0.0003   -0.14732911E+09   -0.55962551E+09   -0.57247042E+09   -0.15107568E+04   -0.87701745E+03    0.88415353E+03    0.17080587E+06   -0.13772748E+10   -0.20591190E+10   -0.64468350E+04   -0.26220456E+04    0.37127106E+04    0.00000000E+00    0.21082907E+09    0.31678991E+09   -0.48300761E+04   -0.10169152E+04   -0.19915004E+04    0.00000000E+00    0.20591040E+10    0.30843485E+10    0.96617805E+04    0.20338573E+04   -0.74549562E+04
  0.0004   -0.15718437E+09   -0.71817784E+09   -0.56964645E+09   -0.18621932E+04   -0.90785949E+03    0.84462372E+03   -0.34352630E+06   -0.14262313E+10   -0.16045357E+10   -0.62282232E+04   -0.20431873E+04    0.28930707E+04    0.00000000E+00    0.39606123E+09    0.44380664E+09   -0.35010099E+04   -0.46442342E+03   -0.18297680E+04    0.00000000E+00    0.16045104E+10    0.18074521E+10    0.70036382E+04    0.92887096E+03   -0.46316473E+04
  0.0005   -0.15438207E+09   -0.77220005E+09   -0.48807396E+09   -0.19889853E+04   -0.81641085E+03    0.68511947E+03    0.19862131E+06   -0.12820541E+10   -0.11543737E+10   -0.55827558E+04   -0.14699590E+04    0.20814026E+04    0.00000000E+00    0.49695263E+09    0.44780043E+09   -0.25088663E+04   -0.16764260E+03   -0.15452738E+04    0.00000000E+00    0.11543538E+10    0.10358983E+10    0.50193402E+04    0.33530678E+03   -0.28515722E+04
  0.0006   -0.14510863E+09   -0.75559853E+09   -0.38455245E+09   -0.19641393E+04   -0.68215321E+03    0.50089938E+03   -0.82003257E+04   -0.10713945E+10   -0.80103029E+09   -0.48307958E+04   -0.10200178E+04    0.14443039E+04    0.00000000E+00    0.52894554E+09    0.39640480E+09   -0.18093833E+04   -0.27436526E+02   -0.12469522E+04    0.00000000E+00    0.80101205E+09    0.60035623E+09    0.36203632E+04    0.54892414E+02   -0.17920676E+04
  0.0007   -0.13390575E+09   -0.69912341E+09   -0.28956955E+09   -0.18577984E+04   -0.55078255E+03    0.34006082E+03   -0.12368165E+06   -0.86517652E+09   -0.55675353E+09   -0.41260965E+04   -0.70896008E+03    0.10038588E+04    0.00000000E+00    0.51549799E+09    0.33064338E+09   -0.13248288E+04    0.31286875E+02   -0.98591770E+03    0.00000000E+00    0.55673832E+09    0.35895603E+09    0.26512433E+04   -0.62556302E+02   -0.11668630E+04
  0.0008   -0.12181799E+09   -0.62959922E+09   -0.21475848E+09   -0.17179553E+04   -0.44181541E+03    0.21887618E+03    0.11765385E+06   -0.69379015E+09   -0.39024398E+09   -0.35140252E+04   -0.49692977E+03    0.70363246E+03    0.00000000E+00    0.48098868E+09    0.27087552E+09   -0.98638191E+03    0.54686246E+02   -0.77864606E+03    0.00000000E+00    0.39023077E+09    0.21801428E+09    0.19743389E+04   -0.10935668E+03   -0.78006456E+03
  0.0009   -0.11017798E+09   -0.55985675E+09   -0.15621791E+09   -0.15682919E+04   -0.35260457E+03    0.12799046E+03   -0.43588802E+05   -0.55383574E+09   -0.27575967E+09   -0.29993778E+04   -0.35114748E+03    0.49721064E+03    0.00000000E+00    0.43921121E+09    0.21927656E+09   -0.74861703E+03    0.58886878E+02   -0.61570432E+03    0.00000000E+00    0.27574896E+09    0.13822052E+09    0.14987988E+04   -0.11775933E+03   -0.54298648E+03
  0.0010   -0.99746137E+08   -0.49373635E+09   -0.11256324E+09   -0.14232263E+04   -0.28279977E+03    0.63494287E+02   -0.46836387E+05   -0.44420328E+09   -0.20052765E+09   -0.25755263E+04   -0.25534836E+03    0.36156296E+03    0.00000000E+00    0.39527706E+09    0.17756034E+09   -0.57841218E+03    0.55809060E+02   -0.49044470E+03    0.00000000E+00    0.20051816E+09    0.90656256E+08    0.11583792E+04   -0.11160489E+03   -0.39050343E+03
  0.0012   -0.81578833E+08   -0.38496342E+09   -0.56846418E+08   -0.11674143E+04   -0.18678271E+03   -0.11898105E+02   -0.49754350E+05   -0.29340175E+09   -0.10947249E+09   -0.19352366E+04   -0.13940033E+03    0.19738523E+03    0.00000000E+00    0.31761107E+09    0.11881838E+09   -0.36196065E+03    0.44649394E+02   -0.32088823E+03    0.00000000E+00    0.10946539E+09    0.41546890E+08    0.72545754E+03   -0.89287465E+02   -0.21710398E+03
  0.0014   -0.67432680E+08   -0.30296088E+09   -0.26669851E+08   -0.96242884E+03   -0.12826893E+03   -0.46220727E+02    0.45394223E+05   -0.20140530E+09   -0.64416667E+08   -0.14946483E+04   -0.82027044E+02    0.11614697E+03    0.00000000E+00    0.25536845E+09    0.82226766E+08   -0.23910930E+03    0.34176425E+02   -0.21878930E+03    0.00000000E+00    0.64411261E+08    0.20173412E+08    0.47973777E+03   -0.68342983E+02   -0.13040528E+03
  0.0015   -0.61573782E+08   -0.27044109E+09   -0.16558685E+08   -0.87662024E+03   -0.10698478E+03   -0.56042974E+02   -0.46052161E+05   -0.16806811E+09   -0.50200124E+08   -0.13257774E+04   -0.63923949E+02    0.90513725E+02    0.00000000E+00    0.22998544E+09    0.68759991E+08   -0.19809768E+03    0.29087203E+02   -0.18244879E+03    0.00000000E+00    0.50195345E+08    0.15539823E+08    0.39770654E+03   -0.58165140E+02   -0.10597248E+03
  0.0016   -0.56440949E+08   -0.24210085E+09   -0.95227346E+07   -0.80101948E+03   -0.90616867E+02   -0.61320744E+02    0.97230040E+04   -0.14230521E+09   -0.40419892E+08   -0.11833540E+04   -0.51469973E+02    0.72879403E+02    0.00000000E+00    0.20747283E+09    0.58360182E+08   -0.16548826E+03    0.25433039E+02   -0.15410857E+03    0.00000000E+00    0.40415643E+08    0.11238943E+08    0.33248004E+03   -0.50857346E+02   -0.85433282E+02
  0.0017   -0.51762633E+08   -0.21816257E+09   -0.42430792E+07   -0.73399438E+03   -0.77325764E+02   -0.64272185E+02    0.23925484E+05   -0.12141633E+09   -0.31797076E+08   -0.10611089E+04   -0.40489831E+02    0.57331968E+02    0.00000000E+00    0.18826389E+09    0.49908811E+08   -0.13949800E+03    0.22313851E+02   -0.13122762E+03    0.00000000E+00    0.31793211E+08    0.81355536E+07    0.28049216E+03   -0.44619450E+02   -0.69647994E+02
  0.0018   -0.47702752E+08   -0.19705754E+09    0.11309945E+06   -0.67418433E+03   -0.65917636E+02   -0.66265580E+02   -0.37930525E+05   -0.10356087E+09   -0.25870341E+08   -0.95668239E+03   -0.32942832E+02    0.46645723E+02    0.00000000E+00    0.17113524E+09    0.42599988E+08   -0.11886315E+03    0.19074983E+02   -0.11198133E+03    0.00000000E+00    0.25866882E+08    0.68688329E+07    0.23921539E+03   -0.38142146E+02   -0.59273699E+02
  0.0019   -0.44080839E+08   -0.17861218E+09    0.28945631E+07   -0.62130152E+03   -0.57193555E+02   -0.66098505E+02    0.19407627E+05   -0.89801789E+08   -0.21525103E+08   -0.86669196E+03   -0.27409684E+02    0.38811007E+02    0.00000000E+00    0.15599339E+09    0.37009343E+08   -0.10174304E+03    0.16990602E+02   -0.96866426E+02    0.00000000E+00    0.21521976E+08    0.48709096E+07    0.20496837E+03   -0.33973772E+02   -0.48958834E+02
  0.0020   -0.40761410E+08   -0.16286409E+09    0.51553056E+07   -0.57396106E+03   -0.49675671E+02   -0.65535660E+02    0.79472478E+04   -0.78005951E+08   -0.17234698E+08   -0.78793963E+03   -0.21946359E+02    0.31075157E+02    0.00000000E+00    0.14298638E+09    0.32189935E+08   -0.87803184E+02    0.14953235E+02   -0.84077171E+02    0.00000000E+00    0.17231826E+08    0.37782260E+07    0.17708211E+03   -0.29899390E+02   -0.41522877E+02
  0.0030   -0.21310393E+08   -0.75050361E+08    0.10280567E+08   -0.29395110E+03   -0.15709941E+02   -0.47337489E+02   -0.10093722E+04   -0.24670443E+08   -0.38697456E+07   -0.36491222E+03   -0.49276657E+01    0.69773751E+01    0.00000000E+00    0.68276743E+08    0.10234652E+08   -0.26634478E+02    0.49893215E+01   -0.26496973E+02    0.00000000E+00    0.38684253E+07    0.58676843E+06    0.54690053E+02   -0.99738589E+01   -0.11779017E+02
  0.0040   -0.12952835E+08   -0.42565380E+08    0.82711229E+07   -0.17679057E+03   -0.67877387E+01   -0.32233353E+02   -0.25547212E+04   -0.10659970E+08   -0.10895243E+07   -0.20812513E+03   -0.13873807E+01    0.19644757E+01    0.00000000E+00    0.39500285E+08    0.44332214E+07   -0.11012218E+02    0.22018560E+01   -0.11436684E+02    0.00000000E+00    0.10887695E+07    0.14804705E+06    0.23404275E+02   -0.44001077E+01   -0.48555656E+01
  0.0050   -0.87030226E+07   -0.27160862E+08    0.62698356E+07   -0.11763714E+03   -0.35394991E+01   -0.22828273E+02    0.33755673E+04   -0.55530841E+07   -0.57096295E+06   -0.13419712E+03   -0.72705418E+00    0.10294791E+01    0.00000000E+00    0.25535408E+08    0.23136058E+07   -0.53465495E+01    0.11739218E+01   -0.59437479E+01    0.00000000E+00    0.57047677E+06    0.12559388E+05    0.12039875E+02   -0.23449542E+01   -0.23835924E+01
  0.0060   -0.62249702E+07   -0.18857801E+08    0.48518032E+07   -0.83770943E+02   -0.20265453E+01   -0.16952827E+02   -0.40381806E+04   -0.31847336E+07   -0.19261935E+06   -0.93470905E+02   -0.24527739E+00    0.34730449E+00    0.00000000E+00    0.17888599E+08    0.13257432E+07   -0.28532365E+01    0.65346788E+00   -0.34251017E+01    0.00000000E+00    0.19228058E+06    0.57687515E+05    0.70256812E+01   -0.13045252E+01   -0.14819974E+01
  0.0070   -0.46818575E+07   -0.13789738E+08    0.37832712E+07   -0.62677145E+02   -0.13201572E+01   -0.12959164E+02    0.38473201E+04   -0.20677348E+07   -0.16069938E+06   -0.68868423E+02   -0.20463158E+00    0.28975045E+00    0.00000000E+00    0.13170864E+08    0.86431688E+06   -0.15493092E+01    0.45299994E+00   -0.22060192E+01    0.00000000E+00    0.16044984E+06   -0.32865442E+05    0.43941967E+01   -0.90393319E+00   -0.80282462E+00
  0.0080   -0.36406452E+07   -0.10546646E+08    0.30718100E+07   -0.48608939E+02   -0.84754237E+00   -0.10297782E+02   -0.37357905E+04   -0.13332792E+07   -0.60769896E+05   -0.52778052E+02   -0.77383108E-01    0.10957184E+00    0.00000000E+00    0.10124913E+08    0.55485818E+06   -0.85589836E+00    0.26604868E+00   -0.14409393E+01    0.00000000E+00    0.60578640E+05    0.43841697E+05    0.29867107E+01   -0.53028822E+00   -0.66516457E+00
  0.0090   -0.29151335E+07   -0.83063712E+07    0.24871284E+07   -0.38825458E+02   -0.63336276E+00   -0.82848642E+01    0.32323770E+04   -0.99011303E+06   -0.53490360E+05   -0.41754545E+02   -0.68113591E-01    0.96446298E-01    0.00000000E+00    0.80075324E+07    0.41524885E+06   -0.40250098E+00    0.22443269E+00   -0.10530555E+01    0.00000000E+00    0.53339056E+05   -0.33415043E+05    0.20615511E+01   -0.44725608E+00   -0.34445671E+00
  0.0100   -0.23855400E+07   -0.67147544E+07    0.20983605E+07   -0.31691787E+02   -0.42937175E+00   -0.68848522E+01   -0.28395322E+04   -0.67594906E+06   -0.33971605E+05   -0.33843727E+02   -0.43259463E-01    0.61252145E-01    0.00000000E+00    0.64951736E+07    0.28127194E+06   -0.14851484E+00    0.13105921E+00   -0.73425708E+00    0.00000000E+00    0.33848969E+05    0.32331501E+05    0.15370511E+01   -0.26066979E+00   -0.36013572E+00
  0.0120   -0.16831233E+07   -0.46425753E+07    0.15168625E+07   -0.22285284E+02   -0.24808585E+00   -0.49146224E+01   -0.17752632E+04   -0.39038181E+06   -0.27141700E+05   -0.23530991E+02   -0.34561929E-01    0.48937885E-01    0.00000000E+00    0.45143060E+07    0.16265968E+06    0.16030050E+00    0.75237802E-01   -0.42517497E+00    0.00000000E+00    0.27056427E+05    0.20243951E+05    0.89063014E+00   -0.14926841E+00   -0.21154772E+00
  0.0140   -0.12507057E+07   -0.33988967E+07    0.11437536E+07   -0.16524201E+02   -0.15866426E+00   -0.36773536E+01   -0.77003376E+03   -0.24908822E+06   -0.23321666E+05   -0.17301858E+02   -0.29697181E-01    0.42050528E-01    0.00000000E+00    0.33176527E+07    0.10417013E+06    0.31413447E+00    0.49725301E-01   -0.27074786E+00    0.00000000E+00    0.23258972E+05    0.89978593E+04    0.55846192E+00   -0.98416027E-01   -0.12609740E+00
  0.0160   -0.96560674E+06   -0.25955984E+07    0.89098771E+06   -0.12742764E+02   -0.10998881E+00   -0.28510591E+01    0.40049354E+02   -0.17194492E+06   -0.18774157E+05   -0.13253101E+02   -0.23907122E-01    0.33850447E-01    0.00000000E+00    0.25408878E+07    0.72344577E+05    0.39758060E+00    0.36970807E-01   -0.18559295E+00    0.00000000E+00    0.18726132E+05   -0.82671096E+02    0.37024254E+00   -0.73036674E-01   -0.72782341E-01
  0.0180   -0.76767939E+06   -0.20475652E+07    0.71258905E+06   -0.10127842E+02   -0.80923753E-01   -0.22731613E+01    0.58405661E+03   -0.12584106E+06   -0.13194717E+05   -0.10473648E+02   -0.16801480E-01    0.23791276E-01    0.00000000E+00    0.20088669E+07    0.53341060E+05    0.44520545E+00    0.29629451E-01   -0.13447113E+00    0.00000000E+00    0.13156766E+05   -0.62289988E+04    0.25611647E+00   -0.58454149E-01   -0.39291007E-01
  0.0200   -0.62465944E+06   -0.16573492E+07    0.58267989E+06   -0.82444032E+01   -0.61792196E-01   -0.18543720E+01    0.84613444E+03   -0.95601489E+05   -0.72741790E+04   -0.84832500E+01   -0.92626127E-02    0.13115963E-01    0.00000000E+00    0.16288395E+07    0.40820697E+05    0.47295694E+00    0.24399130E-01   -0.10118330E+00    0.00000000E+00    0.72434401E+04   -0.92523125E+04    0.18367880E+00   -0.48073885E-01   -0.19609700E-01
  0.0220   -0.51799230E+06   -0.13696556E+07    0.48570323E+06   -0.68427447E+01   -0.47934538E-01   -0.15421714E+01    0.85599395E+03   -0.73884382E+05   -0.18881126E+04   -0.70093789E+01   -0.24042768E-02    0.34043885E-02    0.00000000E+00    0.13479313E+07    0.31733879E+05    0.48897026E+00    0.19845954E-01   -0.77781425E-01    0.00000000E+00    0.18627141E+04   -0.94666988E+04    0.13629476E+00   -0.39034574E-01   -0.99108419E-02
  0.0240   -0.43638998E+06   -0.11512372E+07    0.41175177E+06   -0.57713311E+01   -0.37118045E-01   -0.13038477E+01    0.67628839E+03   -0.57122931E+05    0.22438811E+04   -0.58880424E+01    0.28571844E-02   -0.40459815E-02    0.00000000E+00    0.11342287E+07    0.24622447E+05    0.49777754E+00    0.15488359E-01   -0.60261124E-01    0.00000000E+00   -0.22652170E+04   -0.75560460E+04    0.10463632E+00   -0.30373846E-01   -0.71281229E-02
  0.0260   -0.37265180E+06   -0.98119121E+06    0.35420590E+06   -0.49339430E+01   -0.28342746E-01   -0.11180360E+01    0.38746435E+03   -0.43669442E+05    0.47094475E+04   -0.50156787E+01    0.59971149E-02   -0.84912184E-02    0.00000000E+00    0.96759900E+06    0.18838241E+05    0.50210608E+00    0.11334654E-01   -0.46620066E-01    0.00000000E+00   -0.47276220E+04   -0.44070429E+04    0.83042427E-01   -0.22112186E-01   -0.85541824E-02
  0.0280   -0.32199104E+06   -0.84592071E+06    0.30848405E+06   -0.42671309E+01   -0.21225885E-01   -0.97025859E+00    0.72019057E+02   -0.32840776E+05    0.54449580E+04   -0.43241613E+01    0.69336546E-02   -0.98174327E-02    0.00000000E+00    0.83490207E+06    0.14137027E+05    0.50369005E+00    0.76094232E-02   -0.35882294E-01    0.00000000E+00   -0.54606254E+04   -0.93414065E+03    0.67875644E-01   -0.14701998E-01   -0.11828171E-01
  0.0300   -0.28110846E+06   -0.73634614E+06    0.27135300E+06   -0.37276709E+01   -0.15648562E-01   -0.85044983E+00   -0.19945183E+03   -0.24381772E+05    0.46994081E+04   -0.37670762E+01    0.59843521E-02   -0.84730955E-02    0.00000000E+00    0.72733158E+06    0.10447559E+05    0.50367037E+00    0.45766271E-02   -0.27564663E-01    0.00000000E+00   -0.47130573E+04    0.20763282E+04    0.56734836E-01   -0.86711748E-02   -0.15058874E-01
  0.0400   -0.15993849E+06   -0.41056597E+06    0.15533689E+06   -0.21268067E+01   -0.65222743E-02   -0.48440691E+00   -0.10506556E+03   -0.10055205E+05   -0.34898132E+04   -0.21233397E+01   -0.44437911E-02    0.62924101E-02    0.00000000E+00    0.40693181E+06    0.44194795E+04    0.49677768E+00    0.18407322E-02   -0.11755532E-01    0.00000000E+00    0.34821203E+04    0.11693088E+04    0.23786921E-01   -0.33201580E-02   -0.69174665E-02
  0.0500   -0.10245753E+06   -0.26392132E+06    0.99138737E+05   -0.13814923E+01   -0.50572984E-02   -0.31005169E+00    0.20521741E+03   -0.75040769E+04    0.13830200E+04   -0.13567007E+01    0.17609066E-02   -0.24938715E-02    0.00000000E+00    0.26183698E+06    0.34581658E+04    0.48536644E+00    0.26634543E-02   -0.79753857E-02    0.00000000E+00   -0.13879351E+04   -0.22854625E+04    0.10258011E-01   -0.50379893E-02    0.19930991E-02
  0.0600   -0.71453955E+05   -0.18273704E+06    0.70911763E+05   -0.97301144E+00   -0.97871469E-03   -0.21913451E+00   -0.19267698E+03   -0.15357572E+04    0.85150528E+02   -0.94276189E+00    0.10842443E-03   -0.15353607E-03    0.00000000E+00    0.18152650E+06    0.73301426E+03    0.47171487E+00   -0.40799277E-03   -0.26630673E-02    0.00000000E+00   -0.88565928E+02    0.21086499E+04    0.78079835E-02    0.10559236E-02   -0.54312115E-02
  0.0700   -0.52714261E+05   -0.13371809E+06    0.51127279E+05   -0.72775856E+00   -0.21430294E-02   -0.15943304E+00    0.11456163E+03   -0.30854883E+04   -0.10179625E+04   -0.69336290E+00   -0.12965311E-02    0.18351696E-02    0.00000000E+00    0.13297659E+06    0.15043662E+04    0.46139095E+00    0.12684880E-02   -0.33596045E-02    0.00000000E+00    0.10154508E+04   -0.12605122E+04    0.32749778E-02   -0.23309523E-02    0.15469379E-02
  0.0800   -0.40223801E+05   -0.10318431E+06    0.39809952E+05   -0.56714174E+00   -0.81808044E-03   -0.12329101E+00   -0.24396057E+02   -0.11644747E+04    0.12170618E+04   -0.52956726E+00    0.15496771E-02   -0.21945406E-02    0.00000000E+00    0.10256941E+06    0.61506721E+03    0.45073545E+00    0.23334712E-03   -0.16588703E-02    0.00000000E+00   -0.12189800E+04    0.25679220E+03    0.27549563E-02   -0.28614486E-03   -0.10761507E-02
  0.0900   -0.32010279E+05   -0.80700186E+05    0.31674847E+05   -0.45707295E+00   -0.39352239E-03   -0.97839291E-01   -0.47557968E+02   -0.53715129E+03   -0.93526016E+03   -0.41966077E+00   -0.11912069E-02    0.16860650E-02    0.00000000E+00    0.80339103E+05    0.32520598E+03    0.44144600E+00   -0.18651158E-04   -0.10191279E-02    0.00000000E+00    0.93374009E+03    0.52455849E+03    0.20674715E-02    0.19743909E-03   -0.14163337E-02
  0.1000   -0.25839678E+05   -0.65836447E+05    0.25140868E+05   -0.37871528E+00   -0.10371574E-02   -0.78381531E-01    0.80643960E+02   -0.14326576E+04    0.37226500E+03   -0.33919354E+00    0.47408199E-03   -0.67116898E-03    0.00000000E+00    0.65504644E+05    0.75022648E+03    0.43351091E+00    0.73704907E-03   -0.15709778E-02    0.00000000E+00   -0.37349347E+03   -0.89096145E+03    0.69642520E-03   -0.13301320E-02    0.14108576E-02
  0.1100   -0.21385826E+05   -0.54346486E+05    0.21487311E+05   -0.31986241E+00    0.76298561E-04   -0.66028128E-01   -0.75512685E+02    0.14927256E+03    0.17274479E+03   -0.28041421E+00    0.21997505E-03   -0.31146396E-03    0.00000000E+00    0.54090416E+05    0.25169675E+01    0.42537882E+00   -0.30200262E-03   -0.30974592E-03    0.00000000E+00   -0.17376036E+03    0.82851542E+03    0.13592601E-02    0.73462818E-03   -0.18142499E-02
  0.1200   -0.18048656E+05   -0.45377306E+05    0.17574692E+05   -0.27583232E+00   -0.59237331E-03   -0.54659860E-01    0.42798884E+02   -0.79156704E+03   -0.52971074E+03   -0.23606550E+00   -0.67453050E-03    0.95509286E-03    0.00000000E+00    0.45202096E+05    0.44479331E+03    0.41875964E+00    0.41805032E-03   -0.95032967E-03    0.00000000E+00    0.52885583E+03   -0.46963188E+03    0.35199295E-03   -0.71646714E-03    0.72832721E-03
  0.1300   -0.15281870E+05   -0.39111134E+05    0.15168719E+05   -0.24110271E+00   -0.25380205E-03   -0.46919457E-01   -0.11992813E+01   -0.31102121E+03    0.60081195E+03   -0.20046134E+00    0.76520209E-03   -0.10831599E-02    0.00000000E+00    0.38913425E+05    0.21557208E+03    0.41214973E+00    0.11685654E-03   -0.54633806E-03    0.00000000E+00   -0.60153785E+03    0.10748814E+02    0.46562282E-03   -0.12345390E-03   -0.15652198E-03
  0.1400   -0.13277724E+05   -0.33320415E+05    0.13240115E+05   -0.21353989E+00   -0.93832451E-05   -0.40741803E-01   -0.32284840E+02    0.35390609E+02   -0.43116384E+03   -0.17346404E+00   -0.54909643E-03    0.77735332E-03    0.00000000E+00    0.33199914E+05    0.49120021E+02    0.40604047E+00   -0.10082254E-03   -0.25193735E-03    0.00000000E+00    0.43053570E+03    0.35652114E+03    0.54804989E-03    0.30406497E-03   -0.79275096E-03
  0.1500   -0.11520542E+05   -0.29240077E+05    0.11184781E+05   -0.19163281E+00   -0.48025673E-03   -0.34889566E-01    0.46947346E+02   -0.63069716E+03    0.12510659E+03   -0.15078185E+00    0.15912875E-03   -0.22575420E-03    0.00000000E+00    0.29111180E+05    0.36097708E+03    0.40069392E+00    0.39080870E-03   -0.71971567E-03    0.00000000E+00   -0.12565254E+03   -0.51649965E+03   -0.57228627E-04   -0.68603617E-03    0.90294409E-03
  0.1600   -0.10122920E+05   -0.25726806E+05    0.10225064E+05   -0.17320055E+00    0.10342045E-03   -0.31353375E-01   -0.40564372E+02    0.19377287E+03    0.17153748E+03   -0.13248288E+00    0.21829137E-03   -0.30943342E-03    0.00000000E+00    0.25611312E+05   -0.31058973E+02    0.39515855E+00   -0.17723580E-03   -0.81684725E-04    0.00000000E+00   -0.17201713E+03    0.44626811E+03    0.44392398E-03    0.44388831E-03   -0.92902881E-03
  0.1700   -0.90199044E+04   -0.22576759E+05    0.87980452E+04   -0.15835009E+00   -0.25875142E-03   -0.27325411E-01    0.19725354E+02   -0.31908651E+03   -0.35245814E+03   -0.11768283E+00   -0.44884551E-03    0.63547086E-03    0.00000000E+00    0.22499688E+05    0.20846108E+03    0.39041481E+00    0.19690195E-03   -0.44441607E-03    0.00000000E+00    0.35203210E+03   -0.21530582E+03    0.27541648E-05   -0.30950912E-03    0.35286636E-03
  0.1800   -0.79796707E+04   -0.20428406E+05    0.79065417E+04   -0.14569300E+00   -0.15401317E-03   -0.24478015E-01    0.57750031E+01   -0.17209474E+03    0.36471918E+03   -0.10452931E+00    0.46418413E-03   -0.65785257E-03    0.00000000E+00    0.20325590E+05    0.13666243E+03    0.38570949E+00    0.10189413E-03   -0.31853964E-03    0.00000000E+00   -0.36509756E+03   -0.63526306E+02    0.52121162E-04   -0.12469894E-03    0.70735937E-04
  0.1900   -0.72195061E+04   -0.18098319E+05    0.72411590E+04   -0.13491665E+00    0.54589309E-04   -0.22222403E-01   -0.24718974E+02    0.12157514E+03   -0.23305780E+03   -0.94179436E-01   -0.29686346E-03    0.42012491E-03    0.00000000E+00    0.18033779E+05   -0.44056234E+01    0.38119813E+00   -0.99119147E-04   -0.85565511E-04    0.00000000E+00    0.23271687E+03    0.27351403E+03    0.22122485E-03    0.27321190E-03   -0.56823764E-03
  0.2000   -0.64929387E+04   -0.16436982E+05    0.62809518E+04   -0.12598217E+00   -0.29274830E-03   -0.19615720E-01    0.31560030E+02   -0.37062372E+03    0.27775943E+02   -0.84842363E-01    0.35386819E-04   -0.50064206E-04    0.00000000E+00    0.16366213E+05    0.22586578E+03    0.37719363E+00    0.25453323E-03   -0.44032931E-03    0.00000000E+00   -0.28083056E+02   -0.34604939E+03   -0.16870587E-03   -0.43768138E-03    0.62691885E-03
  0.2100   -0.58770253E+04   -0.14967449E+05    0.59507156E+04   -0.11795228E+00    0.73614388E-04   -0.18233406E-01   -0.24510387E+02    0.14589005E+03    0.15904690E+03   -0.76867202E-01    0.20254506E-03   -0.28675320E-03    0.00000000E+00    0.14896103E+05   -0.20075695E+02    0.37302629E+00   -0.10666977E-03   -0.44908094E-04    0.00000000E+00   -0.15932513E+03    0.27055419E+03    0.17651440E-03    0.28114260E-03   -0.55120117E-03
  0.2200   -0.53959986E+04   -0.13468083E+05    0.52737683E+04   -0.11125836E+00   -0.13251705E-03   -0.16356949E-01    0.91593779E+01   -0.14655126E+03   -0.25858993E+03   -0.70300121E-01   -0.32932236E-03    0.46621407E-03    0.00000000E+00    0.13422552E+05    0.11606945E+03    0.36933451E+00    0.10349965E-03   -0.25358108E-03    0.00000000E+00    0.25833549E+03   -0.98854492E+02   -0.56575214E-04   -0.14228723E-03    0.16183270E-03
  0.2300   -0.48897911E+04   -0.12527529E+05    0.48255488E+04   -0.10531995E+00   -0.12125551E-03   -0.14966767E-01    0.83920461E+01   -0.13202485E+03    0.24197675E+03   -0.64008914E-01    0.30816380E-03   -0.43626318E-03    0.00000000E+00    0.12461277E+05    0.10746393E+03    0.36569948E+00    0.95916478E-04   -0.23468987E-03    0.00000000E+00   -0.24220839E+03   -0.91336047E+02   -0.64094169E-04   -0.12999235E-03    0.15099753E-03
  0.2400   -0.45267555E+04   -0.11356619E+05    0.45637599E+04   -0.10001772E+00    0.65075121E-04   -0.13975059E-01   -0.19908578E+02    0.13017961E+03   -0.13140350E+03   -0.59015893E-01   -0.16734347E-03    0.23691152E-03    0.00000000E+00    0.11312831E+05   -0.18062591E+02    0.36212858E+00   -0.87480058E-04   -0.31911578E-04    0.00000000E+00    0.13118991E+03    0.22076094E+03    0.11068950E-03    0.23422092E-03   -0.44493689E-03
  0.2500   -0.41620379E+04   -0.10511260E+05    0.40114415E+04   -0.95558465E-01   -0.20117614E-03   -0.12542136E-01    0.22673772E+02   -0.24729010E+03   -0.19138988E+02   -0.54322944E-01   -0.24458348E-04    0.34421603E-04    0.00000000E+00    0.10465051E+05    0.15862647E+03    0.35892986E+00    0.18124064E-03   -0.30676421E-03    0.00000000E+00    0.18942402E+02   -0.24779687E+03   -0.17363992E-03   -0.30575366E-03    0.45657859E-03
  0.2600   -0.38322393E+04   -0.97886595E+04    0.38819849E+04   -0.91356624E-01    0.45890432E-04   -0.11896804E-01   -0.15458344E+02    0.10074818E+03    0.14459996E+03   -0.50119062E-01    0.18397935E-03   -0.26087377E-03    0.00000000E+00    0.97372122E+04   -0.71841107E+01    0.35559945E+00   -0.63619134E-04   -0.41517647E-04    0.00000000E+00   -0.14478131E+03    0.17142793E+03    0.67645351E-04    0.18179882E-03   -0.34558894E-03
  0.2700   -0.35871797E+04   -0.89370444E+04    0.35157594E+04   -0.87784675E-01   -0.70308882E-04   -0.10886332E-01    0.34239143E+01   -0.64458217E+02   -0.19867228E+03   -0.46691602E-01   -0.25314369E-03    0.35805968E-03    0.00000000E+00    0.89052836E+04    0.69422457E+02    0.35257510E+00    0.54310552E-04   -0.15926348E-03    0.00000000E+00    0.19850331E+03   -0.35648076E+02   -0.59451609E-04   -0.55950531E-04    0.53718639E-04
  0.2800   -0.33006142E+04   -0.84608841E+04    0.32397859E+04   -0.84553241E-01   -0.10488657E-03   -0.10071894E-01    0.93385722E+01   -0.11437670E+03    0.16685770E+03   -0.43187396E-01    0.21234379E-03   -0.30098395E-03    0.00000000E+00    0.84131141E+04    0.91723107E+02    0.34962123E+00    0.90601892E-04   -0.19157875E-03    0.00000000E+00   -0.16701397E+03   -0.10126485E+03   -0.10239629E-03   -0.13050025E-03    0.18103499E-03
  0.2900   -0.30998459E+04   -0.77922692E+04    0.31396536E+04   -0.81549039E-01    0.62225025E-04   -0.95967312E-02   -0.16409412E+02    0.12085783E+03   -0.71313956E+02   -0.40407140E-01   -0.90735116E-04    0.12865800E-03    0.00000000E+00    0.77584909E+04   -0.20598577E+02    0.34666840E+00   -0.75170480E-04   -0.11800192E-04    0.00000000E+00    0.71167768E+02    0.18238163E+03    0.62236413E-04    0.19945044E-03   -0.36163574E-03
  0.3000   -0.28944851E+04   -0.72924151E+04    0.27811346E+04   -0.79023788E-01   -0.14670824E-03   -0.87027023E-02    0.16806884E+02   -0.17530131E+03   -0.43849365E+02   -0.37743759E-01   -0.55918720E-04    0.78981225E-04    0.00000000E+00    0.72590525E+04    0.11810489E+03    0.34400434E+00    0.13485633E-03   -0.22848629E-03    0.00000000E+00    0.43712837E+02   -0.18300853E+03   -0.15665769E-03   -0.22263465E-03    0.34038013E-03
  0.3100   -0.26938211E+04   -0.69034079E+04    0.27253830E+04   -0.76555393E-01    0.24419698E-04   -0.83600578E-02   -0.97161699E+01    0.65697952E+02    0.13011803E+03   -0.35236171E-01    0.16584468E-03   -0.23445563E-03    0.00000000E+00    0.68630510E+04    0.32248117E+01    0.34123754E+00   -0.35183857E-04   -0.45104797E-04    0.00000000E+00   -0.13024550E+03    0.10852356E+03    0.13428957E-04    0.11604688E-03   -0.21781936E-03
  0.3200   -0.25560048E+04   -0.63616396E+04    0.25143762E+04   -0.74424627E-01   -0.35279382E-04   -0.77706073E-02    0.14145790E-01   -0.19419261E+02   -0.15594928E+03   -0.33249153E-01   -0.19855536E-03    0.28121326E-03    0.00000000E+00    0.63370864E+04    0.42374767E+02    0.33867350E+00    0.25339312E-04   -0.10502412E-03    0.00000000E+00    0.15582903E+03    0.19265645E+01   -0.50888681E-04   -0.64648604E-05   -0.12391821E-04
  0.3300   -0.23772600E+04   -0.60946652E+04    0.23189983E+04   -0.72486935E-01   -0.93892150E-04   -0.72281516E-02    0.95026366E+01   -0.10316428E+03    0.11609092E+03   -0.31093906E-01    0.14777269E-03   -0.20937408E-03    0.00000000E+00    0.60578779E+04    0.80967199E+02    0.33618905E+00    0.84867339E-04   -0.16422340E-03    0.00000000E+00   -0.11620338E+03   -0.10279814E+03   -0.11401464E-03   -0.12671562E-03    0.18953671E-03
  0.3400   -0.22538021E+04   -0.56820119E+04    0.22918872E+04   -0.70614460E-01    0.55311688E-04   -0.69955420E-02   -0.13648729E+02    0.10703761E+03   -0.32738727E+02   -0.29383817E-01   -0.41659372E-04    0.59059361E-04    0.00000000E+00    0.56539629E+04   -0.19222851E+02    0.33367404E+00   -0.63628605E-04   -0.44906539E-05    0.00000000E+00    0.32632466E+02    0.15209337E+03    0.34981796E-04    0.16857776E-03   -0.29932839E-03
  0.3600   -0.19959262E+04   -0.51317984E+04    0.20136869E+04   -0.67484897E-01    0.83094451E-05   -0.61866777E-02   -0.57987451E+01    0.39112224E+02    0.11607339E+03   -0.26115319E-01    0.14776226E-03   -0.20933057E-03    0.00000000E+00    0.50985334E+04    0.11162602E+02    0.32902813E+00   -0.15347840E-04   -0.49688917E-04    0.00000000E+00   -0.11616787E+03    0.65597268E+02   -0.16752393E-04    0.69846179E-04   -0.13195989E-03
  0.3700   -0.19128549E+04   -0.47599498E+04    0.18901706E+04   -0.66108205E-01   -0.13814277E-04   -0.58288110E-02   -0.21041859E+01    0.72729952E+01   -0.12325856E+03   -0.24874221E-01   -0.15702069E-03    0.22217689E-03    0.00000000E+00    0.47396395E+04    0.25398446E+02    0.32680137E+00    0.72156647E-05   -0.70921132E-04    0.00000000E+00    0.12316860E+03    0.25270421E+02   -0.40858029E-04    0.23792421E-04   -0.53950517E-04
  0.3800   -0.17938913E+04   -0.45970419E+04    0.17383462E+04   -0.64864757E-01   -0.85009505E-04   -0.54329275E-02    0.92501223E+01   -0.94004572E+02    0.79530487E+02   -0.23454907E-01    0.10112246E-03   -0.14354832E-03    0.00000000E+00    0.45674983E+04    0.72486766E+02    0.32465924E+00    0.78847316E-04   -0.14415388E-03    0.00000000E+00   -0.79615303E+02   -0.99854126E+02   -0.11462307E-03   -0.12046259E-03    0.18673265E-03
  0.3900   -0.17113582E+04   -0.43301278E+04    0.17458702E+04   -0.63614972E-01    0.47349048E-04   -0.53237160E-02   -0.11356207E+02    0.92499032E+02   -0.67706681E+01   -0.22320565E-01   -0.86945667E-05    0.12134988E-04    0.00000000E+00    0.43057794E+04   -0.16301299E+02    0.32247031E+00   -0.53083385E-04   -0.29334154E-05    0.00000000E+00    0.66899536E+01    0.12693412E+03    0.18937576E-04    0.14229060E-03   -0.24821462E-03
  0.4000   -0.16325659E+04   -0.40928871E+04    0.15636141E+04   -0.62587266E-01   -0.83720777E-04   -0.48940860E-02    0.93961515E+01   -0.93348795E+02   -0.63458619E+02   -0.21255169E-01   -0.80687473E-04    0.11453917E-03    0.00000000E+00    0.40721475E+04    0.70778064E+02    0.32046968E+00    0.78385152E-04   -0.13935932E-03    0.00000000E+00    0.63381787E+02   -0.10126440E+03   -0.11591356E-03   -0.12159258E-03    0.18994127E-03
  0.4100   -0.15376339E+04   -0.39656593E+04    0.15447925E+04   -0.61531377E-01   -0.38594036E-05   -0.47563211E-02   -0.30029951E+01    0.18911551E+02    0.10258639E+03   -0.20125105E-01    0.13064990E-03   -0.18495098E-03    0.00000000E+00    0.39373765E+04    0.17126182E+02    0.31841248E+00   -0.11498370E-05   -0.53837510E-04    0.00000000E+00   -0.10265914E+03    0.34956515E+02   -0.34923929E-04    0.36702308E-04   -0.70839318E-04
  0.4200   -0.14847829E+04   -0.36969715E+04    0.14747081E+04   -0.60586244E-01   -0.22636103E-06   -0.45370775E-02   -0.34292087E+01    0.23621450E+02   -0.97061778E+02   -0.19304785E-01   -0.12360494E-03    0.17499981E-03    0.00000000E+00    0.36793702E+04    0.14273201E+02    0.31644320E+00   -0.45362953E-05   -0.48446944E-04    0.00000000E+00    0.96991983E+02    0.39874016E+02   -0.32884433E-04    0.42207808E-04   -0.80462215E-04
  0.4300   -0.14020555E+04   -0.35892075E+04    0.13495656E+04   -0.59747577E-01   -0.77073567E-04   -0.42289312E-02    0.87567942E+01   -0.85506937E+02    0.52101774E+02   -0.18323342E-01    0.66362771E-04   -0.93925216E-04    0.00000000E+00    0.35647902E+04    0.65220956E+02    0.31456158E+00    0.72641294E-04   -0.12800707E-03    0.00000000E+00   -0.52168011E+02   -0.94319085E+02   -0.11095727E-03   -0.11248058E-03    0.17768643E-03
  0.4400   -0.13429403E+04   -0.34121167E+04    0.13730970E+04   -0.58869583E-01    0.39301250E-04   -0.41849494E-02   -0.93894522E+01    0.78438983E+02    0.11108503E+02   -0.17525075E-01    0.14074558E-04   -0.20100085E-04    0.00000000E+00    0.33903842E+04   -0.12766507E+02    0.31262591E+00   -0.43464002E-04   -0.41886077E-05    0.00000000E+00   -0.11171875E+02    0.10534451E+03    0.71549284E-05    0.11884456E-03   -0.20524150E-03
  0.4500   -0.12915350E+04   -0.32303734E+04    0.12372878E+04   -0.58157682E-01   -0.63582807E-04   -0.38700245E-02    0.68812758E+01   -0.67397392E+02   -0.65661423E+02   -0.16804570E-01   -0.83748415E-04    0.11825502E-03    0.00000000E+00    0.32130437E+04    0.55554426E+02    0.31084389E+00    0.59548217E-04   -0.11136165E-03    0.00000000E+00    0.65600693E+02   -0.73546885E+02   -0.98021407E-04   -0.87927331E-04    0.13833526E-03
  0.4600   -0.12207483E+04   -0.31568641E+04    0.12196911E+04   -0.57417234E-01   -0.13085350E-04   -0.37653919E-02   -0.95573822E+00    0.35292879E+01    0.89690347E+02   -0.15982214E-01    0.11430297E-03   -0.16162402E-03    0.00000000E+00    0.31323222E+04    0.21547739E+02    0.30902503E+00    0.93196295E-05   -0.56970700E-04    0.00000000E+00   -0.89748119E+02    0.12516929E+02   -0.47030432E-04    0.11723390E-04   -0.26784194E-04
  0.4700   -0.11854915E+04   -0.29559598E+04    0.11839794E+04   -0.56736807E-01    0.84752354E-05   -0.36339665E-02   -0.42293380E+01    0.33562732E+02   -0.75428922E+02   -0.15414294E-01   -0.96020013E-04    0.13603255E-03    0.00000000E+00    0.29401954E+04    0.68589387E+01    0.30725929E+00   -0.12020050E-04   -0.33121164E-04    0.00000000E+00    0.75373202E+02    0.48695538E+02   -0.25496570E-04    0.53763644E-04   -0.96045263E-04
  0.4800   -0.11262657E+04   -0.28785566E+04    0.10771549E+04   -0.56148845E-01   -0.69622484E-04   -0.33834251E-02    0.81179552E+01   -0.77212575E+02    0.31002214E+02   -0.14711559E-01    0.39432086E-04   -0.55944369E-04    0.00000000E+00    0.28579491E+04    0.58694583E+02    0.30558178E+00    0.66255773E-04   -0.11431460E-03    0.00000000E+00   -0.31055396E+02   -0.87217913E+02   -0.10529040E-03   -0.10340095E-03    0.16491974E-03
  0.4900   -0.10814069E+04   -0.27600946E+04    0.11069166E+04   -0.55507826E-01    0.31464692E-04   -0.33738979E-02   -0.76677602E+01    0.65252823E+02    0.23428773E+02   -0.14121320E-01    0.29815076E-04   -0.42262141E-04    0.00000000E+00    0.27403454E+04   -0.90416926E+01    0.30384821E+00   -0.34675135E-04   -0.68589087E-05    0.00000000E+00   -0.23479801E+02    0.86441078E+02   -0.28380750E-05    0.97535545E-04   -0.16839526E-03
  0.5000   -0.10473213E+04   -0.26141183E+04    0.10049081E+04   -0.54993855E-01   -0.47716819E-04   -0.31392565E-02    0.48579191E+01   -0.47065033E+02   -0.65035864E+02   -0.13618729E-01   -0.82848491E-04    0.11723045E-03    0.00000000E+00    0.25992227E+04    0.43550731E+02    0.30224098E+00    0.44672915E-04   -0.89308302E-04    0.00000000E+00    0.64986656E+02   -0.51254393E+02   -0.82981002E-04   -0.61459836E-04    0.96221234E-04
  0.5500   -0.86638948E+03   -0.21588699E+04    0.83369951E+03   -0.52657643E-01   -0.35004885E-04   -0.25998315E-02    0.32094506E+01   -0.30808778E+02   -0.62456884E+02   -0.11260851E-01   -0.79583823E-04    0.11256104E-03    0.00000000E+00    0.21457588E+04    0.33892870E+02    0.29446478E+00    0.32510073E-04   -0.71759312E-04    0.00000000E+00    0.62416187E+02   -0.33097048E+02   -0.69852740E-04   -0.39748852E-04    0.62072234E-04
  0.6000   -0.72856121E+03   -0.18133108E+04    0.70395394E+03   -0.50885380E-01   -0.24746664E-04   -0.21904188E-02    0.18603774E+01   -0.17681378E+02   -0.58508101E+02   -0.94659144E-02   -0.74528546E-04    0.10546812E-03    0.00000000E+00    0.18015319E+04    0.26033178E+02    0.28737220E+00    0.22656936E-04   -0.57432578E-04    0.00000000E+00    0.58473898E+02   -0.18240393E+02   -0.58602244E-04   -0.22217660E-04    0.33897817E-04
  0.6500   -0.62110677E+03   -0.15450419E+04    0.60324931E+03   -0.49510283E-01   -0.16306084E-04   -0.18721665E-02    0.75920668E+00   -0.70653669E+01   -0.53604702E+02   -0.80677986E-02   -0.68239748E-04    0.96671907E-04    0.00000000E+00    0.15342701E+04    0.19608907E+02    0.28085305E+00    0.14542016E-04   -0.45783611E-04    0.00000000E+00    0.53575557E+02   -0.61155239E+01   -0.49083365E-04   -0.78597010E-05    0.10954342E-04
  0.7000   -0.53567498E+03   -0.13327843E+04    0.52344630E+03   -0.48423377E-01   -0.94427458E-05   -0.16197939E-02   -0.13102358E+00    0.14647852E+01   -0.48058756E+02   -0.69573451E-02   -0.61149457E-04    0.86700429E-04    0.00000000E+00    0.13227801E+04    0.14367371E+02    0.27482290E+00    0.79375997E-05   -0.36262757E-04    0.00000000E+00    0.48033644E+02    0.36856860E+01   -0.40868235E-04    0.37962321E-05   -0.75425602E-05
  0.7500   -0.46660401E+03   -0.11620896E+04    0.45903659E+03   -0.47550745E-01   -0.40605712E-05   -0.14162592E-02   -0.83823952E+00    0.82187333E+01   -0.42115478E+02   -0.60606892E-02   -0.53657730E-04    0.75908015E-04    0.00000000E+00    0.11526742E+04    0.10123870E+02    0.26921443E+00    0.27240224E-05   -0.28421458E-04    0.00000000E+00    0.42093600E+02    0.11471462E+02   -0.33971795E-04    0.12988749E-04   -0.22302518E-04
  0.8000   -0.40994606E+03   -0.10228644E+04    0.40618954E+03   -0.46840148E-01    0.29753675E-06   -0.12493203E-02   -0.13846476E+01    0.13434117E+02   -0.35974037E+02   -0.53259928E-02   -0.45795821E-04    0.64876150E-04    0.00000000E+00    0.10139032E+04    0.67370021E+01    0.26397241E+00   -0.15009417E-05   -0.22226925E-04    0.00000000E+00    0.35954818E+02    0.17486759E+02   -0.28099749E-04    0.20278224E-04   -0.33518743E-04
  0.8500   -0.36288102E+03   -0.90788277E+03    0.36217918E+03   -0.46255282E-01    0.34982749E-05   -0.11107243E-02   -0.17887917E+01    0.17303145E+02   -0.29799889E+02   -0.47164351E-02   -0.37968525E-04    0.53709048E-04    0.00000000E+00    0.89927433E+03    0.40935158E+01    0.25905339E+00   -0.46098204E-05   -0.17203277E-04    0.00000000E+00    0.29782878E+02    0.21936034E+02   -0.24213030E-04    0.25277740E-04   -0.42207156E-04
  0.9000   -0.32335124E+03   -0.81185942E+03    0.32502744E+03   -0.45768387E-01    0.58807122E-05   -0.99404674E-03   -0.20668513E+01    0.19988758E+02   -0.23732126E+02   -0.42046877E-02   -0.30171696E-04    0.42838769E-04    0.00000000E+00    0.80352806E+03    0.20988200E+01    0.25441969E+00   -0.69223252E-05   -0.13379219E-04    0.00000000E+00    0.23716962E+02    0.24997625E+02   -0.20856163E-04    0.28902572E-04   -0.48001125E-04
  0.9500   -0.28982710E+03   -0.73085569E+03    0.29327496E+03   -0.45359800E-01    0.74393951E-05   -0.89480347E-03   -0.22334643E+01    0.21634873E+02   -0.17887982E+02   -0.37716426E-02   -0.22831261E-04    0.32200044E-04    0.00000000E+00    0.72274581E+03    0.67098643E+00    0.25004081E+00   -0.84057888E-05   -0.10470038E-04    0.00000000E+00    0.17874384E+02    0.26832757E+02   -0.18407139E-04    0.31051586E-04   -0.51497783E-04
  1.0000   -0.26115239E+03   -0.66188763E+03    0.26582994E+03   -0.45014084E-01    0.83859540E-05   -0.80942395E-03   -0.23022437E+01    0.22372684E+02   -0.12365616E+02   -0.34012275E-02   -0.15691963E-04    0.22350115E-04    0.00000000E+00    0.65395961E+03   -0.26320103E+00    0.24589060E+00   -0.92674219E-05   -0.84576996E-05    0.00000000E+00    0.12353364E+02    0.27591375E+02   -0.16276406E-04    0.32078207E-04   -0.52805006E-04
  1.1000   -0.21499966E+03   -0.55139180E+03    0.22075066E+03   -0.44467562E-01    0.84511907E-05   -0.67067499E-03   -0.21973648E+01    0.21606638E+02   -0.25933830E+01   -0.28058098E-02   -0.33077954E-05    0.46705922E-05    0.00000000E+00    0.54375713E+03   -0.91374722E+00    0.23818975E+00   -0.92707097E-05   -0.64596211E-05    0.00000000E+00    0.25832785E+01    0.26441124E+02   -0.14717505E-04    0.30784549E-04   -0.50559984E-04
  1.2000   -0.17987157E+03   -0.46738631E+03    0.18522678E+03   -0.44062361E-01    0.68566096E-05   -0.56298249E-03   -0.18493802E+01    0.18598715E+02    0.51265132E+01   -0.23527230E-02    0.65057980E-05   -0.92656128E-05    0.00000000E+00    0.46000913E+03   -0.33711452E+00    0.23117282E+00   -0.76251508E-05   -0.65880382E-05    0.00000000E+00   -0.51349842E+01    0.22616332E+02   -0.14954083E-04    0.26343039E-04   -0.43234753E-04
  1.3000   -0.15259350E+03   -0.40170211E+03    0.15651556E+03   -0.43756448E-01    0.42064015E-05   -0.47730435E-03   -0.13480465E+01    0.14175939E+02    0.10568732E+02   -0.20003858E-02    0.13471241E-04   -0.19042831E-04    0.00000000E+00    0.39459204E+03    0.10375278E+01    0.22472993E+00   -0.49092571E-05   -0.81011492E-05    0.00000000E+00   -0.10575939E+02    0.17104592E+02   -0.16395508E-04    0.20051707E-04   -0.32569546E-04
  1.4000   -0.13106918E+03   -0.34903209E+03    0.13292409E+03   -0.43522429E-01    0.10025098E-05   -0.40793051E-03   -0.77461882E+00    0.90811756E+01    0.13716260E+02   -0.17217110E-02    0.17453344E-04   -0.24743908E-04    0.00000000E+00    0.34222328E+03    0.28317055E+01    0.21877575E+00   -0.17091408E-05   -0.10420713E-04    0.00000000E+00   -0.13722443E+02    0.10799831E+02   -0.18543967E-04    0.12720889E-04   -0.20504146E-04
  1.5000   -0.11385940E+03   -0.30584910E+03    0.11337774E+03   -0.43341553E-01   -0.23098085E-05   -0.35110962E-03   -0.19958428E+00    0.39560114E+01    0.14731538E+02   -0.14977731E-02    0.18724023E-04   -0.26596672E-04    0.00000000E+00    0.29938457E+03    0.47220949E+01    0.21324299E+00    0.16349056E-05   -0.12892337E-04    0.00000000E+00   -0.14736927E+02    0.44774077E+01   -0.21033559E-04    0.53907162E-05   -0.83837606E-05
  1.6000   -0.99940837E+02   -0.26977339E+03    0.97165983E+02   -0.43200488E-01   -0.52501312E-05   -0.30417546E-03    0.31970952E+00   -0.67878178E+00    0.13921082E+02   -0.13157722E-02    0.17653320E-04   -0.25174056E-04    0.00000000E+00    0.26369333E+03    0.64474862E+01    0.20807656E+00    0.46284321E-05   -0.15206873E-04    0.00000000E+00   -0.13925816E+02   -0.12319011E+01   -0.22736802E-04   -0.10542565E-05    0.27356133E-05
  2.0000   -0.64646493E+02   -0.17079370E+03    0.57038481E+02   -0.42882281E-01   -0.10074267E-04   -0.18554974E-03    0.12281236E+01   -0.87635419E+01    0.12139817E+01   -0.84649086E-03    0.15727792E-05   -0.21619629E-05    0.00000000E+00    0.16637246E+03    0.88785125E+01    0.19028966E+00    0.94862668E-05   -0.17827945E-04    0.00000000E+00   -0.12170109E+01   -0.11214552E+02   -0.25211767E-04   -0.12670240E-04    0.21830658E-04
  2.5000   -0.42099306E+02   -0.10708431E+03    0.39098493E+02   -0.42760493E-01   -0.28220430E-05   -0.12310621E-03    0.20677210E+00    0.47539585E+00   -0.71350775E+01   -0.54649654E-03   -0.90937683E-05    0.12856871E-04    0.00000000E+00    0.10389166E+03    0.34119271E+01    0.17264270E+00    0.22801400E-05   -0.82164493E-05    0.00000000E+00    0.71331251E+01    0.25748610E-01   -0.15294714E-04    0.36371813E-06    0.28450407E-06
  3.0000   -0.28583913E+02   -0.77749584E+02    0.29174191E+02   -0.42771297E-01    0.83534863E-06   -0.88917304E-04   -0.29338812E+00    0.49960230E+01    0.11301393E+01   -0.37531501E-03    0.13912025E-05   -0.20856034E-05    0.00000000E+00    0.74681088E+02    0.54616852E+00    0.15835917E+00   -0.13796043E-05   -0.30598590E-05    0.00000000E+00   -0.11314702E+01    0.55279342E+01   -0.97854451E-05    0.68038286E-05   -0.10202530E-04
  4.0000   -0.16279685E+02   -0.43603691E+02    0.13096180E+02   -0.42940961E-01   -0.38406186E-05   -0.44130231E-04    0.54074213E+00   -0.24954156E+01   -0.18184714E+01   -0.21217886E-03   -0.23486878E-05    0.32457305E-05    0.00000000E+00    0.41351310E+02    0.31788661E+01    0.13613591E+00    0.33321807E-05   -0.64474105E-05    0.00000000E+00    0.18177213E+01   -0.36459804E+01   -0.12553288E-04   -0.38664021E-05    0.73502383E-05
  5.0000   -0.10084818E+02   -0.29818286E+02    0.97740312E+01   -0.43164426E-01   -0.50807636E-06   -0.30577298E-04    0.75677329E-01    0.16944511E+01    0.19356802E+01   -0.13327314E-03    0.24741929E-05   -0.34808114E-05    0.00000000E+00    0.27778287E+02    0.66526339E+00    0.11922339E+00    0.13764044E-07   -0.20328789E-05    0.00000000E+00   -0.19361449E+01    0.14689897E+01   -0.77374744E-05    0.20906996E-05   -0.24285593E-05
  6.0000   -0.73030357E+01   -0.19792896E+02    0.57130758E+01   -0.43396478E-01   -0.17413891E-05   -0.19317325E-04    0.30686191E+00   -0.38518179E+00   -0.17953295E+01   -0.94236226E-04   -0.22981397E-05    0.32250841E-05    0.00000000E+00    0.18205774E+02    0.12959714E+01    0.10567447E+00    0.12618524E-05   -0.27251261E-05    0.00000000E+00    0.17949944E+01   -0.10749419E+01   -0.81129728E-05   -0.86740617E-06    0.24395882E-05
  7.0000   -0.50722805E+01   -0.16064346E+02    0.43050356E+01   -0.43617288E-01   -0.10844199E-05   -0.14328604E-04    0.23241695E+00    0.28376863E+00    0.15258061E+01   -0.67163497E-04    0.19080568E-05   -0.27859942E-05    0.00000000E+00    0.14501303E+02    0.73305650E+00    0.94443337E-01    0.62595800E-06   -0.16292464E-05    0.00000000E+00   -0.15260406E+01   -0.25803153E+00   -0.67538968E-05    0.49252261E-07    0.84307082E-06
  8.0000   -0.41143242E+01   -0.11538315E+02    0.33273403E+01   -0.43821845E-01   -0.76238664E-06   -0.10998750E-04    0.20093935E+00    0.56531496E+00   -0.11957071E+01   -0.52624237E-04   -0.15347149E-05    0.21438063E-05    0.00000000E+00    0.10253964E+02    0.41782620E+00    0.84908885E-01    0.31093194E-06   -0.97448534E-06    0.00000000E+00    0.11955197E+01    0.86183681E-01   -0.57497570E-05    0.48217904E-06    0.21704010E-06
  9.0000   -0.30679206E+01   -0.10074017E+02    0.21003304E+01   -0.44008089E-01   -0.12915108E-05   -0.77530516E-05    0.29883314E+00   -0.31835855E+00    0.84824759E+00   -0.40122590E-04    0.10972882E-05   -0.15122947E-05    0.00000000E+00    0.87984187E+01    0.69573815E+00    0.76669812E-01    0.83795996E-06   -0.13024368E-05    0.00000000E+00   -0.84838752E+00   -0.99336349E+00   -0.58409326E-05   -0.75355842E-06    0.23024649E-05
 10.0000   -0.26026975E+01   -0.78098248E+01    0.22058949E+01   -0.44174067E-01   -0.35930971E-06   -0.71456133E-05    0.16348205E+00    0.89676333E+00   -0.51384496E+00   -0.33118352E-04   -0.66673425E-06    0.91407901E-06    0.00000000E+00    0.66911717E+01    0.12364628E-01    0.69450763E-01   -0.86112086E-07   -0.12415113E-06    0.00000000E+00    0.51372901E+00    0.49259484E+00   -0.45421710E-05    0.93803585E-06   -0.57740268E-06
 12.0000   -0.17654927E+01   -0.58169521E+01    0.14986726E+01   -0.44448620E-01   -0.26181000E-06   -0.48723866E-05    0.16791479E+00    0.84931813E+00    0.35748129E-01   -0.22425215E-04    0.30361893E-07   -0.79615085E-07    0.00000000E+00    0.48042738E+01   -0.12521712E+00    0.57344392E-01   -0.16439523E-06    0.22082773E-06    0.00000000E+00   -0.35822400E-01    0.43681727E+00   -0.39451762E-05    0.88508329E-06   -0.45875888E-06
 16.0000   -0.94840162E+00   -0.37118645E+01    0.56726754E+00   -0.44777077E-01   -0.48134721E-06   -0.22265118E-05    0.22559096E+00    0.31042397E+00    0.43713607E+00   -0.11785378E-04    0.58388529E-06   -0.76093766E-06    0.00000000E+00    0.28466828E+01   -0.59426640E-01    0.39433135E-01    0.95873873E-07    0.27869637E-06    0.00000000E+00   -0.43717609E+00   -0.21561083E+00   -0.33376316E-05    0.12737142E-06    0.79068522E-06
 20.0000   -0.61766228E+00   -0.24870979E+01    0.11025228E+00   -0.44839828E-01   -0.63995730E-06   -0.97914183E-06    0.26055852E+00   -0.29888005E-01    0.13540436E+00   -0.72988776E-05    0.16133172E-06   -0.25523168E-06    0.00000000E+00    0.17384477E+01   -0.15798048E-02    0.26781810E-01    0.25986356E-06    0.26472373E-06    0.00000000E+00   -0.13543109E+00   -0.62333751E+00   -0.31044288E-05   -0.38178446E-06    0.15358761E-05
 25.0000   -0.37542595E+00   -0.17878580E+01    0.12292880E+00   -0.44592508E-01   -0.32730381E-06   -0.70548689E-06    0.21963086E+00    0.29869328E+00    0.21730597E+00   -0.42008620E-05    0.27591866E-06   -0.39261013E-06    0.00000000E+00    0.11173476E+01   -0.22873630E+00    0.15479316E-01   -0.29044456E-07    0.67464907E-06    0.00000000E+00   -0.21732153E+00   -0.20894783E+00   -0.22932168E-05    0.10282464E-06    0.74564012E-06
 30.0000   -0.27103678E+00   -0.12556588E+01    0.88712289E-01   -0.44031379E-01   -0.21193277E-06   -0.48485081E-06    0.20556109E+00    0.37728071E+00   -0.46011867E-01   -0.26897718E-05   -0.48005567E-07    0.93547185E-07    0.00000000E+00    0.65419758E+00   -0.30500293E+00    0.74455516E-02   -0.11562991E-06    0.82269333E-06    0.00000000E+00    0.46001872E-01   -0.97418935E-01   -0.18879295E-05    0.22395237E-06    0.52365589E-06
 40.0000   -0.12693344E+00   -0.82831894E+00   -0.11114738E+00   -0.42129598E-01   -0.32965228E-06    0.12285983E-07    0.22262345E+00    0.10441201E+00    0.10343963E-01   -0.10704559E-05    0.14948856E-08   -0.30327699E-07    0.00000000E+00    0.29660253E+00   -0.20602742E+00   -0.25613401E-02    0.32496399E-07    0.66632742E-06    0.00000000E+00   -0.10346386E-01   -0.39248696E+00   -0.15759444E-05   -0.15303971E-06    0.10544229E-05
 50.0000   -0.54600910E-01   -0.59248428E+00   -0.29968877E-01   -0.39401020E-01   -0.15463274E-06   -0.62435286E-07    0.18732810E+00    0.27495968E+00    0.76693371E-02   -0.32362945E-06   -0.12870281E-07   -0.36464537E-07    0.00000000E+00    0.10812998E+00   -0.28430201E+00   -0.76177289E-02   -0.10247687E-06    0.77216122E-06    0.00000000E+00   -0.76707789E-02   -0.13663708E+00   -0.11335479E-05    0.97149969E-07    0.51750578E-06
 60.0000   -0.11903719E-01   -0.43774225E+00   -0.10471588E+00   -0.36053924E-01   -0.21924367E-06    0.10290847E-06    0.18580247E+00    0.11825634E+00   -0.18097616E-01    0.10940070E-06   -0.25107518E-07    0.30568713E-07    0.00000000E+00   -0.95290181E-02   -0.19179436E+00   -0.96785353E-02   -0.36571429E-08    0.58638672E-06    0.00000000E+00    0.18098129E-01   -0.27324288E+00   -0.92123896E-06   -0.88915648E-07    0.75169971E-06
 70.0000    0.23074598E-01   -0.35813093E+00   -0.42268815E-01   -0.32264989E-01   -0.11192608E-06    0.18111400E-07    0.15488715E+00    0.20792506E+00    0.24734271E-01    0.39249079E-06    0.36877219E-07   -0.39216283E-07    0.00000000E+00   -0.60595327E-01   -0.20632116E+00   -0.98033702E-02   -0.74806183E-07    0.55992850E-06    0.00000000E+00   -0.24731901E-01   -0.10288753E+00   -0.63303165E-06    0.51796814E-07    0.36832413E-06
 80.0000    0.38906816E-01   -0.26379354E+00   -0.79509107E-01   -0.28193869E-01   -0.14930739E-06    0.95297611E-07    0.14427165E+00    0.10248734E+00   -0.29255498E-01    0.49530288E-06   -0.38541026E-07    0.51461761E-07    0.00000000E+00   -0.12325531E+00   -0.12322338E+00   -0.86475743E-02   -0.67017913E-08    0.37238754E-06    0.00000000E+00    0.29257361E-01   -0.16699457E+00   -0.50770330E-06   -0.70673003E-07    0.44307578E-06
 90.0000    0.59224071E-01   -0.23534696E+00   -0.35380753E-01   -0.23989005E-01   -0.76985953E-07    0.31860816E-07    0.11611190E+00    0.14864833E+00    0.32546854E-01    0.60219944E-06    0.42877675E-07   -0.57250773E-07    0.00000000E+00   -0.12552062E+00   -0.10874710E+00   -0.66596614E-02   -0.43161533E-07    0.29139240E-06    0.00000000E+00   -0.32545860E-01   -0.43788276E-01   -0.20409303E-06    0.53037847E-07    0.18774986E-06
100.0000    0.60776551E-01   -0.16319725E+00   -0.53471056E-01   -0.19790875E-01   -0.92508891E-07    0.71991611E-07    0.10109312E+00    0.76545074E-01   -0.35059157E-01    0.60847462E-06   -0.38176068E-07    0.69681331E-07    0.00000000E+00   -0.16350432E+00   -0.37385570E-01   -0.41710445E-02    0.16442876E-08    0.11665876E-06    0.00000000E+00    0.35060898E-01   -0.65127159E-01   -0.80546705E-07   -0.23377438E-07    0.17698237E-06
110.0000    0.71288312E-01   -0.15852906E+00   -0.24850407E-01   -0.15731833E-01   -0.46598279E-07    0.29852511E-07    0.76808537E-01    0.94125216E-01    0.37138865E-01    0.64478387E-06    0.53096843E-07   -0.61158650E-07    0.00000000E+00   -0.13876522E+00   -0.89397547E-02   -0.14408752E-02   -0.15024014E-07    0.12478606E-07    0.00000000E+00   -0.37136415E-01    0.21123471E-01    0.42397387E-07    0.83691481E-08   -0.56615946E-07
120.0000    0.62565530E-01   -0.96789411E-01   -0.29930242E-01   -0.11935477E-01   -0.49392274E-07    0.42686322E-07    0.60727854E-01    0.50278227E-01   -0.38997177E-01    0.58347349E-06   -0.45719064E-07    0.74253414E-07    0.00000000E+00   -0.16109214E+00    0.46561742E-01    0.13208433E-02    0.16614603E-07   -0.12662981E-06    0.00000000E+00    0.38999264E-01    0.28295245E-01    0.15810963E-06   -0.14160522E-07   -0.10120915E-06
130.0000    0.65602242E-01   -0.10586078E+00   -0.16028148E-01   -0.85147334E-02   -0.31131610E-07    0.18178028E-07    0.42281400E-01    0.45856916E-01    0.40865072E-01    0.55169773E-06    0.52302381E-07   -0.73416565E-07    0.00000000E+00   -0.11773492E+00    0.80270698E-01    0.39409218E-02    0.16506384E-07   -0.23044161E-06    0.00000000E+00   -0.40864150E-01    0.77810643E-01    0.30469647E-06   -0.12099164E-07   -0.25147895E-06
140.0000    0.48987790E-01   -0.48764667E-01   -0.97610828E-02   -0.55698831E-02   -0.16648814E-07    0.13380573E-07    0.27549894E-01    0.31313369E-01   -0.43023212E-01    0.39962424E-06   -0.55405443E-07    0.76952891E-07    0.00000000E+00   -0.12981682E+00    0.11452542E+00    0.62766021E-02    0.20630504E-07   -0.33170009E-06    0.00000000E+00    0.43024647E-01    0.10744134E+00    0.38126381E-06   -0.91660118E-08   -0.33970285E-06
150.0000    0.46982032E-01   -0.67729340E-01   -0.12442295E-01   -0.31864978E-02   -0.22449880E-07    0.15828097E-07    0.17224875E-01    0.48960903E-02    0.46016206E-01    0.40543682E-06    0.72854537E-07   -0.68711564E-07    0.00000000E+00   -0.72252763E-01    0.14926159E+00    0.82125829E-02    0.45633977E-07   -0.41356038E-06    0.00000000E+00   -0.46016141E-01    0.11360654E+00    0.45278719E-06   -0.30016443E-07   -0.37952017E-06
160.0000    0.24295438E-01   -0.93690293E-02    0.83857996E-02   -0.14333433E-02    0.69130460E-08   -0.18885364E-07    0.48110918E-02    0.28687189E-01   -0.51203088E-01    0.16132205E-06   -0.86152121E-07    0.71371114E-07    0.00000000E+00   -0.80905609E-01    0.15444825E+00    0.96592998E-02    0.23807981E-07   -0.45134282E-06    0.00000000E+00    0.51200776E-01    0.17102063E+00    0.64079973E-06    0.71826844E-07   -0.45430789E-06
170.0000    0.21479894E-01   -0.42559269E-01   -0.22099547E-01   -0.36093549E-03   -0.27183464E-07    0.40804469E-07    0.63088819E-02   -0.38646718E-01    0.64207589E-01    0.13054213E-06    0.66966705E-07   -0.13056410E-06    0.00000000E+00   -0.73884272E-02    0.19631128E+00    0.10552989E-01    0.68274437E-07   -0.53566546E-06    0.00000000E+00   -0.64202522E-01    0.10607234E+00    0.48173229E-06   -0.88103295E-07   -0.41442851E-06
179.9000   -0.70469027E-01    0.29949036E+00    0.15721451E+00    0.42450780E-08    0.18992167E-06   -0.29373934E-06   -0.32780775E-01    0.29758075E+00   -0.70523742E+00   -0.60498203E-06   -0.10340658E-05    0.11355549E-05    0.00000000E+00   -0.26478563E+00    0.41053590E-01    0.10855582E-01   -0.10351424E-06   -0.22981315E-06    0.00000000E+00    0.70525071E+00    0.52252352E+00    0.12439423E-05    0.52318918E-06   -0.10843231E-05
180.0000    0.00000000E+00    0.00000000E+00    0.00000000E+00    0.00000000E+00    0.00000000E+00    0.00000000E+00    0.00000000E+00    0.00000000E+00    0.00000000E+00    0.00000000E+00    0.00000000E+00    0.00000000E+00    0.00000000E+00    0.00000000E+00   -0.19382280E+02   -0.19777836E+04   -0.29549378E-04    0.30079044E-04    0.00000000E+00    0.00000000E+00    0.50795387E+02    0.51832027E+04    0.62882155E-04   -0.93386810E-04
