  0.0000    0.00000000E+00    0.00000000E+00    0.00000000E+00    0.00000000E+00    0.00000000E+00    0.00000000E+00    0.00000000E+00    0.00000000E+00    0.00000000E+00    0.00000000E+00    0.00000000E+00    0.00000000E+00    0.00000000E+00    0.00000000E+00   -0.64152469E+05   -0.84808507E+02   -0.32833350E+00   -0.13097227E+00    0.00000000E+00    0.00000000E+00    0.77375647E+06    0.16787887E+03    0.65653607E+00   -0.17238794E+01
  0.0003   -0.22472502E+03   -0.22482377E+03   -0.14618170E+02   -0.27747670E-02   -0.21328522E-04    0.23643402E-04   -0.70838615E+03   -0.74186221E+03   -0.51187658E+04   -0.11172197E+01   -0.65181511E-02    0.92294254E-02    0.00000000E+00   -0.40980072E+03   -0.64131782E+05   -0.84802962E+02   -0.32829086E+00   -0.13099328E+00    0.00000000E+00    0.51147507E+04    0.77367244E+06    0.16786778E+03    0.65645079E+00   -0.17237062E+01
  0.0004   -0.29961995E+03   -0.29985402E+03   -0.25985756E+02   -0.49326511E-02   -0.37914434E-04    0.42029188E-04   -0.70813063E+03   -0.76763901E+03   -0.68244646E+04   -0.14895511E+01   -0.86901596E-02    0.12304897E-01    0.00000000E+00   -0.54626752E+03   -0.64115695E+05   -0.84798650E+02   -0.32825771E+00   -0.13100961E+00    0.00000000E+00    0.68191114E+04    0.77360710E+06    0.16785916E+03    0.65638448E+00   -0.17235714E+01
  0.0005   -0.37450340E+03   -0.37496052E+03   -0.40598522E+02   -0.77067290E-02   -0.59235401E-04    0.65663521E-04   -0.70780225E+03   -0.80077482E+03   -0.85296867E+04   -0.18618179E+01   -0.10861561E-01    0.15379509E-01    0.00000000E+00   -0.68261996E+03   -0.64095014E+05   -0.84793106E+02   -0.32821509E+00   -0.13103061E+00    0.00000000E+00    0.85229956E+04    0.77352310E+06    0.16784807E+03    0.65629923E+00   -0.17233983E+01
  0.0006   -0.44937249E+03   -0.45016231E+03   -0.58454443E+02   -0.11096742E-01   -0.85288590E-04    0.94543003E-04   -0.70740103E+03   -0.84126522E+03   -0.10234313E+05   -0.22340041E+01   -0.13032203E-01    0.18453047E-01    0.00000000E+00   -0.81882951E+03   -0.64069742E+05   -0.84786331E+02   -0.32816300E+00   -0.13105628E+00    0.00000000E+00    0.10226284E+05    0.77342045E+06    0.16783452E+03    0.65619505E+00   -0.17231867E+01
  0.0007   -0.52422435E+03   -0.52547838E+03   -0.79551044E+02   -0.15102375E-01   -0.11607054E-03    0.12866348E-03   -0.70692712E+03   -0.88910493E+03   -0.11938224E+05   -0.26060937E+01   -0.15201936E-01    0.21525296E-01    0.00000000E+00   -0.95486764E+03   -0.64039883E+05   -0.84778325E+02   -0.32810146E+00   -0.13108659E+00    0.00000000E+00    0.11928858E+05    0.77329916E+06    0.16781850E+03    0.65607195E+00   -0.17229366E+01
  0.0008   -0.59905613E+03   -0.60092774E+03   -0.10388540E+03   -0.19723255E-01   -0.15157717E-03    0.16802005E-03   -0.70638058E+03   -0.94428759E+03   -0.13641301E+05   -0.29780704E+01   -0.17370606E-01    0.24596041E-01    0.00000000E+00   -0.10907059E+04   -0.64005440E+05   -0.84769089E+02   -0.32803046E+00   -0.13112156E+00    0.00000000E+00    0.13630599E+05    0.77315924E+06    0.16780003E+03    0.65592995E+00   -0.17226481E+01
  0.0009   -0.67386496E+03   -0.67652933E+03   -0.13145414E+03   -0.24958951E-01   -0.19180376E-03    0.21260704E-03   -0.70576161E+03   -0.10068060E+04   -0.15343426E+05   -0.33499183E+01   -0.19538064E-01    0.27665069E-01    0.00000000E+00   -0.12263157E+04   -0.63966416E+05   -0.84758623E+02   -0.32795002E+00   -0.13116117E+00    0.00000000E+00    0.15331387E+05    0.77300070E+06    0.16777909E+03    0.65576905E+00   -0.17223213E+01
  0.0010   -0.74864798E+03   -0.75230207E+03   -0.16225345E+03   -0.30808976E-01   -0.23674496E-03    0.26241806E-03   -0.70507030E+03   -0.10766519E+04   -0.17044480E+05   -0.37216213E+01   -0.21704157E-01    0.30732165E-01    0.00000000E+00   -0.13616688E+04   -0.63922817E+05   -0.84746929E+02   -0.32786015E+00   -0.13120543E+00    0.00000000E+00    0.17031105E+05    0.77282356E+06    0.16775570E+03    0.65558929E+00   -0.17219561E+01
  0.0012   -0.89812519E+03   -0.90443652E+03   -0.23352625E+03   -0.44349780E-01   -0.34074676E-03    0.37768277E-03   -0.70347146E+03   -0.12382883E+04   -0.20442900E+05   -0.44645283E+01   -0.26031649E-01    0.36859710E-01    0.00000000E+00   -0.16314911E+04   -0.63821912E+05   -0.84719857E+02   -0.32765212E+00   -0.13130783E+00    0.00000000E+00    0.20426856E+05    0.77241354E+06    0.16770155E+03    0.65517320E+00   -0.17211108E+01
  0.0014   -0.10474650E+04   -0.10574816E+04   -0.31766434E+03   -0.60340627E-01   -0.46352736E-03    0.51374795E-03   -0.70158563E+03   -0.14291119E+04   -0.23835616E+05   -0.52066632E+01   -0.30351877E-01    0.42976970E-01    0.00000000E+00   -0.18999467E+04   -0.63702775E+05   -0.84687882E+02   -0.32740647E+00   -0.13142869E+00    0.00000000E+00    0.23816905E+05    0.77192934E+06    0.16763759E+03    0.65468185E+00   -0.17201125E+01
  0.0015   -0.11220763E+04   -0.11343925E+04   -0.36454358E+03   -0.69252995E-01   -0.53193975E-03    0.58955675E-03   -0.70053568E+03   -0.15354381E+04   -0.25529541E+05   -0.55774012E+01   -0.32508892E-01    0.46031212E-01    0.00000000E+00   -0.20335914E+04   -0.63636385E+05   -0.84670057E+02   -0.32726956E+00   -0.13149603E+00    0.00000000E+00    0.25509497E+05    0.77165947E+06    0.16760194E+03    0.65440802E+00   -0.17195561E+01
  0.0016   -0.11966447E+04   -0.12115871E+04   -0.41462113E+03   -0.78775572E-01   -0.60502165E-03    0.67053543E-03   -0.69941466E+03   -0.16490222E+04   -0.27221686E+05   -0.59478983E+01   -0.34663642E-01    0.49082246E-01    0.00000000E+00   -0.21668101E+04   -0.63565460E+05   -0.84651011E+02   -0.32712328E+00   -0.13156795E+00    0.00000000E+00    0.27200311E+05    0.77137113E+06    0.16756384E+03    0.65411544E+00   -0.17189616E+01
  0.0017   -0.12711674E+04   -0.12890840E+04   -0.46789006E+03   -0.88907476E-01   -0.68276337E-03    0.75667237E-03   -0.69822284E+03   -0.17698493E+04   -0.28911935E+05   -0.63181386E+01   -0.36815977E-01    0.52129861E-01    0.00000000E+00   -0.22995746E+04   -0.63490005E+05   -0.84630742E+02   -0.32696765E+00   -0.13164445E+00    0.00000000E+00    0.28889229E+05    0.77106433E+06    0.16752330E+03    0.65380416E+00   -0.17183291E+01
  0.0018   -0.13456416E+04   -0.13669017E+04   -0.52434300E+03   -0.99647764E-01   -0.76515462E-03    0.84795521E-03   -0.69696067E+03   -0.18979036E+04   -0.30600171E+05   -0.66881062E+01   -0.38965748E-01    0.55173846E-01    0.00000000E+00   -0.24318572E+04   -0.63410032E+05   -0.84609254E+02   -0.32680269E+00   -0.13172552E+00    0.00000000E+00    0.30576135E+05    0.77073912E+06    0.16748032E+03    0.65347419E+00   -0.17176586E+01
  0.0019   -0.14200645E+04   -0.14450587E+04   -0.58397215E+03   -0.11099544E+00   -0.85218449E-03    0.94437087E-03   -0.69562823E+03   -0.20331681E+04   -0.32286277E+05   -0.70577852E+01   -0.41112807E-01    0.58213990E-01    0.00000000E+00   -0.25636300E+04   -0.63325548E+05   -0.84586548E+02   -0.32662839E+00   -0.13181114E+00    0.00000000E+00    0.32260913E+05    0.77039552E+06    0.16743490E+03    0.65312558E+00   -0.17169501E+01
  0.0020   -0.14944333E+04   -0.15235732E+04   -0.64676928E+03   -0.12294945E+00   -0.94384145E-03    0.10459055E-02   -0.69422606E+03   -0.21756253E+04   -0.33970137E+05   -0.74271599E+01   -0.43257006E-01    0.61250085E-01    0.00000000E+00   -0.26948652E+04   -0.63236564E+05   -0.84562625E+02   -0.32644480E+00   -0.13190129E+00    0.00000000E+00    0.33943445E+05    0.77003355E+06    0.16738705E+03    0.65275835E+00   -0.17162038E+01
  0.0030   -0.22345351E+04   -0.23323626E+04   -0.14468593E+04   -0.27556671E+00   -0.21119365E-02    0.23392394E-02   -0.67644656E+03   -0.39912164E+04   -0.50659859E+05   -0.11100710E+02   -0.64509421E-01    0.91342601E-01    0.00000000E+00   -0.39716318E+04   -0.62101779E+05   -0.84256877E+02   -0.32410149E+00   -0.13304909E+00    0.00000000E+00    0.50619967E+05    0.76541244E+06    0.16677547E+03    0.64807135E+00   -0.17066742E+01
  0.0040   -0.29662145E+04   -0.31963903E+04   -0.25515263E+04   -0.48725160E+00   -0.37256479E-02    0.41239700E-02   -0.65216382E+03   -0.64997087E+04   -0.66999923E+05   -0.14726720E+02   -0.85316586E-01    0.12080466E+00    0.00000000E+00   -0.51650281E+04   -0.60531737E+05   -0.83831804E+02   -0.32085335E+00   -0.13463109E+00    0.00000000E+00    0.66947002E+05    0.75900307E+06    0.16592521E+03    0.64157454E+00   -0.16934529E+01
  0.0050   -0.36868535E+04   -0.41321591E+04   -0.39456853E+04   -0.75606325E+00   -0.57638675E-02    0.63747971E-02   -0.62196389E+03   -0.96685506E+04   -0.82881595E+05   -0.18290153E+02   -0.10554004E+00    0.14944022E+00    0.00000000E+00   -0.62496097E+04   -0.58544677E+05   -0.83290325E+02   -0.31673219E+00   -0.13662300E+00    0.00000000E+00    0.82815872E+05    0.75086436E+06    0.16484210E+03    0.63333152E+00   -0.16766577E+01
  0.0060   -0.43939899E+04   -0.51545972E+04   -0.56104641E+04   -0.10795601E+01   -0.82001750E-02    0.90600818E-02   -0.58656905E+03   -0.13456987E+05   -0.98202627E+05   -0.21776654E+02   -0.12504959E+00    0.17706491E+00    0.00000000E+00   -0.72018716E+04   -0.56163457E+05   -0.82636127E+02   -0.31177793E+00   -0.13899442E+00    0.00000000E+00    0.98124382E+05    0.74107037E+06    0.16353353E+03    0.62342216E+00   -0.16564365E+01
  0.0070   -0.50853487E+04   -0.62767414E+04   -0.75235771E+04   -0.14548386E+01   -0.11003351E-01    0.12142483E-01   -0.54681586E+03   -0.17816845E+05   -0.11286862E+06   -0.25172690E+02   -0.14372502E+00    0.20350852E+00    0.00000000E+00   -0.80006468E+04   -0.53415139E+05   -0.81873603E+02   -0.30603794E+00   -0.14170947E+00    0.00000000E+00    0.11277818E+06    0.72970902E+06    0.16200827E+03    0.61194120E+00   -0.16329649E+01
  0.0080   -0.57588681E+04   -0.75094662E+04   -0.96597616E+04   -0.18785786E+01   -0.14137979E-01    0.15579699E-01   -0.50362988E+03   -0.22693448E+05   -0.12679420E+06   -0.28465682E+02   -0.16145763E+00    0.22861712E+00    0.00000000E+00   -0.86274502E+04   -0.50330491E+05   -0.81007800E+02   -0.29956623E+00   -0.14472749E+00    0.00000000E+00    0.12669193E+06    0.71688065E+06    0.16027642E+03    0.59899665E+00   -0.16064437E+01
  0.0090   -0.64127213E+04   -0.88612681E+04   -0.11991266E+05   -0.23470947E+01   -0.17565114E-01    0.19325298E-01   -0.45799826E+03   -0.28026647E+05   -0.13990404E+06   -0.31644120E+02   -0.17815148E+00    0.25225491E+00    0.00000000E+00   -0.90667619E+04   -0.46943436E+05   -0.80044342E+02   -0.29242252E+00   -0.14800385E+00    0.00000000E+00    0.13979037E+06    0.70269634E+06    0.15834924E+03    0.58470796E+00   -0.15770953E+01
  0.0100   -0.70453307E+04   -0.10338108E+05   -0.14488378E+05   -0.28563920E+01   -0.21243012E-01    0.23329615E-01   -0.41094011E+03   -0.33751927E+05   -0.15213366E+06   -0.34697656E+02   -0.19372448E+00    0.27430560E+00    0.00000000E+00   -0.93062435E+04   -0.43290453E+05   -0.78989362E+02   -0.28467126E+00   -0.15149078E+00    0.00000000E+00    0.15200903E+06    0.68727623E+06    0.15623898E+03    0.56920406E+00   -0.15451601E+01
  0.0120   -0.82418059E+04   -0.13677545E+05   -0.19854102E+05   -0.39801603E+01   -0.29174716E-01    0.31905241E-01   -0.31660552E+03   -0.46105902E+05   -0.17375174E+06   -0.40394893E+02   -0.22125260E+00    0.31328422E+00    0.00000000E+00   -0.91530654E+04   -0.35341590E+05   -0.76631400E+02   -0.26762139E+00   -0.15889511E+00    0.00000000E+00    0.17360669E+06    0.65324258E+06    0.15152237E+03    0.53510116E+00   -0.14745605E+01
  0.0140   -0.93408642E+04   -0.17522642E+05   -0.25501271E+05   -0.52140281E+01   -0.37572454E-01    0.40880681E-01   -0.22831718E+03   -0.59196924E+05   -0.19136577E+06   -0.45500239E+02   -0.24368204E+00    0.34504331E+00    0.00000000E+00   -0.81365335E+04   -0.26802517E+05   -0.73989937E+02   -0.24898691E+00   -0.16653057E+00    0.00000000E+00    0.19120245E+06    0.61584773E+06    0.14623865E+03    0.49782859E+00   -0.13967901E+01
  0.0160   -0.10339041E+05   -0.21827928E+05   -0.31178452E+05   -0.65210899E+01   -0.46079946E-01    0.49838694E-01   -0.15251336E+03   -0.72472146E+05   -0.20488037E+06   -0.49977812E+02   -0.26089132E+00    0.36941087E+00    0.00000000E+00   -0.62779867E+04   -0.17991773E+05   -0.71123720E+02   -0.22934600E+00   -0.17399539E+00    0.00000000E+00    0.20470104E+06    0.57618051E+06    0.14050532E+03    0.45854277E+00   -0.13140421E+01
  0.0180   -0.11236340E+05   -0.26512958E+05   -0.36654476E+05   -0.78652564E+01   -0.54367522E-01    0.58397779E-01   -0.93734988E+02   -0.85418609E+05   -0.21437478E+06   -0.53812458E+02   -0.27298137E+00    0.38652981E+00    0.00000000E+00   -0.36462086E+04   -0.92089738E+04   -0.68091591E+02   -0.20925304E+00   -0.18092218E+00    0.00000000E+00    0.21418178E+06    0.53529262E+06    0.13444008E+03    0.41835251E+00   -0.12284432E+01
  0.0200   -0.12035498E+05   -0.31470454E+05   -0.41731483E+05   -0.92128847E+01   -0.62150314E-01    0.66234095E-01   -0.54251439E+02   -0.97591435E+05   -0.22007902E+06   -0.57008071E+02   -0.28024508E+00    0.39681485E+00    0.00000000E+00   -0.34872730E+03   -0.71907713E+03   -0.64950120E+02   -0.18921160E+00   -0.18699940E+00    0.00000000E+00    0.21987466E+06    0.49414900E+06    0.12815607E+03    0.37826500E+00   -0.11419548E+01
  0.0220   -0.12741130E+05   -0.36576232E+05   -0.46254011E+05   -0.10534070E+02   -0.69201105E-01    0.73096590E-01   -0.33991967E+02   -0.10863392E+06   -0.22234192E+06   -0.59585023E+02   -0.28312665E+00    0.40089496E+00    0.00000000E+00    0.34792331E+04    0.72591382E+04   -0.61751656E+02   -0.16965406E+00   -0.19198636E+00    0.00000000E+00    0.22212845E+06    0.45358978E+06    0.12175800E+03    0.33914504E+00   -0.10562967E+01
  0.0240   -0.13358864E+05   -0.41699790E+05   -0.50113675E+05   -0.11803537E+02   -0.75357156E-01    0.78814565E-01   -0.30776663E+02   -0.11828850E+06   -0.22159456E+06   -0.61576991E+02   -0.28217501E+00    0.39954739E+00    0.00000000E+00    0.76869116E+04    0.14559787E+05   -0.58542867E+02   -0.15092875E+00   -0.19572106E+00    0.00000000E+00    0.22137409E+06    0.41430562E+06    0.11533921E+03    0.30168937E+00   -0.97289705E+00
  0.0260   -0.13894578E+05   -0.46714426E+05   -0.53249475E+05   -0.13001109E+02   -0.80521053E-01    0.83297769E-01   -0.40797471E+02   -0.12639852E+06   -0.21831295E+06   -0.63027497E+02   -0.27799629E+00    0.39363041E+00    0.00000000E+00    0.12120026E+05    0.21071728E+05   -0.55363826E+02   -0.13329492E+00   -0.19812083E+00    0.00000000E+00    0.21808744E+06    0.37682699E+06    0.10897986E+03    0.26641652E+00   -0.89286915E+00
  0.0280   -0.14353811E+05   -0.51505922E+05   -0.55644212E+05   -0.14111779E+02   -0.84656219E-01    0.86529866E-01   -0.59269365E+02   -0.13290189E+06   -0.21298320E+06   -0.63986454E+02   -0.27120952E+00    0.38402054E+00    0.00000000E+00    0.16631529E+05    0.26735992E+05   -0.52247617E+02   -0.11692487E+00   -0.19917655E+00    0.00000000E+00    0.21275443E+06    0.34152629E+06    0.10274612E+03    0.23367113E+00   -0.81701405E+00
  0.0300   -0.14741411E+05   -0.55979076E+05   -0.57317882E+05   -0.15125437E+02   -0.87778233E-01    0.88556797E-01   -0.81151177E+02   -0.13781811E+06   -0.20607211E+06   -0.64506988E+02   -0.26240910E+00    0.37155941E+00    0.00000000E+00    0.21090222E+05    0.31539635E+05   -0.49220409E+02   -0.10191196E+00   -0.19894176E+00    0.00000000E+00    0.20584168E+06    0.30863069E+06    0.96690344E+02    0.20363999E+00   -0.74584386E+00
  0.0400   -0.15727906E+05   -0.71858065E+05   -0.57067968E+05   -0.18650305E+02   -0.90903480E-01    0.84662706E-01   -0.12112760E+03   -0.14273280E+06   -0.16062473E+06   -0.62325452E+02   -0.20453738E+00    0.28961500E+00    0.00000000E+00    0.39625038E+05    0.44267792E+05   -0.35926229E+02   -0.46632394E-01   -0.18281961E+00    0.00000000E+00    0.16040330E+06    0.18089041E+06    0.70094826E+02    0.93054462E-01   -0.46344406E+00
  0.0500   -0.15447417E+05   -0.77283863E+05   -0.48925865E+05   -0.19927158E+02   -0.81779358E-01    0.68738135E-01   -0.56531448E+02   -0.12832183E+06   -0.11558895E+06   -0.55868962E+02   -0.14718977E+00    0.20841272E+00    0.00000000E+00    0.49728500E+05    0.44680339E+05   -0.26001347E+02   -0.16931115E-01   -0.15438750E+00    0.00000000E+00    0.11539200E+06    0.10368616E+06    0.50237858E+02    0.33627782E-01   -0.28535649E+00
  0.0600   -0.14519022E+05   -0.75639529E+05   -0.38575746E+05   -0.19685405E+02   -0.68358097E-01    0.50317877E-01   -0.68506086E+02   -0.10725104E+06   -0.80225955E+05   -0.48343351E+02   -0.10215931E+00    0.14465104E+00    0.00000000E+00    0.52937524E+05    0.39542535E+05   -0.19003935E+02   -0.28975461E-02   -0.12454779E+00    0.00000000E+00    0.80057349E+05    0.60095649E+05    0.36236324E+02    0.55398473E-02   -0.17934082E+00
  0.0700   -0.13396872E+05   -0.70000905E+05   -0.29072488E+05   -0.18626773E+02   -0.55216474E-01    0.34223295E-01   -0.72800654E+02   -0.86619178E+05   -0.55769549E+05   -0.41288431E+02   -0.71017107E-01    0.10055457E+00    0.00000000E+00    0.51597769E+05    0.32961778E+05   -0.14156784E+02    0.29803916E-02   -0.98424545E-01    0.00000000E+00    0.55627566E+05    0.35931092E+05    0.26536138E+02   -0.62334215E-02   -0.11677327E+00
  0.0800   -0.12186022E+05   -0.63051451E+05   -0.21582655E+05   -0.17231618E+02   -0.44309971E-01    0.22087776E-01   -0.42968693E+02   -0.69467255E+05   -0.39094468E+05   -0.35159225E+02   -0.49783504E-01    0.70488285E-01    0.00000000E+00    0.48147527E+05    0.26976689E+05   -0.10771496E+02    0.53201819E-02   -0.77671986E-01    0.00000000E+00    0.38975739E+05    0.21823410E+05    0.19760682E+02   -0.10927321E-01   -0.78065736E-01
  0.0900   -0.11019874E+05   -0.56076021E+05   -0.15719541E+05   -0.15737337E+02   -0.35378368E-01    0.12981860E-01   -0.54298337E+02   -0.55459818E+05   -0.27628204E+05   -0.30004570E+02   -0.35182716E-01    0.49813800E-01    0.00000000E+00    0.43967228E+05    0.21807971E+05   -0.83934257E+01    0.57381639E-02   -0.61352754E-01    0.00000000E+00    0.27529181E+05    0.13835697E+05    0.15000758E+02   -0.11774944E-01   -0.54339638E-01
  0.1000   -0.99744301E+04   -0.49460919E+05   -0.11345601E+05   -0.14288445E+02   -0.28387827E-01    0.65162345E-02   -0.50729967E+02   -0.44486357E+05   -0.20090414E+05   -0.25758286E+02   -0.25584374E-01    0.36222582E-01    0.00000000E+00    0.39569880E+05    0.17628055E+05   -0.66910678E+01    0.54276753E-02   -0.48803980E-01    0.00000000E+00    0.20007786E+05    0.90739658E+04    0.11593392E+02   -0.11163377E-01   -0.39078889E-01
  0.1100   -0.90084416E+04   -0.43644655E+05   -0.81889778E+04   -0.12951031E+02   -0.23056754E-01    0.21361458E-02   -0.35430714E+02   -0.36107099E+05   -0.14752011E+05   -0.22246744E+02   -0.18786691E-01    0.26596987E-01    0.00000000E+00    0.35486115E+05    0.14388496E+05   -0.54441494E+01    0.49741569E-02   -0.39291189E-01    0.00000000E+00    0.14683094E+05    0.59410322E+04    0.90980402E+01   -0.10263857E-01   -0.28541087E-01
  0.1200   -0.81535212E+04   -0.38574081E+05   -0.57593028E+04   -0.11732982E+02   -0.18768360E-01   -0.10502095E-02   -0.45147095E+02   -0.29389861E+05   -0.10965957E+05   -0.19341745E+02   -0.13965740E-01    0.19770369E-01    0.00000000E+00    0.31792888E+05    0.11739505E+05   -0.45256119E+01    0.43055609E-02   -0.31810324E-01    0.00000000E+00    0.10908533E+05    0.41590390E+04    0.72605716E+01   -0.89325790E-02   -0.21727613E-01
  0.1300   -0.74100151E+04   -0.34123421E+05   -0.40041951E+04   -0.10647440E+02   -0.15468748E-01   -0.31500815E-02   -0.38876825E+02   -0.24208800E+05   -0.84302214E+04   -0.16940587E+02   -0.10736920E-01    0.15198151E-01    0.00000000E+00    0.28443685E+05    0.96786873E+04   -0.38303275E+01    0.37277821E-02   -0.26048120E-01    0.00000000E+00    0.83824408E+04    0.29239895E+04    0.58707051E+01   -0.77815749E-02   -0.16777054E-01
  0.1400   -0.67350393E+04   -0.30363671E+05   -0.27308415E+04   -0.96854945E+01   -0.12903625E-01   -0.45023547E-02   -0.31457544E+02   -0.20179355E+05   -0.64483110E+04   -0.14924355E+02   -0.82133299E-02    0.11624513E-01    0.00000000E+00    0.25558013E+05    0.80699766E+04   -0.32949504E+01    0.32537764E-02   -0.21573023E-01    0.00000000E+00    0.64087536E+04    0.20204992E+04    0.48017179E+01   -0.68369511E-02   -0.13052896E-01
  0.1500   -0.61473956E+04   -0.27106649E+05   -0.17156257E+04   -0.88286519E+01   -0.10770110E-01   -0.54920902E-02   -0.38896092E+02   -0.16841913E+05   -0.50227002E+04   -0.13230594E+02   -0.63981193E-02    0.90539172E-02    0.00000000E+00    0.23014500E+05    0.67195206E+04   -0.28831660E+01    0.27435064E-02   -0.17928696E-01    0.00000000E+00    0.49901710E+04    0.15566322E+04    0.39809466E+01   -0.58187881E-02   -0.10607674E-01
  0.1600   -0.56323999E+04   -0.24268038E+05   -0.10084909E+04   -0.80739523E+01   -0.91288767E-02   -0.60263149E-02   -0.31866906E+02   -0.14262433E+05   -0.40409046E+04   -0.11801641E+02   -0.51480526E-02    0.72835485E-02    0.00000000E+00    0.20758466E+05    0.56764369E+04   -0.25549883E+01    0.23770940E-02   -0.15086124E-01    0.00000000E+00    0.40144162E+04    0.11263374E+04    0.33283841E+01   -0.50874628E-02   -0.85525723E-02
  0.1700   -0.51629993E+04   -0.21869694E+05   -0.47736707E+03   -0.74050842E+01   -0.77957671E-02   -0.63271759E-02   -0.29194474E+02   -0.12170596E+05   -0.31758371E+04   -0.10574826E+02   -0.40466229E-02    0.57236498E-02    0.00000000E+00    0.18832897E+05    0.48286889E+04   -0.22925871E+01    0.20643661E-02   -0.12790806E-01    0.00000000E+00    0.31546278E+04    0.81624938E+03    0.28083343E+01   -0.44627341E-02   -0.69738764E-02
  0.1800   -0.47555003E+04   -0.19754945E+05   -0.39284128E+02   -0.68084825E+01   -0.66518386E-02   -0.65309834E-02   -0.34204628E+02   -0.10382999E+05   -0.25808554E+04   -0.95264975E+01   -0.32891130E-02    0.46507340E-02    0.00000000E+00    0.17115611E+05    0.40959732E+04   -0.20832970E+01    0.17403763E-02   -0.10860640E-01    0.00000000E+00    0.25642480E+04    0.68928167E+03    0.23954309E+01   -0.38147967E-02   -0.59353305E-02
  0.1900   -0.43918419E+04   -0.17906576E+05    0.24106337E+03   -0.62812380E+01   -0.57766148E-02   -0.65182318E-02   -0.27460858E+02   -0.90051198E+04   -0.21439569E+04   -0.86227570E+01   -0.27329008E-02    0.38628544E-02    0.00000000E+00    0.15597398E+05    0.35354620E+04   -0.19087412E+01    0.15320004E-02   -0.93446368E-02    0.00000000E+00    0.21313962E+04    0.48951801E+03    0.20528853E+01   -0.33974796E-02   -0.49034524E-02
  0.2000   -0.40585437E+04   -0.16327999E+05    0.46908025E+03   -0.58095131E+01   -0.50223252E-02   -0.64654225E-02   -0.27693027E+02   -0.78236931E+04   -0.17132506E+04   -0.78316626E+01   -0.21845706E-02    0.30861423E-02    0.00000000E+00    0.14292751E+05    0.30524384E+04   -0.17655806E+01    0.13285272E-02   -0.80621169E-02    0.00000000E+00    0.17042959E+04    0.38045862E+03    0.17739853E+01   -0.29894217E-02   -0.41598799E-02
  0.2100   -0.37688255E+04   -0.14905361E+05    0.65648574E+03   -0.53863022E+01   -0.43671859E-02   -0.63868250E-02   -0.30422923E+02   -0.68000760E+04   -0.14506008E+04   -0.71459003E+01   -0.18502376E-02    0.26124489E-02    0.00000000E+00    0.13106663E+05    0.26302948E+04   -0.16473705E+01    0.11278216E-02   -0.69641228E-02    0.00000000E+00    0.14448372E+04    0.34553135E+03    0.15458080E+01   -0.25864072E-02   -0.36494137E-02
  0.2200   -0.35046161E+04   -0.13660523E+05    0.75608081E+03   -0.50095290E+01   -0.38692640E-02   -0.61953014E-02   -0.24585420E+02   -0.60144185E+04   -0.12257294E+04   -0.65426883E+01   -0.15640078E-02    0.22068752E-02    0.00000000E+00    0.12060443E+05    0.23107018E+04   -0.15448550E+01    0.10102102E-02   -0.60985255E-02    0.00000000E+00    0.12228237E+04    0.23001023E+03    0.13498083E+01   -0.23491379E-02   -0.30567506E-02
  0.2300   -0.32620876E+04   -0.12579954E+05    0.85402627E+03   -0.46686221E+01   -0.34084965E-02   -0.60358572E-02   -0.26473517E+02   -0.52945202E+04   -0.99149596E+03   -0.60068296E+01   -0.12658535E-02    0.17844245E-02    0.00000000E+00    0.11148424E+05    0.20146397E+04   -0.14593966E+01    0.87114219E-03   -0.53267763E-02    0.00000000E+00    0.99116938E+03    0.20220426E+03    0.11886794E+01   -0.20685514E-02   -0.26906207E-02
  0.2400   -0.30503053E+04   -0.11587168E+05    0.92515937E+03   -0.43610730E+01   -0.30144694E-02   -0.58606668E-02   -0.27244912E+02   -0.46780272E+04   -0.87410138E+03   -0.55367225E+01   -0.11164763E-02    0.15726443E-02    0.00000000E+00    0.10304417E+05    0.17602618E+04   -0.13861218E+01    0.74811548E-03   -0.46672247E-02    0.00000000E+00    0.87608039E+03    0.18814587E+03    0.10526429E+01   -0.18196806E-02   -0.23985001E-02
  0.2500   -0.28528977E+04   -0.10720437E+05    0.94722891E+03   -0.40848708E+01   -0.27135495E-02   -0.56276425E-02   -0.22656953E+02   -0.42021262E+04   -0.73929542E+03   -0.51155732E+01   -0.94492441E-03    0.13294737E-02    0.00000000E+00    0.95632391E+04    0.15674462E+04   -0.13206077E+01    0.67949774E-03   -0.41426565E-02    0.00000000E+00    0.74336690E+03    0.11389164E+03    0.93282161E+00   -0.16792942E-02   -0.20296751E-02
  0.2600   -0.26723590E+04   -0.99520153E+04    0.98662370E+03   -0.38323240E+01   -0.24136721E-02   -0.54489608E-02   -0.25294021E+02   -0.37348639E+04   -0.60693316E+03   -0.47376939E+01   -0.77648083E-03    0.10907127E-02    0.00000000E+00    0.89040164E+04    0.13745899E+04   -0.12653303E+01    0.57963463E-03   -0.36492090E-02    0.00000000E+00    0.61290423E+03    0.12151054E+03    0.83413753E+00   -0.14761110E-02   -0.18499310E-02
  0.2700   -0.25132898E+04   -0.92366908E+04    0.10010744E+04   -0.36035198E+01   -0.21687490E-02   -0.52484945E-02   -0.24526784E+02   -0.33502884E+04   -0.55530760E+03   -0.44025430E+01   -0.71084242E-03    0.99752816E-03    0.00000000E+00    0.82865568E+04    0.12167926E+04   -0.12158921E+01    0.50619546E-03   -0.32371940E-02    0.00000000E+00    0.56298711E+03    0.10682984E+03    0.74776555E+00   -0.13254972E-02   -0.16541528E-02
  0.2800   -0.23621208E+04   -0.86146749E+04    0.99131688E+03   -0.33960758E+01   -0.19755138E-02   -0.50252408E-02   -0.21320048E+02   -0.30442557E+04   -0.46276367E+03   -0.40974259E+01   -0.59309570E-03    0.83056901E-03    0.00000000E+00    0.77472647E+04    0.10935953E+04   -0.11708238E+01    0.46296779E-03   -0.29014126E-02    0.00000000E+00    0.47200633E+03    0.59312614E+02    0.67073752E+00   -0.12350522E-02   -0.14175239E-02
  0.2900   -0.22250064E+04   -0.80490163E+04    0.10028930E+04   -0.32047514E+01   -0.17708481E-02   -0.48561885E-02   -0.24042023E+02   -0.27260421E+04   -0.38933803E+03   -0.38220559E+01   -0.49969025E-03    0.69808489E-03    0.00000000E+00    0.72555669E+04    0.96216083E+03   -0.11322716E+01    0.38915405E-03   -0.25708761E-02    0.00000000E+00    0.39999955E+03    0.80982662E+02    0.60731723E+00   -0.10832018E-02   -0.13323401E-02
  0.3000   -0.21024386E+04   -0.75199400E+04    0.98920446E+03   -0.30308702E+01   -0.16153875E-02   -0.46586157E-02   -0.22198659E+02   -0.24803831E+04   -0.36638514E+03   -0.35750957E+01   -0.47055223E-03    0.65660971E-03    0.00000000E+00    0.67932113E+04    0.86268379E+03   -0.10962519E+01    0.34768921E-03   -0.23063058E-02    0.00000000E+00    0.37832611E+03    0.60678246E+02    0.54950885E+00   -0.99583780E-03   -0.11825108E-02
  0.3100   -0.19842945E+04   -0.70610530E+04    0.96845558E+03   -0.28716246E+01   -0.14832059E-02   -0.44626015E-02   -0.20337859E+02   -0.22711318E+04   -0.29692802E+03   -0.33472599E+01   -0.38219284E-03    0.53128843E-03    0.00000000E+00    0.63908221E+04    0.77905259E+03   -0.10631682E+01    0.31692297E-03   -0.20797857E-02    0.00000000E+00    0.31004285E+03    0.33582224E+02    0.49809110E+00   -0.92967830E-03   -0.10329920E-02
  0.3200   -0.18782870E+04   -0.66319280E+04    0.96577086E+03   -0.27238395E+01   -0.13392064E-02   -0.43103426E-02   -0.22680557E+02   -0.20474130E+04   -0.26001304E+03   -0.31410790E+01   -0.33526830E-03    0.46464624E-03    0.00000000E+00    0.60137417E+04    0.68696475E+03   -0.10342838E+01    0.26224742E-03   -0.18511585E-02    0.00000000E+00    0.27418720E+03    0.57875722E+02    0.45556316E+00   -0.81552468E-03   -0.99357588E-03
  0.3300   -0.17815933E+04   -0.62323515E+04    0.93870654E+03   -0.25891639E+01   -0.12390532E-02   -0.41269276E-02   -0.20220544E+02   -0.18876393E+04   -0.24750725E+03   -0.29539160E+01   -0.31942224E-03    0.44201900E-03    0.00000000E+00    0.56609627E+04    0.62372750E+03   -0.10062265E+01    0.24112081E-03   -0.16777395E-02    0.00000000E+00    0.26263609E+03    0.32884660E+02    0.41515306E+00   -0.76831134E-03   -0.86947903E-03
  0.3400   -0.16877534E+04   -0.58849427E+04    0.91632858E+03   -0.24645374E+01   -0.11427424E-02   -0.39617724E-02   -0.19543499E+02   -0.17355927E+04   -0.19361790E+03   -0.27795555E+01   -0.25087530E-03    0.34477857E-03    0.00000000E+00    0.53534235E+04    0.56335890E+03   -0.98050759E+00    0.21606541E-03   -0.15170745E-02    0.00000000E+00    0.20961970E+03    0.22063836E+02    0.37985694E+00   -0.71309793E-03   -0.78097600E-03
  0.3600   -0.15265207E+04   -0.52442257E+04    0.87327112E+03   -0.22423706E+01   -0.97440652E-03   -0.36609728E-02   -0.18560115E+02   -0.14697793E+04   -0.16881811E+03   -0.24763196E+01   -0.21943398E-03    0.29992482E-03    0.00000000E+00    0.47841111E+04    0.45766919E+03   -0.93430444E+00    0.16778041E-03   -0.12402114E-02    0.00000000E+00    0.18629708E+03    0.15857743E+02    0.32093932E+00   -0.60595445E-03   -0.65473985E-03
  0.3700   -0.14510519E+04   -0.49746062E+04    0.85305188E+03   -0.21431850E+01   -0.90019235E-03   -0.35245554E-02   -0.18817715E+02   -0.13531582E+04   -0.12767736E+03   -0.23402016E+01   -0.16710956E-03    0.22568219E-03    0.00000000E+00    0.45435195E+04    0.41162344E+03   -0.91328059E+00    0.14529950E-03   -0.11210354E-02    0.00000000E+00    0.14578797E+03    0.17531445E+02    0.29618704E+00   -0.55554940E-03   -0.60948385E-03
  0.3800   -0.13845030E+04   -0.47096031E+04    0.83709209E+03   -0.20507268E+01   -0.82712773E-03   -0.34023914E-02   -0.19690399E+02   -0.12389066E+04   -0.12766082E+03   -0.22168021E+01   -0.16714822E-03    0.22559265E-03    0.00000000E+00    0.43067498E+04    0.36589070E+03   -0.89368983E+00    0.11846824E-03   -0.10071726E-02    0.00000000E+00    0.14632405E+03    0.31041323E+02    0.27463458E+00   -0.49635649E-03   -0.59185326E-03
  0.3900   -0.13205698E+04   -0.44706204E+04    0.80441432E+03   -0.19658337E+01   -0.78274846E-03   -0.32574810E-02   -0.17182182E+02   -0.11662740E+04   -0.11462493E+03   -0.21016745E+01   -0.15060452E-03    0.20203220E-03    0.00000000E+00    0.40923199E+04    0.33937410E+03   -0.87388224E+00    0.11624404E-03   -0.92782005E-03    0.00000000E+00    0.13377861E+03    0.57828058E+01    0.25295730E+00   -0.48630329E-03   -0.50409375E-03
  0.4000   -0.12592986E+04   -0.42563134E+04    0.78736582E+03   -0.18857454E+01   -0.72316621E-03   -0.31454500E-02   -0.18078128E+02   -0.10731376E+04   -0.85061111E+02   -0.19936849E+01   -0.11301074E-03    0.14867467E-03    0.00000000E+00    0.38998031E+04    0.30280511E+03   -0.85593364E+00    0.95300044E-04   -0.83626175E-03    0.00000000E+00    0.10464803E+03    0.16141352E+02    0.23528260E+00   -0.43874684E-03   -0.48840475E-03
  0.4100   -0.12052761E+04   -0.40427787E+04    0.76792878E+03   -0.18111760E+01   -0.67202711E-03   -0.30345140E-02   -0.18145366E+02   -0.99240135E+03   -0.92311137E+02   -0.18955645E+01   -0.12229137E-03    0.16169832E-03    0.00000000E+00    0.37077826E+04    0.27150971E+03   -0.83856512E+00    0.78946964E-04   -0.75633640E-03    0.00000000E+00    0.11226503E+03    0.21524640E+02    0.21902877E+00   -0.40032010E-03   -0.46653937E-03
  0.4200   -0.11520288E+04   -0.38542585E+04    0.73761463E+03   -0.17422823E+01   -0.64029709E-03   -0.29095243E-02   -0.16044919E+02   -0.93995149E+03   -0.76301457E+02   -0.18027562E+01   -0.10194984E-03    0.13278702E-03    0.00000000E+00    0.35375300E+04    0.25333368E+03   -0.82103959E+00    0.79378031E-04   -0.69998785E-03    0.00000000E+00    0.96573494E+02    0.46926248E+00    0.20269823E+00   -0.39542034E-03   -0.39686400E-03
  0.4300   -0.11019130E+04   -0.36800469E+04    0.72340376E+03   -0.16768117E+01   -0.59141892E-03   -0.28169273E-02   -0.17273304E+02   -0.86388682E+03   -0.57422460E+02   -0.17159450E+01   -0.77950963E-04    0.98705796E-04    0.00000000E+00    0.33801680E+04    0.22369822E+03   -0.80514428E+00    0.60082934E-04   -0.62811125E-03    0.00000000E+00    0.77962286E+02    0.15770688E+02    0.18984261E+00   -0.35103629E-03   -0.39955387E-03
  0.4400   -0.10573250E+04   -0.35061855E+04    0.70171372E+03   -0.16160014E+01   -0.55663601E-03   -0.27154163E-02   -0.16634560E+02   -0.80807626E+03   -0.67081249E+02   -0.16366685E+01   -0.90288024E-04    0.11608342E-03    0.00000000E+00    0.32229520E+04    0.20321169E+03   -0.78923614E+00    0.52165378E-04   -0.57300323E-03    0.00000000E+00    0.87833929E+02    0.13480726E+02    0.17715336E+00   -0.32938556E-03   -0.37085821E-03
  0.4500   -0.10124786E+04   -0.33555089E+04    0.67527944E+03   -0.15593561E+01   -0.53198443E-03   -0.26094412E-02   -0.15100179E+02   -0.76727173E+03   -0.48887862E+02   -0.15607856E+01   -0.67155099E-04    0.83245482E-04    0.00000000E+00    0.30861122E+04    0.18968211E+03   -0.77338918E+00    0.52651705E-04   -0.53089396E-03    0.00000000E+00    0.69814492E+02   -0.15446096E+01    0.16475662E+00   -0.32452996E-03   -0.31977806E-03
  0.4600   -0.97122013E+03   -0.32110200E+04    0.66301122E+03   -0.15052738E+01   -0.49181962E-03   -0.25315339E-02   -0.16378459E+02   -0.70491815E+03   -0.39514339E+02   -0.14902215E+01   -0.55249764E-04    0.66313733E-04    0.00000000E+00    0.29550171E+04    0.16570019E+03   -0.75888501E+00    0.35643184E-04   -0.47412352E-03    0.00000000E+00    0.60570087E+02    0.15272207E+02    0.15519428E+00   -0.28468023E-03   -0.33166426E-03
  0.4700   -0.93380092E+03   -0.30685281E+04    0.64016766E+03   -0.14551720E+01   -0.46903705E-03   -0.24384745E-02   -0.15204704E+02   -0.66740860E+03   -0.48164478E+02   -0.14252213E+01   -0.66292031E-04    0.81883101E-04    0.00000000E+00    0.28255376E+04    0.15316191E+03   -0.74400318E+00    0.34107633E-04   -0.43708580E-03    0.00000000E+00    0.69304701E+02    0.68208468E+01    0.14500456E+00   -0.27578094E-03   -0.29676487E-03
  0.4800   -0.89574337E+03   -0.29463267E+04    0.61823842E+03   -0.14080351E+01   -0.44801511E-03   -0.23499886E-02   -0.14296222E+02   -0.63293452E+03   -0.29373068E+02   -0.13624719E+01   -0.42387366E-04    0.47977119E-04    0.00000000E+00    0.27140348E+04    0.14197861E+03   -0.72945173E+00    0.33150953E-04   -0.40363775E-03    0.00000000E+00    0.50566221E+02   -0.13667102E+01    0.13558325E+00   -0.26805150E-03   -0.26384690E-03
  0.4900   -0.86154932E+03   -0.28244855E+04    0.60690507E+03   -0.13629636E+01   -0.41554807E-03   -0.22826552E-02   -0.15391289E+02   -0.58250170E+03   -0.27884878E+02   -0.13045514E+01   -0.40513030E-04    0.45273127E-04    0.00000000E+00    0.26030970E+04    0.12300478E+03   -0.71590574E+00    0.19175768E-04   -0.35924107E-03    0.00000000E+00    0.49091179E+02    0.14104819E+02    0.12826080E+00   -0.23430437E-03   -0.27769700E-03
  0.5000   -0.82964180E+03   -0.27072529E+04    0.58396919E+03   -0.13212735E+01   -0.40119375E-03   -0.21977400E-02   -0.13892424E+02   -0.55792855E+03   -0.33379479E+02   -0.12505342E+01   -0.47527240E-04    0.55162730E-04    0.00000000E+00    0.24961057E+04    0.11605083E+03   -0.70181558E+00    0.21989592E-04   -0.33503384E-03    0.00000000E+00    0.54563618E+02    0.16177882E+01    0.11991876E+00   -0.23416226E-03   -0.23913929E-03
  0.5500   -0.68926027E+03   -0.22316484E+04    0.50800730E+03   -0.11430522E+01   -0.31023011E-03   -0.18730841E-02   -0.13214843E+02   -0.41202266E+03   -0.14859828E+02   -0.10207197E+01   -0.23986337E-04    0.21729032E-04    0.00000000E+00    0.20606212E+04    0.68446633E+02   -0.63700236E+00    0.24191728E-05   -0.20815280E-03    0.00000000E+00    0.35508977E+02    0.94458026E+01    0.89883584E-01   -0.16679410E-03   -0.19585355E-03
  0.6000   -0.57945441E+03   -0.18722431E+04    0.43921149E+03   -0.10068450E+01   -0.25234036E-03   -0.16035482E-02   -0.11549458E+02   -0.31770964E+03    0.18889285E+01   -0.84667030E+00   -0.26314886E-05   -0.84426641E-05    0.00000000E+00    0.17300603E+04    0.42283896E+02   -0.57680601E+00   -0.23210941E-05   -0.13240497E-03    0.00000000E+00    0.17660521E+02    0.56094555E+01    0.68256393E-01   -0.13060773E-03   -0.14786489E-03
  0.6500   -0.49323240E+03   -0.15896886E+04    0.37862456E+03   -0.90041359E+00   -0.21443948E-03   -0.13792553E-02   -0.94244171E+01   -0.25512177E+03    0.57282467E+01   -0.71304606E+00    0.23432590E-05   -0.15279349E-04    0.00000000E+00    0.14696246E+04    0.28697305E+02   -0.52071588E+00    0.66520589E-06   -0.87620334E-04    0.00000000E+00    0.12342335E+02   -0.34122221E+01    0.52275768E-01   -0.11189330E-03   -0.10139580E-03
  0.7000   -0.42457194E+03   -0.13632809E+04    0.33055772E+03   -0.81519240E+00   -0.18280168E-03   -0.11997427E-02   -0.81385058E+01   -0.20406012E+03    0.16388907E+01   -0.60879736E+00   -0.27302912E-05   -0.77722403E-05    0.00000000E+00    0.12608332E+04    0.18496232E+02   -0.46886797E+00    0.13862660E-05   -0.55516283E-04    0.00000000E+00    0.14728303E+02   -0.38925078E+01    0.40836150E-01   -0.90982986E-04   -0.79007918E-04
  0.7500   -0.36825160E+03   -0.11829078E+04    0.29283031E+03   -0.74557469E+00   -0.15479623E-03   -0.10556711E-02   -0.76031047E+01   -0.16029004E+03    0.20923427E+01   -0.52572582E+00   -0.19814433E-05   -0.84184102E-05    0.00000000E+00    0.10944235E+04    0.99406324E+01   -0.42111743E+00   -0.37286640E-06   -0.30954627E-04    0.00000000E+00    0.12472028E+02    0.23404501E+01    0.32613293E-01   -0.67609230E-04   -0.74809485E-04
  0.8000   -0.32128725E+03   -0.10381396E+04    0.25916373E+03   -0.68790517E+00   -0.13486122E-03   -0.93216290E-03   -0.67560521E+01   -0.12965458E+03    0.77348721E+01   -0.45856097E+00    0.54032142E-05   -0.18392657E-04    0.00000000E+00    0.96082887E+03    0.59657528E+01   -0.37708371E+00    0.13358359E-05   -0.17017445E-04    0.00000000E+00    0.50211901E+01    0.36441790E+01    0.26124254E-01   -0.53705562E-04   -0.64916661E-04
  0.8500   -0.28247868E+03   -0.91740970E+03    0.22778996E+03   -0.63936231E+00   -0.12245772E-03   -0.82323989E-03   -0.54018495E+01   -0.11101751E+03    0.94780381E+01   -0.40410410E+00    0.78420698E-05   -0.21316547E-04    0.00000000E+00    0.84956953E+03    0.61684995E+01   -0.33667530E+00    0.69394766E-05   -0.12037543E-04    0.00000000E+00    0.15308016E+01   -0.15574278E+01    0.20739322E-01   -0.50066556E-04   -0.45275223E-04
  0.9000   -0.25051384E+03   -0.81408726E+03    0.20179818E+03   -0.59759218E+00   -0.11128045E-03   -0.73210048E-03   -0.43589218E+01   -0.95185516E+02    0.50739029E+01   -0.35970333E+00    0.24652078E-05   -0.13144351E-04    0.00000000E+00    0.75460344E+03    0.63522094E+01   -0.30008037E+00    0.10857908E-04   -0.86842836E-05    0.00000000E+00    0.42954853E+01   -0.41264255E+01    0.16621893E-01   -0.45401150E-04   -0.32706449E-04
  0.9500   -0.22345983E+03   -0.72712416E+03    0.18206651E+03   -0.56096022E+00   -0.98514632E-04   -0.65863134E-03   -0.39806280E+01   -0.77975573E+02    0.19161375E+01   -0.32278464E+00   -0.13186733E-05   -0.72135557E-05    0.00000000E+00    0.67482398E+03    0.47024668E+01   -0.26727880E+00    0.10866303E-04   -0.36005549E-05    0.00000000E+00    0.59527617E+01   -0.50119902E+00    0.13710750E-01   -0.35080925E-04   -0.33539016E-04
  1.0000   -0.19995421E+03   -0.65509856E+03    0.16507640E+03   -0.52853934E+00   -0.87616681E-04   -0.59546435E-03   -0.36526964E+01   -0.64086724E+02    0.39868448E+01   -0.29150448E+00    0.15560294E-05   -0.10709260E-04    0.00000000E+00    0.60879038E+03    0.35842909E+01   -0.23790437E+00    0.10850263E-04   -0.17659339E-06    0.00000000E+00    0.25368176E+01    0.24739077E+01    0.11404320E-01   -0.26669737E-04   -0.34280566E-04
  1.1000   -0.16277899E+03   -0.53829800E+03    0.13325544E+03   -0.47347316E+00   -0.75831605E-04   -0.48578400E-03   -0.21601216E+01   -0.51791655E+02    0.38118553E+01   -0.24257516E+00    0.17958432E-05   -0.99311013E-05    0.00000000E+00    0.50195036E+03    0.60235664E+01   -0.18835056E+00    0.16243426E-04   -0.22877153E-05    0.00000000E+00    0.49322688E+00   -0.30973117E+01    0.74985181E-02   -0.25688423E-04   -0.16159729E-04
  1.2000   -0.13522326E+03   -0.44837060E+03    0.11298969E+03   -0.42724642E+00   -0.61352858E-04   -0.40895888E-03   -0.18262487E+01   -0.36658164E+02    0.64523369E+00   -0.20636699E+00   -0.18082746E-05   -0.37932974E-05    0.00000000E+00    0.41990949E+03    0.43806742E+01   -0.15028320E+00    0.14331546E-04    0.85466472E-06    0.00000000E+00    0.20260803E+01    0.14018749E+01    0.54278712E-02   -0.15317150E-04   -0.19629935E-04
  1.3000   -0.11367572E+03   -0.38033078E+03    0.94572980E+02   -0.38781856E+00   -0.53538343E-04   -0.34448645E-03   -0.10030952E+01   -0.31234665E+02    0.24877896E+01   -0.17821131E+00    0.92098309E-06   -0.67325527E-05    0.00000000E+00    0.35776296E+03    0.53689412E+01   -0.12127243E+00    0.15789038E-04   -0.72818764E-06    0.00000000E+00   -0.96121628E+00   -0.18427053E+01    0.36734139E-02   -0.15375347E-04   -0.97063746E-05
  1.4000   -0.97378227E+02   -0.32423033E+03    0.82254466E+02   -0.35328529E+00   -0.44246415E-04   -0.29729736E-03   -0.81109334E+00   -0.23549872E+02   -0.10410047E+01   -0.15618332E+00   -0.32379700E-05   -0.35381357E-07    0.00000000E+00    0.30650960E+03    0.39193737E+01   -0.99890606E-01    0.13333931E-04    0.12762120E-05    0.00000000E+00    0.17991549E+01    0.40042612E+00    0.27371358E-02   -0.10063745E-04   -0.11295632E-04
  1.5000   -0.83892531E+02   -0.28133048E+03    0.71234366E+02   -0.32296739E+00   -0.38224657E-04   -0.25737292E-03   -0.44008976E+00   -0.20090657E+02    0.16132380E+01   -0.13787658E+00    0.42944217E-06   -0.45335878E-05    0.00000000E+00    0.26709353E+03    0.35613377E+01   -0.84251037E-01    0.12414977E-04    0.14587349E-05    0.00000000E+00   -0.13451037E+01   -0.74201584E+00    0.19190434E-02   -0.93464274E-05   -0.70636601E-05
  1.6000   -0.73548604E+02   -0.24399152E+03    0.62855321E+02   -0.29609816E+00   -0.32479079E-04   -0.22584971E-03   -0.26636164E+00   -0.16480070E+02   -0.14926763E+01   -0.12298309E+00   -0.32811129E-05    0.13110164E-05    0.00000000E+00    0.23271118E+03    0.25327224E+01   -0.73117740E-01    0.10466319E-04    0.26745500E-05    0.00000000E+00    0.14640686E+01   -0.42717128E+00    0.13986332E-02   -0.74227268E-05   -0.61085599E-05
  2.0000   -0.46326533E+02   -0.15063041E+03    0.40548861E+02   -0.21581999E+00   -0.18416500E-04   -0.14316264E-03    0.14885586E+00   -0.92949451E+01   -0.74821489E+00   -0.81360076E-01   -0.16854966E-05    0.61634171E-06    0.00000000E+00    0.14536197E+03   -0.54583237E+00   -0.53755670E-01    0.44562853E-05    0.61355059E-05    0.00000000E+00    0.46069283E+00   -0.12596371E+01    0.23754474E-03   -0.48257674E-05   -0.95056946E-06
  2.5000   -0.29280971E+02   -0.92049838E+02    0.26814717E+02   -0.15750899E+00   -0.92982071E-05   -0.91792078E-04    0.90283160E-01   -0.37644067E+01   -0.53704618E+00   -0.52090290E-01   -0.10414752E-05    0.61071519E-06    0.00000000E+00    0.89018277E+02   -0.34453898E+01   -0.48070594E-01   -0.10170201E-05    0.95825152E-05    0.00000000E+00    0.41801348E+00    0.27958721E+00   -0.17685351E-03   -0.12229207E-05   -0.20830540E-05
  3.0000   -0.19859766E+02   -0.61852566E+02    0.18363215E+02   -0.12646495E+00   -0.60485666E-05   -0.62541898E-04    0.13317901E+00   -0.20893692E+01    0.55127352E+00   -0.35087394E-01    0.51063764E-06   -0.11853224E-05    0.00000000E+00    0.59255654E+02   -0.39533953E+01   -0.41271829E-01   -0.24933857E-05    0.96689981E-05    0.00000000E+00   -0.54754052E+00   -0.72928943E-01   -0.40191854E-03   -0.82607227E-06   -0.60171075E-06
  4.0000   -0.10495221E+02   -0.32716305E+02    0.94874412E+01   -0.10175362E+00   -0.38779248E-05   -0.33065470E-04    0.16176005E+00   -0.66051180E+00   -0.23189610E+00   -0.18004490E-01   -0.36641987E-06    0.34699459E-06    0.00000000E+00    0.30285101E+02   -0.32744011E+01   -0.14710400E-01   -0.23325198E-05    0.77409792E-05    0.00000000E+00    0.30786679E+00   -0.22147286E+00   -0.55117345E-03   -0.35871862E-06    0.32262937E-06
  5.0000   -0.60463485E+01   -0.20464095E+02    0.51343642E+01   -0.95119601E-01   -0.34088808E-05   -0.19204445E-04    0.20702555E+00   -0.38726806E+00    0.25305087E+00   -0.10450655E-01    0.28597749E-06   -0.49251834E-06    0.00000000E+00    0.18211080E+02   -0.20436435E+01    0.19346060E-01   -0.10074815E-05    0.52796654E-05    0.00000000E+00   -0.18368576E+00   -0.52825135E+00   -0.60910756E-03   -0.48608983E-06    0.11390438E-05
  6.0000   -0.37476726E+01   -0.13909695E+02    0.30988371E+01   -0.92415369E-01   -0.27870674E-05   -0.12320454E-04    0.18413038E+00    0.17223446E+00    0.55989296E-01   -0.68026619E-02    0.47817853E-07   -0.12442986E-06    0.00000000E+00    0.11993284E+02   -0.12907791E+01    0.51400495E-01   -0.23936580E-06    0.37316387E-05    0.00000000E+00   -0.76065869E-02   -0.10522490E+00   -0.59636257E-03    0.10417474E-06    0.42789284E-06
  7.0000   -0.24438141E+01   -0.10064481E+02    0.17250485E+01   -0.89552709E-01   -0.26407832E-05   -0.79477916E-05    0.22718875E+00   -0.15062641E-01   -0.43902711E-01   -0.48796153E-02   -0.73434690E-07    0.61629373E-07    0.00000000E+00    0.85022710E+01   -0.52369502E+00    0.77636359E-01    0.64702903E-06    0.22581454E-05    0.00000000E+00    0.73506883E-01   -0.45465534E+00   -0.61738459E-03   -0.24945735E-06    0.11492626E-05
  8.0000   -0.16427440E+01   -0.77031567E+01    0.11106669E+01   -0.85605532E-01   -0.21919452E-05   -0.56088453E-05    0.21818658E+00    0.18426998E+00    0.14367618E+00   -0.37684851E-02    0.16890716E-06   -0.27310399E-06    0.00000000E+00    0.64478565E+01   -0.19542981E+00    0.97316267E-01    0.94229691E-06    0.15435250E-05    0.00000000E+00   -0.12748870E+00   -0.27240091E+00   -0.60003180E-03   -0.10081176E-07    0.82794390E-06
  9.0000   -0.11810241E+01   -0.59363016E+01    0.70664290E+00   -0.80727007E-01   -0.18728640E-05   -0.40468086E-05    0.22403427E+00    0.20528327E+00   -0.84377390E-01   -0.31041924E-02   -0.11907481E-06    0.14050718E-06    0.00000000E+00    0.49559457E+01    0.42242321E-01    0.11110484E+00    0.11485695E-05    0.10186135E-05    0.00000000E+00    0.91753949E-01   -0.28008905E+00   -0.58928577E-03   -0.21263288E-08    0.85955087E-06
 10.0000   -0.85654592E+00   -0.48003265E+01    0.42148276E+00   -0.75287949E-01   -0.16481992E-05   -0.29448656E-05    0.23775785E+00    0.12637870E+00    0.59119394E-01   -0.26388451E-02    0.65502364E-07   -0.11637491E-06    0.00000000E+00    0.40227593E+01    0.21445705E+00    0.12005582E+00    0.12903425E-05    0.63057827E-06    0.00000000E+00   -0.57060836E-01   -0.39625339E+00   -0.58191122E-03   -0.12610738E-06    0.10929424E-05
 12.0000   -0.52352196E+00   -0.31928295E+01    0.20716202E+00   -0.64044344E-01   -0.11627283E-05   -0.18000498E-05    0.23880661E+00    0.16238782E+00   -0.41465495E-01   -0.20585066E-02   -0.59874370E-07    0.67691744E-07    0.00000000E+00    0.27076482E+01    0.28470369E+00    0.12752872E+00    0.12297234E-05    0.35384957E-06    0.00000000E+00    0.38764639E-01   -0.37205778E+00   -0.54702078E-03   -0.87035885E-07    0.10575776E-05
 16.0000   -0.26341892E+00   -0.16705782E+01    0.13049745E+00   -0.44863782E-01   -0.53661394E-06   -0.93808152E-06    0.22951674E+00    0.26239932E+00    0.43244502E-02   -0.13908540E-02    0.15790389E-08   -0.11724873E-07    0.00000000E+00    0.14380582E+01    0.17279040E+00    0.12056861E+00    0.87075143E-06    0.33917211E-06    0.00000000E+00   -0.77845370E-02   -0.26139710E+00   -0.46953099E-03    0.46850519E-07    0.85102305E-06
 20.0000   -0.17251263E+00   -0.99930432E+00    0.61494579E-01   -0.31893759E-01   -0.32086488E-06   -0.51004927E-06    0.23468421E+00    0.20000027E+00    0.12428688E-01   -0.10002107E-02    0.13460157E-07   -0.24775958E-07    0.00000000E+00    0.84170376E+00    0.10614580E+00    0.10335753E+00    0.66168219E-06    0.33513099E-06    0.00000000E+00   -0.14808548E-01   -0.33640808E+00   -0.40916820E-03   -0.42122976E-07    0.99281634E-06
 25.0000   -0.11829182E+00   -0.60582245E+00    0.41021794E-01   -0.22130654E-01   -0.17129550E-06   -0.29749660E-06    0.23003273E+00    0.20573687E+00    0.71811501E-02   -0.70103508E-03    0.77323204E-08   -0.14360058E-07    0.00000000E+00    0.46885628E+00    0.13130516E-01    0.79348619E-01    0.43259955E-06    0.39220430E-06    0.00000000E+00   -0.86575926E-02   -0.32025534E+00   -0.33865775E-03   -0.30604031E-07    0.95464234E-06
 30.0000   -0.85707351E-01   -0.41483196E+00    0.26988423E-01   -0.16655046E-01   -0.10522806E-06   -0.18825633E-06    0.22475109E+00    0.20633269E+00    0.40997643E-02   -0.51209019E-03    0.42874677E-08   -0.83252118E-08    0.00000000E+00    0.27613555E+00   -0.53016320E-01    0.56267591E-01    0.26722388E-06    0.43032542E-06    0.00000000E+00   -0.50884792E-02   -0.30551874E+00   -0.27861122E-03   -0.23712748E-07    0.91619737E-06
 40.0000   -0.45691217E-01   -0.24390207E+00    0.83756765E-02   -0.12115049E-01   -0.59151818E-07   -0.84919085E-07    0.21224057E+00    0.20009019E+00    0.81670720E-03   -0.28092862E-03    0.58514904E-09   -0.19274018E-08    0.00000000E+00    0.89720492E-01   -0.13686000E+00    0.16900317E-01    0.39607473E-07    0.46064908E-06    0.00000000E+00   -0.12805351E-02   -0.27560961E+00   -0.18190341E-03   -0.15857761E-07    0.83203871E-06
 50.0000   -0.21088270E-01   -0.16930617E+00   -0.49751342E-02   -0.11554287E-01   -0.52708081E-07   -0.37402379E-07    0.19719487E+00    0.18838408E+00   -0.78795198E-03   -0.13601952E-03   -0.11842672E-08    0.12398198E-08    0.00000000E+00    0.24427451E-02   -0.17393828E+00   -0.11321320E-01   -0.94244147E-07    0.44086656E-06    0.00000000E+00    0.62279483E-03   -0.24272706E+00   -0.11022678E-03   -0.11482371E-07    0.73525289E-06
 60.0000   -0.44405271E-02   -0.12838908E+00   -0.15218434E-01   -0.12479644E-01   -0.57940563E-07   -0.11121960E-07    0.17993082E+00    0.17324568E+00   -0.17070585E-02   -0.36404825E-04   -0.21688635E-08    0.30827996E-08    0.00000000E+00   -0.42493214E-01   -0.17707319E+00   -0.28275001E-01   -0.15830295E-06    0.38645210E-06    0.00000000E+00    0.17115075E-02   -0.20637892E+00   -0.59251578E-04   -0.86760102E-08    0.62623637E-06
 70.0000    0.70671387E-02   -0.10239027E+00   -0.22116960E-01   -0.13601244E-01   -0.64327832E-07    0.37136706E-08    0.16091201E+00    0.15572425E+00   -0.23052080E-02    0.31311634E-04   -0.28079455E-08    0.42838890E-08    0.00000000E+00   -0.63649985E-01   -0.15766070E+00   -0.35444045E-01   -0.17264044E-06    0.31239326E-06    0.00000000E+00    0.23902848E-02   -0.16704524E+00   -0.24961099E-04   -0.67038993E-08    0.50720076E-06
 80.0000    0.14845974E-01   -0.83774147E-01   -0.25586218E-01   -0.14225157E-01   -0.67479838E-07    0.11234629E-07    0.14068484E+00    0.13663022E+00   -0.27327727E-02    0.74726840E-04   -0.32790252E-08    0.51281864E-08    0.00000000E+00   -0.70657361E-01   -0.12490088E+00   -0.34985685E-01   -0.15457905E-06    0.22967102E-06    0.00000000E+00    0.28427889E-02   -0.12560460E+00   -0.33860203E-05   -0.52170922E-08    0.38119793E-06
 90.0000    0.19768746E-01   -0.69102424E-01   -0.26050360E-01   -0.14060144E-01   -0.66149362E-07    0.13993010E-07    0.11984602E+00    0.11670304E+00   -0.30599515E-02    0.99674928E-04   -0.36588572E-08    0.57549003E-08    0.00000000E+00   -0.69525056E-01   -0.85439968E-01   -0.29114655E-01   -0.11751014E-06    0.14534081E-06    0.00000000E+00    0.31643381E-02   -0.83132905E-01    0.90229593E-05   -0.40259832E-08    0.25172742E-06
100.0000    0.22431798E-01   -0.56775914E-01   -0.24216122E-01   -0.13084525E-01   -0.60693268E-07    0.13806181E-07    0.99017840E-01    0.96651156E-01   -0.33246790E-02    0.11083431E-03   -0.39854133E-08    0.62427627E-08    0.00000000E+00   -0.64042862E-01   -0.43830242E-01   -0.19806094E-01   -0.71078594E-07    0.63762522E-07    0.00000000E+00    0.34095011E-02   -0.40802490E-01    0.15181068E-04   -0.30164261E-08    0.12250999E-06
110.0000    0.23261621E-01   -0.46064768E-01   -0.20848212E-01   -0.11439021E-01   -0.52172226E-07    0.11966051E-07    0.78825811E-01    0.77157167E-01   -0.35512620E-02    0.11186899E-03   -0.42815736E-08    0.66436713E-08    0.00000000E+00   -0.56505207E-01   -0.31260922E-02   -0.86952339E-02   -0.21935583E-07   -0.12318348E-07    0.00000000E+00    0.36126403E-02    0.18500406E-03    0.17337240E-04   -0.21130887E-08   -0.26822426E-08
120.0000    0.22577432E-01   -0.36632791E-01   -0.16643927E-01   -0.93470072E-02   -0.41852807E-07    0.93512380E-08    0.59877798E-01    0.58871738E-01   -0.37589602E-02    0.10557099E-03   -0.45660139E-08    0.69982019E-08    0.00000000E+00   -0.48219554E-01    0.34634312E-01    0.29257058E-02    0.25480149E-07   -0.81070238E-07    0.00000000E+00    0.37985665E-02    0.38652331E-01    0.17140870E-04   -0.12594268E-08   -0.12017101E-06
130.0000    0.20634189E-01   -0.28298772E-01   -0.12181114E-01   -0.70597113E-02   -0.30951680E-07    0.65227875E-08    0.42744255E-01    0.42404246E-01   -0.39677469E-02    0.94024255E-04   -0.48600874E-08    0.73464483E-08    0.00000000E+00   -0.39868290E-01    0.68086610E-01    0.14069505E-01    0.68293447E-07   -0.14117093E-06    0.00000000E+00    0.39898884E-02    0.73494554E-01    0.15747298E-04   -0.40447258E-09   -0.22650607E-06
140.0000    0.17651757E-01   -0.20918961E-01   -0.79048800E-02   -0.48208906E-02   -0.20513966E-07    0.38049238E-08    0.27939610E-01    0.28315610E-01   -0.42056583E-02    0.78765834E-04   -0.51967427E-08    0.77417132E-08    0.00000000E+00   -0.31758666E-01    0.96306903E-01    0.24003099E-01    0.10469303E-06   -0.19158939E-06    0.00000000E+00    0.42154561E-02    0.10372600E+00    0.13930054E-04    0.51187455E-09   -0.31859494E-06
150.0000    0.13832480E-01   -0.14329035E-01   -0.41275502E-02   -0.28454272E-02   -0.11357650E-07    0.13405108E-08    0.15904317E-01    0.17122352E-01   -0.45256251E-02    0.60928429E-04   -0.56413974E-08    0.82814172E-08    0.00000000E+00   -0.23992687E-01    0.11865325E+00    0.32197627E-01    0.13355571E-06   -0.23147390E-06    0.00000000E+00    0.45279227E-02    0.12853565E+00    0.12184368E-04    0.15872905E-08   -0.39384492E-06
160.0000    0.93665243E-02   -0.83013495E-02   -0.10127478E-02   -0.13072503E-02   -0.40247754E-08   -0.90911726E-09    0.69844308E-02    0.93452178E-02   -0.50637531E-02    0.41356264E-04   -0.63660792E-08    0.92122539E-08    0.00000000E+00   -0.16592160E-01    0.13464286E+00    0.38285625E-01    0.15414831E-06   -0.26007239E-06    0.00000000E+00    0.50624803E-02    0.14739007E+00    0.10816452E-04    0.30444813E-08   -0.45039225E-06
170.0000    0.44027610E-02   -0.23990604E-02    0.15886635E-02   -0.33310495E-03    0.14506954E-08   -0.34367329E-08    0.13832053E-02    0.58405927E-02   -0.63804032E-02    0.20678785E-04   -0.80832886E-08    0.11545640E-07    0.00000000E+00   -0.96872030E-02    0.14373518E+00    0.42027742E-01    0.16571470E-06   -0.27647796E-06    0.00000000E+00    0.63781523E-02    0.16047315E+00    0.10033894E-04    0.57155184E-08   -0.48797053E-06
179.9000    0.59488774E-02   -0.14381959E-01   -0.33259181E-01   -0.23074147E-05   -0.44576762E-07    0.57743118E-07    0.52778334E-02   -0.61280153E-01    0.38530582E-01    0.27152343E-05    0.49066217E-07   -0.69470811E-07    0.00000000E+00    0.14377664E-01    0.17726849E+00    0.43291763E-01    0.21524909E-06   -0.33010681E-06    0.00000000E+00   -0.38521522E-01    0.85987659E-01    0.51062669E-05   -0.84720567E-07   -0.34925645E-06
180.0000    0.00000000E+00    0.00000000E+00    0.00000000E+00    0.00000000E+00    0.00000000E+00    0.00000000E+00    0.00000000E+00    0.00000000E+00    0.00000000E+00    0.00000000E+00    0.00000000E+00    0.00000000E+00    0.00000000E+00    0.00000000E+00   -0.46116648E-01   -0.47057804E+01   -0.11933311E-06    0.22541993E-07    0.00000000E+00    0.00000000E+00    0.66398316E+00    0.67753383E+02    0.58445145E-06   -0.14582530E-05
