  0.0000    0.00000000E+00    0.00000000E+00    0.00000000E+00    0.00000000E+00    0.00000000E+00    0.00000000E+00    0.00000000E+00    0.00000000E+00    0.00000000E+00    0.00000000E+00    0.00000000E+00    0.00000000E+00    0.00000000E+00    0.00000000E+00   -0.44423283E+07   -0.69856472E+03   -0.22786761E+02   -0.91202043E+01    0.00000000E+00    0.00000000E+00    0.53726219E+08    0.13983645E+04    0.45576211E+02   -0.11970928E+03
  0.0003   -0.12950857E+06   -0.13345265E+06   -0.69972090E+05   -0.15972391E+01   -0.10214177E+00    0.11312318E+00   -0.40008106E+05   -0.20042087E+06   -0.29406603E+07   -0.77220163E+02   -0.37445847E+01    0.53021806E+01    0.00000000E+00   -0.23222068E+06   -0.43431615E+07   -0.69536668E+03   -0.22582137E+02   -0.92206607E+01    0.00000000E+00    0.29403804E+07    0.53322797E+08    0.13919683E+04    0.45166958E+02   -0.11887743E+03
  0.0004   -0.17214565E+06   -0.18144655E+06   -0.12369885E+06   -0.28288607E+01   -0.18061196E+00    0.19994016E+00   -0.38826040E+05   -0.32247547E+06   -0.38987843E+07   -0.10260065E+03   -0.49646428E+01    0.70297335E+01    0.00000000E+00   -0.30434464E+06   -0.42668719E+07   -0.69289536E+03   -0.22424448E+02   -0.92976718E+01    0.00000000E+00    0.38984124E+07    0.53011733E+08    0.13870255E+04    0.44851576E+02   -0.11823585E+03
  0.0005   -0.21433325E+06   -0.23237927E+06   -0.19189174E+06   -0.43987771E+01   -0.28026504E+00    0.31007841E+00   -0.37341158E+05   -0.47749474E+06   -0.48382525E+07   -0.12767646E+03   -0.61609450E+01    0.87236490E+01    0.00000000E+00   -0.37202557E+06   -0.41698526E+07   -0.68973838E+03   -0.22223564E+02   -0.93952618E+01    0.00000000E+00    0.48377898E+07    0.52615238E+08    0.13807114E+04    0.44449804E+02   -0.11741782E+03
  0.0006   -0.25596748E+06   -0.28690013E+06   -0.27390452E+06   -0.62970009E+01   -0.40019656E+00    0.44245430E+00   -0.35578209E+05   -0.66408295E+06   -0.57547511E+07   -0.15237581E+03   -0.73279981E+01    0.10376149E+02    0.00000000E+00   -0.43425773E+06   -0.40528862E+07   -0.68591079E+03   -0.21980851E+02   -0.95123890E+01    0.00000000E+00    0.57541989E+07    0.52135844E+08    0.13730561E+04    0.43964373E+02   -0.11642843E+03
  0.0007   -0.29694986E+06   -0.34560373E+06   -0.36896589E+06   -0.85115540E+01   -0.53932655E+00    0.59577491E+00   -0.33567014E+05   -0.88057381E+06   -0.66441915E+07   -0.17662971E+03   -0.84605957E+01    0.11979861E+02    0.00000000E+00   -0.49010263E+06   -0.39169064E+07   -0.68143067E+03   -0.21697940E+02   -0.96478122E+01    0.00000000E+00    0.66435514E+07    0.51576576E+08    0.13640957E+04    0.43398547E+02   -0.11527370E+03
  0.0008   -0.33718819E+06   -0.40902119E+06   -0.47619011E+06   -0.11028600E+02   -0.69641418E+00    0.76855618E+00   -0.31340601E+05   -0.11250516E+07   -0.75027485E+07   -0.20037253E+03   -0.95538670E+01    0.13527890E+02    0.00000000E+00   -0.53870041E+06   -0.37629895E+07   -0.67631899E+03   -0.21376717E+02   -0.98001047E+01    0.00000000E+00    0.75020224E+07    0.50940931E+08    0.13538721E+04    0.42756093E+02   -0.11396063E+03
  0.0009   -0.37659733E+06   -0.47761252E+06   -0.59458905E+06   -0.13832596E+02   -0.87007425E+00    0.95914334E+00   -0.28935755E+05   -0.13953775E+07   -0.83268936E+07   -0.22354234E+03   -0.10603319E+02    0.15013871E+02    0.00000000E+00   -0.57927924E+06   -0.35923374E+07   -0.67059931E+03   -0.21019288E+02   -0.99676769E+01    0.00000000E+00    0.83260835E+07    0.50232826E+08    0.13424325E+04    0.42041227E+02   -0.11249705E+03
  0.0010   -0.41509978E+06   -0.55176007E+06   -0.72308555E+06   -0.16906458E+02   -0.10587957E+01    0.11657337E+01   -0.26391021E+05   -0.16892169E+07   -0.91134252E+07   -0.24608143E+03   -0.11604874E+02    0.16432033E+02    0.00000000E+00   -0.61116404E+06   -0.34062656E+07   -0.66429771E+03   -0.20627967E+02   -0.10148795E+02    0.00000000E+00    0.91125334E+07    0.49456563E+08    0.13298291E+04    0.41258578E+02   -0.11089158E+03
  0.0012   -0.48911578E+06   -0.71783633E+06   -0.10057040E+07   -0.23788840E+02   -0.14748675E+01    0.16191207E+01   -0.21044928E+05   -0.23373044E+07   -0.10562615E+08   -0.28905922E+03   -0.13450247E+02    0.19045006E+02    0.00000000E+00   -0.64667298E+06   -0.29935831E+07   -0.65006350E+03   -0.19753748E+02   -0.10544168E+02    0.00000000E+00    0.10561568E+08    0.47718362E+08    0.13013601E+04    0.39510119E+02   -0.10729256E+03
  0.0014   -0.55878476E+06   -0.90859878E+06   -0.13142092E+07   -0.31515423E+02   -0.19307952E+01    0.21122908E+01   -0.15629665E+05   -0.30479141E+07   -0.11832047E+08   -0.32893888E+03   -0.15066719E+02    0.21333865E+02    0.00000000E+00   -0.64197633E+06   -0.25370644E+07   -0.63386361E+03   -0.18775551E+02   -0.10970424E+02    0.00000000E+00    0.11830855E+08    0.45766428E+08    0.12689596E+04    0.37553704E+02   -0.10324397E+03
  0.0015   -0.59188627E+06   -0.10132701E+07   -0.14749587E+07   -0.35641691E+02   -0.21691790E+01    0.23684430E+01   -0.12995273E+05   -0.34196557E+07   -0.12395357E+08   -0.34762476E+03   -0.15784028E+02    0.22349546E+02    0.00000000E+00   -0.62403003E+06   -0.22963571E+07   -0.62511003E+03   -0.18254588E+02   -0.11189983E+02    0.00000000E+00    0.12394097E+08    0.44723647E+08    0.12514520E+04    0.36511766E+02   -0.10107786E+03
  0.0016   -0.62379484E+06   -0.11239768E+07   -0.16383149E+07   -0.39913758E+02   -0.24120725E+01    0.26281050E+01   -0.10458428E+05   -0.37985765E+07   -0.12909728E+08   -0.36543622E+03   -0.16439019E+02    0.23276987E+02    0.00000000E+00   -0.59563427E+06   -0.20495144E+07   -0.61596718E+03   -0.17716276E+02   -0.11411067E+02    0.00000000E+00    0.12908404E+08    0.43643631E+08    0.12331659E+04    0.35435129E+02   -0.98831889E+02
  0.0017   -0.65449261E+06   -0.12404951E+07   -0.18030036E+07   -0.44309263E+02   -0.26576707E+01    0.28891621E+01   -0.80521340E+04   -0.41818748E+07   -0.13374651E+08   -0.38235115E+03   -0.17031044E+02    0.24115270E+02    0.00000000E+00   -0.55688866E+06   -0.17981489E+07   -0.60647062E+03   -0.17163539E+02   -0.11631641E+02    0.00000000E+00    0.13373266E+08    0.42531886E+08    0.12141723E+04    0.34329641E+02   -0.96517158E+02
  0.0018   -0.68396953E+06   -0.13625231E+07   -0.19677832E+07   -0.48805900E+02   -0.29042100E+01    0.31495572E+01   -0.58062966E+04   -0.45668109E+07   -0.13789995E+08   -0.39835273E+03   -0.17559935E+02    0.24864159E+02    0.00000000E+00   -0.50799753E+06   -0.15438443E+07   -0.59665610E+03   -0.16599269E+02   -0.11849725E+02    0.00000000E+00    0.13788552E+08    0.41393870E+08    0.11945428E+04    0.33201088E+02   -0.94144675E+02
  0.0019   -0.71222259E+06   -0.14896856E+07   -0.21314583E+07   -0.53381625E+02   -0.31499886E+01    0.34073152E+01   -0.37452578E+04   -0.49507360E+07   -0.14155999E+08   -0.41342944E+03   -0.18025998E+02    0.25524085E+02    0.00000000E+00   -0.44926509E+06   -0.12881431E+07   -0.58655943E+03   -0.16026309E+02   -0.12063414E+02    0.00000000E+00    0.14154501E+08    0.40234967E+08    0.11743490E+04    0.32055153E+02   -0.91725314E+02
  0.0020   -0.73925562E+06   -0.16215418E+07   -0.22928909E+07   -0.58014815E+02   -0.33933808E+01    0.36605609E+01   -0.18904879E+04   -0.53311189E+07   -0.14473243E+08   -0.42757475E+03   -0.18429971E+02    0.26096095E+02    0.00000000E+00   -0.38108642E+06   -0.10325269E+07   -0.57621600E+03   -0.15447411E+02   -0.12270904E+02    0.00000000E+00    0.14471694E+08    0.39060408E+08    0.11536617E+04    0.30897343E+02   -0.89269665E+02
  0.0030   -0.94654717E+06   -0.30709072E+07   -0.35922992E+07   -0.10334225E+03   -0.54180852E+01    0.56334082E+01    0.42556898E+04   -0.85046255E+07   -0.15286166E+08   -0.51948645E+03   -0.19465133E+02    0.27561841E+02    0.00000000E+00    0.68614542E+06    0.12557724E+07   -0.46637399E+03   -0.98425265E+01   -0.13705835E+02    0.00000000E+00    0.15284283E+08    0.27439567E+08    0.93397157E+03    0.19687403E+02   -0.64728783E+02
  0.0040   -0.10577241E+07   -0.43417520E+07   -0.40675116E+07   -0.13805234E+03   -0.63065788E+01    0.62068771E+01   -0.18466405E+04   -0.99059014E+07   -0.13334703E+08   -0.53758382E+03   -0.16980174E+02    0.24043240E+02    0.00000000E+00    0.19520751E+07    0.26288206E+07   -0.36202651E+03   -0.55376723E+01   -0.13625082E+02    0.00000000E+00    0.13332754E+08    0.18001474E+08    0.72526905E+03    0.11077504E+02   -0.44302952E+02
  0.0050   -0.10935554E+07   -0.50950599E+07   -0.38857881E+07   -0.15811815E+03   -0.62389727E+01    0.57154217E+01   -0.23379345E+04   -0.98000107E+07   -0.10591898E+08   -0.51164005E+03   -0.13487535E+02    0.19097805E+02    0.00000000E+00    0.29075413E+07    0.31309372E+07   -0.27553306E+03   -0.27792070E+01   -0.12411348E+02    0.00000000E+00    0.10590044E+08    0.11450114E+08    0.55227368E+03    0.55603856E+01   -0.29665205E+02
  0.0060   -0.10722110E+07   -0.53630374E+07   -0.33903139E+07   -0.16578201E+03   -0.56705843E+01    0.47595133E+01    0.96760721E+03   -0.89038850E+07   -0.80177027E+07   -0.46528333E+03   -0.10209601E+02    0.14456382E+02    0.00000000E+00    0.34514071E+07    0.31108570E+07   -0.20855277E+03   -0.11637151E+01   -0.10734080E+02    0.00000000E+00    0.80160166E+07    0.71944493E+07    0.41830414E+03    0.23292275E+01   -0.19804065E+02
  0.0070   -0.10199069E+07   -0.52918032E+07   -0.27916338E+07   -0.16467607E+03   -0.48991750E+01    0.36891192E+01    0.86472837E+02   -0.76931516E+07   -0.59175436E+07   -0.41299510E+03   -0.75352952E+01    0.10669673E+02    0.00000000E+00    0.36631455E+07    0.28266428E+07   -0.15855202E+03   -0.30052564E+00   -0.89965230E+01    0.00000000E+00    0.59160470E+07    0.45559058E+07    0.31829349E+03    0.60269203E+00   -0.13413279E+02
  0.0080   -0.95682206E+06   -0.50045971E+07   -0.22166627E+07   -0.15826792E+03   -0.41146688E+01    0.27047613E+01   -0.14751018E+04   -0.64625763E+07   -0.43589795E+07   -0.36266973E+03   -0.55506473E+01    0.78594921E+01    0.00000000E+00    0.36355517E+07    0.24481797E+07   -0.12175018E+03    0.11930086E+00   -0.74123775E+01    0.00000000E+00    0.43576653E+07    0.29522878E+07    0.24468069E+03   -0.23709902E+00   -0.93196355E+01
  0.0090   -0.88839941E+06   -0.46172355E+07   -0.17354985E+07   -0.14922792E+03   -0.34281300E+01    0.19110271E+01   -0.97516406E+02   -0.53829579E+07   -0.32369903E+07   -0.31736998E+03   -0.41219261E+01    0.58364807E+01    0.00000000E+00    0.34702436E+07    0.20822420E+07   -0.94533338E+02    0.32025853E+00   -0.60856342E+01    0.00000000E+00    0.32358402E+07    0.19383036E+07    0.19023802E+03   -0.63913533E+00   -0.66022103E+01
  0.0100   -0.81821680E+06   -0.42103730E+07   -0.13453933E+07   -0.13907396E+03   -0.28484525E+01    0.12905694E+01    0.46123748E+03   -0.44720108E+07   -0.24093728E+07   -0.27768074E+03   -0.30680527E+01    0.43442385E+01    0.00000000E+00    0.32477016E+07    0.17562819E+07   -0.74295778E+02    0.40113719E+00   -0.50019589E+01    0.00000000E+00    0.24083665E+07    0.12919549E+07    0.14975413E+03   -0.80099848E+00   -0.47756205E+01
  0.0120   -0.69276473E+06   -0.34294824E+07   -0.78236320E+06   -0.11864883E+03   -0.19647029E+01    0.44219065E+00   -0.50972867E+03   -0.30850896E+07   -0.13929197E+07   -0.21465955E+03   -0.17737193E+01    0.25115146E+01    0.00000000E+00    0.27454827E+07    0.12339351E+07   -0.47689803E+02    0.38809961E+00   -0.34080279E+01    0.00000000E+00    0.13921418E+07    0.62958668E+06    0.96525428E+02   -0.77509751E+00   -0.27119832E+01
  0.0140   -0.58530474E+06   -0.27867037E+07   -0.44639532E+06   -0.10060100E+03   -0.13895095E+01   -0.16201042E-01   -0.18125235E+03   -0.21814862E+07   -0.83606217E+06   -0.16883141E+03   -0.10646268E+01    0.15074684E+01    0.00000000E+00    0.22891240E+07    0.88283484E+06   -0.31961133E+02    0.32661905E+00   -0.23893695E+01    0.00000000E+00    0.83545037E+06    0.32236177E+06    0.65052464E+02   -0.65227217E+00   -0.16439988E+01
  0.0160   -0.49897247E+06   -0.22733308E+07   -0.24197853E+06   -0.85495985E+02   -0.10058646E+01   -0.26143213E+00    0.98312119E+02   -0.15787653E+07   -0.53583459E+06   -0.13542665E+03   -0.68232233E+00    0.96614072E+00    0.00000000E+00    0.19036369E+07    0.64354685E+06   -0.22259750E+02    0.25983235E+00   -0.17200010E+01    0.00000000E+00    0.53534385E+06    0.17811460E+06    0.45635173E+02   -0.51880654E+00   -0.10667654E+01
  0.0180   -0.42764370E+06   -0.18786691E+07   -0.11542074E+06   -0.73097670E+02   -0.74346790E+00   -0.38838289E+00   -0.41849014E+03   -0.11672586E+07   -0.34874387E+06   -0.11049938E+03   -0.44408431E+00    0.62880532E+00    0.00000000E+00    0.15975037E+07    0.47810045E+06   -0.16014697E+02    0.20237581E+00   -0.12684716E+01    0.00000000E+00    0.34834346E+06    0.10790321E+06    0.33131554E+02   -0.40398065E+00   -0.73593841E+00
  0.0200   -0.36990956E+06   -0.15682159E+07   -0.41536631E+05   -0.63004801E+02   -0.56697140E+00   -0.43918644E+00    0.19342688E+03   -0.88952396E+06   -0.23957193E+06   -0.91665102E+02   -0.30506670E+00    0.43196201E+00    0.00000000E+00    0.13501024E+07    0.36594751E+06   -0.11801546E+02    0.16298328E+00   -0.96283231E+00    0.00000000E+00    0.23923978E+06    0.61466792E+05    0.24692652E+02   -0.32526732E+00   -0.51436623E+00
  0.0220   -0.32270257E+06   -0.13239313E+07    0.79507003E+04   -0.54697730E+02   -0.43612411E+00   -0.46058396E+00   -0.26401281E+03   -0.68454345E+06   -0.16964459E+06   -0.77121908E+02   -0.21602246E+00    0.30587897E+00    0.00000000E+00    0.11518799E+07    0.28217672E+06   -0.89187600E+01    0.12712274E+00   -0.74097705E+00    0.00000000E+00    0.16936514E+06    0.43630110E+05    0.18915298E+02   -0.25360614E+00   -0.38783156E+00
  0.0240   -0.28309272E+06   -0.11314801E+07    0.35495431E+05   -0.47874334E+02   -0.34533354E+00   -0.45453311E+00   -0.57562291E+01   -0.54175007E+06   -0.11974695E+06   -0.65672562E+02   -0.15248368E+00    0.21591064E+00    0.00000000E+00    0.99324804E+06    0.22398782E+06   -0.68399278E+01    0.10412697E+00   -0.58495813E+00    0.00000000E+00    0.11950899E+06    0.26228544E+05    0.14746584E+02   -0.20766532E+00   -0.28835586E+00
  0.0260   -0.25077258E+06   -0.97382892E+06    0.53300865E+05   -0.42191089E+02   -0.27625500E+00   -0.44023192E+00   -0.35171290E+01   -0.43330526E+06   -0.91833395E+05   -0.56588039E+02   -0.11693905E+00    0.16558089E+00    0.00000000E+00    0.86154085E+06    0.17942052E+06   -0.53352643E+01    0.84397490E-01   -0.46757899E+00    0.00000000E+00    0.91628350E+05    0.18440618E+05    0.11726863E+02   -0.16824979E+00   -0.22498124E+00
  0.0280   -0.22296294E+06   -0.84820709E+06    0.64148251E+05   -0.37427321E+02   -0.22354485E+00   -0.42089310E+00   -0.18103237E+03   -0.35074141E+06   -0.66494738E+05   -0.49188723E+02   -0.84673255E-01    0.11989383E+00    0.00000000E+00    0.75556641E+06    0.14541720E+06   -0.42153749E+01    0.68682334E-01   -0.37868498E+00    0.00000000E+00    0.66316506E+05    0.14231069E+05    0.94772775E+01   -0.13685706E+00   -0.18063809E+00
  0.0300   -0.19977645E+06   -0.74304081E+06    0.68377382E+05   -0.33419358E+02   -0.18543385E+00   -0.39579277E+00    0.10997218E+03   -0.29063261E+06   -0.52543164E+05   -0.43160304E+02   -0.66907565E-01    0.94738332E-01    0.00000000E+00    0.66587915E+06    0.12076860E+06   -0.33511380E+01    0.58606327E-01   -0.31293105E+00    0.00000000E+00    0.52386777E+05    0.77340116E+04    0.77395256E+01   -0.11673788E+00   -0.14053110E+00
  0.0400   -0.12369134E+06   -0.42414016E+06    0.66967159E+05   -0.20432003E+02   -0.81187806E-01   -0.28720826E+00    0.63986364E+02   -0.12708745E+06   -0.17624323E+05   -0.24787929E+02   -0.22442524E-01    0.31777649E-01    0.00000000E+00    0.38873917E+06    0.53088199E+05   -0.11654170E+01    0.26550503E-01   -0.13677216E+00    0.00000000E+00    0.17534511E+05    0.13764330E+04    0.33280425E+01   -0.52742780E-01   -0.56977293E-01
  0.0500   -0.83805592E+05   -0.27216173E+06    0.54504023E+05   -0.13727093E+02   -0.42314480E-01   -0.20999284E+00    0.33635427E+02   -0.66144245E+05   -0.76673119E+04   -0.16020155E+02   -0.97634392E-02    0.13824587E-01    0.00000000E+00    0.25312121E+06    0.27747081E+05   -0.37645666E+00    0.14061308E-01   -0.71300925E-01    0.00000000E+00    0.76092712E+04    0.26300025E+03    0.17178068E+01   -0.27835361E-01   -0.28644466E-01
  0.0600   -0.60435690E+05   -0.18881943E+06    0.43430689E+05   -0.98430671E+01   -0.24704198E-01   -0.15831611E+00    0.12265021E+02   -0.38559332E+05   -0.39716417E+04   -0.11184995E+02   -0.50574350E-02    0.71610828E-02    0.00000000E+00    0.17743107E+06    0.16240612E+05   -0.30094071E-01    0.82635283E-02   -0.41699741E-01    0.00000000E+00    0.39311209E+04    0.85560290E+02    0.99802735E+00   -0.16287463E-01   -0.16550684E-01
  0.0700   -0.45606154E+05   -0.13844748E+06    0.34909689E+05   -0.73997611E+01   -0.15607141E-01   -0.12300471E+00   -0.28980885E+01   -0.24323108E+05   -0.23158644E+04   -0.82443093E+01   -0.29489953E-02    0.41756228E-02    0.00000000E+00    0.13109927E+06    0.10286850E+05    0.14234339E+00    0.52184942E-02   -0.26428383E-01    0.00000000E+00    0.22859988E+04    0.10932068E+03    0.62989895E+00   -0.10231578E-01   -0.10567897E-01
  0.0800   -0.35619516E+05   -0.10577213E+06    0.28485527E+05   -0.57656341E+01   -0.10446709E-01   -0.98080728E-01   -0.13284927E+02   -0.16255210E+05   -0.14552619E+04   -0.63252798E+01   -0.18531176E-02    0.26239084E-02    0.00000000E+00    0.10075283E+06    0.69048723E+04    0.23579193E+00    0.34713913E-02   -0.17771035E-01    0.00000000E+00    0.14323494E+04    0.16671899E+03    0.42261887E+00   -0.67630754E-02   -0.72759764E-02
  0.0900   -0.28578519E+05   -0.83410424E+05    0.23604003E+05   -0.46199451E+01   -0.73097677E-02   -0.79926070E-01   -0.19795103E+02   -0.11355168E+05   -0.95017045E+03   -0.50047318E+01   -0.12099419E-02    0.17132006E-02    0.00000000E+00    0.79825960E+05    0.48464561E+04    0.28945643E+00    0.24030822E-02   -0.12506750E-01    0.00000000E+00    0.93204255E+03    0.21345641E+03    0.29714985E+00   -0.46464813E-02   -0.53031671E-02
  0.1000   -0.23430358E+05   -0.67451898E+05    0.19836557E+05   -0.37861575E+01   -0.53006450E-02   -0.66326624E-01   -0.23108821E+02   -0.82189221E+04   -0.62403941E+03   -0.40576543E+01   -0.79465131E-03    0.11251686E-02    0.00000000E+00    0.64798806E+05    0.35265088E+04    0.32147543E+00    0.17196369E-02   -0.91294562E-02    0.00000000E+00    0.60934281E+03    0.23839491E+03    0.21677201E+00   -0.32956282E-02   -0.40290359E-02
  0.1100   -0.19553452E+05   -0.55672402E+05    0.16878909E+05   -0.31607241E+01   -0.39613720E-02   -0.55888325E-01   -0.23817426E+02   -0.61290266E+04   -0.39893082E+03   -0.33555582E+01   -0.50800098E-03    0.71928581E-03    0.00000000E+00    0.53649921E+05    0.26455727E+04    0.34099746E+00    0.12686730E-02   -0.68702728E-02    0.00000000E+00    0.38677788E+03    0.24087056E+03    0.16286457E+00   -0.24068327E-02   -0.31478565E-02
  0.1200   -0.16561886E+05   -0.46732794E+05    0.14518547E+05   -0.26797014E+01   -0.30404887E-02   -0.47705929E-01   -0.22476283E+02   -0.46919122E+04   -0.23774049E+03   -0.28207834E+01   -0.30274346E-03    0.42865092E-03    0.00000000E+00    0.45152494E+05    0.20390812E+04    0.35295866E+00    0.96512030E-03   -0.53079910E-02    0.00000000E+00    0.22752495E+03    0.22396259E+03    0.12531139E+00   -0.18106770E-02   -0.24996845E-02
  0.1300   -0.14205872E+05   -0.39788478E+05    0.12606375E+05   -0.23018892E+01   -0.23914763E-02   -0.41174235E-01   -0.19620729E+02   -0.36785483E+04   -0.12147705E+03   -0.24041646E+01   -0.15469480E-03    0.21902208E-03    0.00000000E+00    0.38527588E+05    0.16110677E+04    0.36016958E+00    0.75833180E-03   -0.41980215E-02    0.00000000E+00    0.11277081E+03    0.19216317E+03    0.98303261E-01   -0.14063692E-02   -0.19975477E-02
  0.1400   -0.12317953E+05   -0.34285883E+05    0.11036536E+05   -0.19997787E+01   -0.19245417E-02   -0.35877783E-01   -0.15763417E+02   -0.29488098E+04   -0.39505206E+02   -0.20733526E+01   -0.50312833E-04    0.71222568E-04    0.00000000E+00    0.33261744E+05    0.13026720E+04    0.36430178E+00    0.61640699E-03   -0.33911853E-02    0.00000000E+00    0.31997372E+02    0.15040510E+03    0.78348846E-01   -0.11304671E-02   -0.15931794E-02
  0.1500   -0.10782437E+05   -0.29850287E+05    0.97327611E+04   -0.17544376E+01   -0.15822366E-02   -0.31524493E-01   -0.11382704E+02   -0.24132294E+04    0.14925708E+02   -0.18063563E+01    0.18998999E-04   -0.26919049E-04    0.00000000E+00    0.29005665E+05    0.10762060E+04    0.36638580E+00    0.51826512E-03   -0.27926182E-02    0.00000000E+00   -0.21466342E+02    0.10355236E+03    0.63268333E-01   -0.94107269E-03   -0.12596453E-02
  0.1600   -0.95172821E+04   -0.26221006E+05    0.86392275E+04   -0.15524922E+01   -0.13264645E-02   -0.27904530E-01   -0.69076750E+01   -0.20126111E+04    0.46810087E+02   -0.15878016E+01    0.59600522E-04   -0.84407908E-04    0.00000000E+00    0.25515284E+05    0.90665775E+03    0.36707646E+00    0.44943973E-03   -0.23398386E-02    0.00000000E+00   -0.52559025E+02    0.56072780E+02    0.51655408E-01   -0.80945123E-03   -0.98195578E-03
  0.1700   -0.84629565E+04   -0.23212397E+05    0.77143915E+04   -0.13842798E+01   -0.11312395E-02   -0.24864103E-01   -0.27034217E+01   -0.17066643E+04    0.60397330E+02   -0.14066756E+01    0.76902534E-04   -0.10890623E-03    0.00000000E+00    0.22616104E+05    0.77695404E+03    0.36680098E+00    0.39975325E-03   -0.19904993E-02    0.00000000E+00   -0.65490173E+02    0.11804604E+02    0.42575942E-01   -0.71539876E-03   -0.75171491E-03
  0.1800   -0.75753820E+04   -0.20689546E+05    0.69267943E+04   -0.12426791E+01   -0.97848537E-03   -0.22288353E-01    0.94099905E+00   -0.14674091E+04    0.59637110E+02   -0.12549197E+01    0.75935030E-04   -0.10753497E-03    0.00000000E+00    0.20180856E+05    0.67521163E+03    0.36584492E+00    0.36197809E-03   -0.17152701E-02    0.00000000E+00   -0.64180263E+02   -0.26207840E+02    0.35392285E-01   -0.64457863E-03   -0.56395178E-03
  0.1900   -0.68213320E+04   -0.18552643E+05    0.62521720E+04   -0.11223500E+01   -0.85550436E-03   -0.20089937E-01    0.38204086E+01   -0.12752023E+04    0.48325990E+02   -0.11265253E+01    0.61531809E-04   -0.87140207E-04    0.00000000E+00    0.18115069E+05    0.59307970E+03    0.36440377E+00    0.33103009E-03   -0.14935441E-02    0.00000000E+00   -0.52404086E+02   -0.55814268E+02    0.29657462E-01   -0.58691485E-03   -0.41520560E-03
  0.2000   -0.61753611E+04   -0.16726649E+05    0.56714492E+04   -0.10192257E+01   -0.75338858E-03   -0.18201262E-01    0.58162781E+01   -0.11162469E+04    0.30095760E+02   -0.10169372E+01    0.38318024E-04   -0.54269779E-04    0.00000000E+00    0.16347498E+05    0.52469905E+03    0.36261465E+00    0.30345136E-03   -0.13107539E-02    0.00000000E+00   -0.33776929E+02   -0.75794827E+02    0.25049515E-01   -0.53556646E-03   -0.30238822E-03
  0.2100   -0.56177121E+04   -0.15154306E+05    0.51693363E+04   -0.93016672E+00   -0.66597725E-03   -0.16569131E-01    0.68941818E+01   -0.98096129E+03    0.83235637E+01   -0.92265107E+00    0.10594063E-04   -0.15012882E-04    0.00000000E+00    0.14823625E+05    0.46601846E+03    0.36057634E+00    0.27705209E-03   -0.11566258E-02    0.00000000E+00   -0.11663239E+02   -0.85834510E+02    0.21329986E-01   -0.48621447E-03   -0.22214974E-03
  0.2200   -0.51328608E+04   -0.13791299E+05    0.47333484E+04   -0.85271900E+00   -0.58913678E-03   -0.15151000E-01    0.70961862E+01   -0.86286022E+03   -0.13986919E+02   -0.84093557E+00   -0.17815533E-04    0.25214386E-04    0.00000000E+00    0.13501144E+05    0.41432188E+03    0.35836199E+00    0.25063775E-03   -0.10239987E-02    0.00000000E+00    0.10943199E+02   -0.86440665E+02    0.18317278E-01   -0.43651886E-03   -0.17058934E-03
  0.2300   -0.47084850E+04   -0.12602848E+05    0.43531192E+04   -0.78494315E+00   -0.52023572E-03   -0.13912346E-01    0.65288661E+01   -0.75774392E+03   -0.34321386E+02   -0.76963763E+00   -0.43708874E-04    0.61878813E-04    0.00000000E+00    0.12346776E+05    0.36788309E+03    0.35602723E+00    0.22378297E-03   -0.90798731E-03    0.00000000E+00    0.31535883E+02   -0.78812275E+02    0.15869309E-01   -0.38567009E-03   -0.14320884E-03
  0.2400   -0.43347218E+04   -0.11561276E+05    0.40199264E+04   -0.72529073E+00   -0.45774117E-03   -0.12824804E-01    0.53479789E+01   -0.66308235E+03   -0.50747077E+02   -0.70704286E+00   -0.64624943E-04    0.91495402E-04    0.00000000E+00    0.11333988E+05    0.32570003E+03    0.35361551E+00    0.19663235E-03   -0.80536429E-03    0.00000000E+00    0.48188266E+02   -0.64672778E+02    0.13872335E-01   -0.33399115E-03   -0.13502922E-03
  0.2500   -0.40036223E+04   -0.10644247E+05    0.37263642E+04   -0.67251378E+00   -0.40089660E-03   -0.11864833E-01    0.37410453E+01   -0.57752735E+03   -0.61968423E+02   -0.65177416E+00   -0.78913843E-04    0.11172830E-03    0.00000000E+00    0.10441340E+05    0.28728205E+03    0.35116131E+00    0.16971948E-03   -0.71408655E-03    0.00000000E+00    0.59609766E+02   -0.46080403E+02    0.12233652E-01   -0.28257775E-03   -0.14081415E-03
  0.2600   -0.37087439E+04   -0.98334865E+04    0.34661198E+04   -0.62559753E+00   -0.34945750E-03   -0.11012768E-01    0.19092092E+01   -0.50051692E+03   -0.67339747E+02   -0.60271679E+00   -0.85753344E-04    0.12141335E-03    0.00000000E+00    0.96512719E+04    0.25247527E+03    0.34869230E+00    0.14380227E-03   -0.63292277E-03    0.00000000E+00    0.65158744E+02   -0.25231029E+02    0.10876960E-01   -0.23297010E-03   -0.15534835E-03
  0.2700   -0.34448404E+04   -0.91138451E+04    0.32338199E+04   -0.58370986E+00   -0.30347401E-03   -0.10252127E-01    0.49737428E-01   -0.43195209E+03   -0.66834017E+02   -0.55896214E+00   -0.85109246E-04    0.12050161E-03    0.00000000E+00    0.89492224E+04    0.22131879E+03    0.34623061E+00    0.11971768E-03   -0.56115633E-03    0.00000000E+00    0.64811461E+02   -0.42684490E+01    0.97393465E-02   -0.18686267E-03   -0.17373104E-03
  0.2800   -0.32076210E+04   -0.84726104E+04    0.30249222E+04   -0.54616283E+00   -0.26311498E-03   -0.95691071E-02   -0.16595996E+01   -0.37193704E+03   -0.60971078E+02   -0.51976490E+00   -0.77643275E-04    0.10993060E-03    0.00000000E+00    0.83229755E+04    0.19392839E+03    0.34379364E+00    0.98257422E-04   -0.49835167E-03    0.00000000E+00    0.59090461E+02    0.14884431E+02    0.87693655E-02   -0.14585652E-03   -0.19164758E-03
  0.2900   -0.29935610E+04   -0.78990081E+04    0.28356335E+04   -0.51238316E+00   -0.22853141E-03   -0.89521881E-02   -0.30732157E+01   -0.32057780E+03   -0.50712401E+02   -0.48450997E+00   -0.64579968E-04    0.91433697E-04    0.00000000E+00    0.77621830E+04    0.17040614E+03    0.34139458E+00    0.80069969E-04   -0.44417432E-03    0.00000000E+00    0.48959444E+02    0.30662182E+02    0.79256775E-02   -0.11126388E-03   -0.20559424E-03
  0.3000   -0.27997496E+04   -0.73838363E+04    0.26628408E+04   -0.48188947E+00   -0.19975819E-03   -0.83918285E-02   -0.40867197E+01   -0.27783693E+03   -0.37331998E+02   -0.45268654E+00   -0.47541399E-04    0.67308256E-04    0.00000000E+00    0.72580133E+04    0.15077526E+03    0.33904285E+00    0.65590567E-04   -0.39826048E-03    0.00000000E+00    0.35694271E+02    0.41953119E+02    0.71760291E-02   -0.83968473E-04   -0.21303473E-03
  0.3100   -0.26237668E+04   -0.69192003E+04    0.25040465E+04   -0.45427449E+00   -0.17665172E-03   -0.78802008E-02   -0.46418142E+01   -0.24344153E+03   -0.22274711E+02   -0.42386768E+00   -0.28367660E-04    0.40159154E-04    0.00000000E+00    0.68028944E+04    0.13493929E+03    0.33674440E+00    0.55000630E-04   -0.36013200E-03    0.00000000E+00    0.20741334E+02    0.48150659E+02    0.64963397E-02   -0.64344495E-04   -0.21247712E-03
  0.3200   -0.24635840E+04   -0.64983166E+04    0.23573011E+04   -0.42919130E+00   -0.15886266E-03   -0.74109584E-02   -0.47270014E+01   -0.21684065E+03   -0.70136153E+01   -0.39769393E+00   -0.89343460E-05    0.12642622E-04    0.00000000E+00    0.63903233E+04    0.12266397E+03    0.33450218E+00    0.48216416E-04   -0.32915196E-03    0.00000000E+00    0.55750063E+01    0.49159016E+02    0.58697387E-02   -0.52234730E-04   -0.20346950E-03
  0.3300   -0.23174817E+04   -0.61153679E+04    0.22211320E+04   -0.40634238E+00   -0.14583836E-03   -0.69790179E-02   -0.43743494E+01   -0.19720658E+03    0.70822770E+01   -0.37386035E+00    0.90151541E-05   -0.12773047E-04    0.00000000E+00    0.60147227E+04    0.11357939E+03    0.33231647E+00    0.44904200E-04   -0.30451599E-03    0.00000000E+00   -0.84345931E+01    0.45356100E+02    0.52855997E-02   -0.46980350E-04   -0.18651567E-03
  0.3400   -0.21839838E+04   -0.57653899E+04    0.20944661E+04   -0.38547121E+00   -0.13685128E-03   -0.65803508E-02   -0.36528730E+01   -0.18347290E+03    0.18860209E+02   -0.35210594E+00    0.24013053E-04   -0.34009250E-04    0.00000000E+00    0.56713290E+04    0.10719900E+03    0.33018549E+00    0.44518314E-04   -0.28527299E-03    0.00000000E+00   -0.20133762E+02    0.37519753E+02    0.47383933E-02   -0.47498333E-04   -0.16292561E-03
  0.3600   -0.19498105E+04   -0.51482056E+04    0.18668676E+04   -0.34880180E+00   -0.12750316E-03   -0.58708094E-02   -0.15073037E+01   -0.16866061E+03    0.32406712E+02   -0.31396223E+00    0.41263223E-04   -0.58434088E-04    0.00000000E+00    0.50656370E+04    0.10022186E+03    0.32607305E+00    0.49623953E-04   -0.25870260E-03    0.00000000E+00   -0.33542172E+02    0.14229875E+02    0.37513464E-02   -0.60073298E-04   -0.10385066E-03
  0.3700   -0.18469829E+04   -0.48745465E+04    0.17650627E+04   -0.33264151E+00   -0.12529804E-03   -0.55554076E-02   -0.31584679E+00   -0.16492892E+03    0.33546269E+02   -0.29720398E+00    0.42714323E-04   -0.60488765E-04    0.00000000E+00    0.47971046E+04    0.98393847E+02    0.32408226E+00    0.53507888E-04   -0.24919489E-03    0.00000000E+00   -0.34621060E+02    0.13396773E+01    0.33155052E-02   -0.68927050E-04   -0.73048487E-04
  0.3800   -0.17524020E+04   -0.46207989E+04    0.16708651E+04   -0.31772722E+00   -0.12357234E-03   -0.52638888E-02    0.80171273E+00   -0.16197397E+03    0.31110747E+02   -0.28177781E+00    0.39613096E-04   -0.56097254E-04    0.00000000E+00    0.45481633E+04    0.96894542E+02    0.32212854E+00    0.57241461E-04   -0.24084880E-03    0.00000000E+00   -0.32129694E+02   -0.10703652E+02    0.29223592E-02   -0.77422938E-04   -0.44493794E-04
  0.3900   -0.16652287E+04   -0.43850093E+04    0.15840287E+04   -0.30393006E+00   -0.12158792E-03   -0.49947573E-02    0.17474718E+01   -0.15873827E+03    0.25631369E+02   -0.26754759E+00    0.32635800E-04   -0.46217572E-04    0.00000000E+00    0.43168950E+04    0.95231708E+02    0.32020745E+00    0.60165747E-04   -0.23280890E-03    0.00000000E+00   -0.26598803E+02   -0.20832699E+02    0.25748200E-02   -0.84247481E-04   -0.20156929E-04
  0.4000   -0.15846952E+04   -0.41655952E+04    0.15042808E+04   -0.29113734E+00   -0.11877219E-03   -0.47466021E-02    0.24466589E+01   -0.15440087E+03    0.17876646E+02   -0.25439165E+00    0.22761139E-04   -0.32235292E-04    0.00000000E+00    0.41017315E+04    0.93023772E+02    0.31831533E+00    0.61776328E-04   -0.22440574E-03    0.00000000E+00   -0.18796457E+02   -0.28236790E+02    0.22746740E-02   -0.88395607E-04   -0.15268137E-05
  0.4100   -0.15101007E+04   -0.39612694E+04    0.14312872E+04   -0.27925058E+00   -0.11474720E-03   -0.45180165E-02    0.28527351E+01   -0.14841784E+03    0.87661866E+01   -0.24220105E+00    0.11160099E-04   -0.15808549E-04    0.00000000E+00    0.39013847E+04    0.90019077E+02    0.31644956E+00    0.61753931E-04   -0.21518437E-03    0.00000000E+00   -0.96418703E+01   -0.32416685E+02    0.20220428E-02   -0.89232683E-04    0.10495307E-04
  0.4200   -0.14408088E+04   -0.37709676E+04    0.13646315E+04   -0.26818371E+00   -0.10934076E-03   -0.43075478E-02    0.29496279E+01   -0.14053783E+03   -0.72308064E+00   -0.23087840E+00   -0.92328848E-06    0.13012258E-05    0.00000000E+00    0.37147802E+04    0.86103339E+02    0.31460863E+00    0.59977162E-04   -0.20491461E-03    0.00000000E+00   -0.11161912E+00   -0.33207848E+02    0.18151825E-02   -0.86518664E-04    0.15643291E-04
  0.4300   -0.13762473E+04   -0.35937817E+04    0.13038106E+04   -0.25786157E+00   -0.10258016E-03   -0.41136755E-02    0.27510892E+01   -0.13079251E+03   -0.96495524E+01   -0.22033686E+00   -0.12290051E-04    0.17396219E-04    0.00000000E+00    0.35409956E+04    0.81295232E+02    0.31279215E+00    0.56517077E-04   -0.19358284E-03    0.00000000E+00    0.88530081E+01   -0.30772260E+02    0.16504074E-02   -0.80399248E-04    0.14269768E-04
  0.4400   -0.13159087E+04   -0.34289007E+04    0.12482435E+04   -0.24821846E+00   -0.94669228E-04   -0.39348155E-02    0.22974148E+01   -0.11946407E+03   -0.17190368E+02   -0.21049946E+00   -0.21892347E-04    0.30992791E-04    0.00000000E+00    0.33792073E+04    0.75731080E+02    0.31100075E+00    0.51615432E-04   -0.18136670E-03    0.00000000E+00    0.16429430E+02   -0.25561492E+02    0.15223411E-02   -0.71360100E-04    0.72783004E-05
  0.4500   -0.12593500E+04   -0.32755630E+04    0.11972908E+04   -0.23919679E+00   -0.85951967E-04   -0.37693455E-02    0.16499828E+01   -0.10703361E+03   -0.22708777E+02   -0.20129844E+00   -0.28919314E-04    0.40942880E-04    0.00000000E+00    0.32286461E+04    0.69640585E+02    0.30923587E+00    0.45648929E-04   -0.16859616E-03    0.00000000E+00    0.21981140E+02   -0.18256078E+02    0.14242706E-02   -0.60157003E-04   -0.39932723E-05
  0.4600   -0.12061915E+04   -0.31330197E+04    0.11502840E+04   -0.23074592E+00   -0.76866678E-04   -0.36156465E-02    0.88423087E+00   -0.94116127E+02   -0.25800439E+02   -0.19267459E+00   -0.32856230E-04    0.46517277E-04    0.00000000E+00    0.30885641E+04    0.63316165E+02    0.30749947E+00    0.39084077E-04   -0.15570431E-03    0.00000000E+00    0.25104014E+02   -0.96880357E+01    0.13486359E-02   -0.47725674E-04   -0.17921012E-04
  0.4700   -0.11561143E+04   -0.30005107E+04    0.11065574E+04   -0.22282103E+00   -0.67895173E-04   -0.34721527E-02    0.81794067E-01   -0.81388423E+02   -0.26315775E+02   -0.18457657E+00   -0.33512328E-04    0.47446577E-04    0.00000000E+00    0.29582124E+04    0.57078979E+02    0.30579377E+00    0.32427020E-04   -0.14317304E-03    0.00000000E+00    0.25648657E+02   -0.75446432E+00    0.12876534E-02   -0.35080116E-04   -0.32759052E-04
  0.4800   -0.11088555E+04   -0.28772540E+04    0.10654825E+04   -0.21538211E+00   -0.59511525E-04   -0.33374045E-02   -0.67744011E+00   -0.69516647E+02   -0.24357776E+02   -0.17696020E+00   -0.31019083E-04    0.43916156E-04    0.00000000E+00    0.28368303E+04    0.51244777E+02    0.30412091E+00    0.26172739E-04   -0.13147875E-03    0.00000000E+00    0.23718223E+02    0.76695111E+01    0.12338566E-02   -0.23212121E-04   -0.46806912E-04
  0.4900   -0.10642025E+04   -0.27624456E+04    0.10264991E+04   -0.20839312E+00   -0.52134799E-04   -0.32100978E-02   -0.13226389E+01   -0.59089947E+02   -0.20256895E+02   -0.16978761E+00   -0.25796957E-04    0.36522168E-04    0.00000000E+00    0.27236448E+04    0.46092636E+02    0.30248271E+00    0.20758544E-04   -0.12104269E-03    0.00000000E+00    0.19643299E+02    0.14810567E+02    0.11806588E-02   -0.12998237E-04   -0.58562059E-04
  0.5000   -0.10219851E+04   -0.26552692E+04    0.98914104E+03   -0.20182124E+00   -0.46090969E-04   -0.30891241E-02   -0.17980694E+01   -0.50565723E+02   -0.14526579E+02   -0.16302634E+00   -0.18500049E-04    0.26190101E-04    0.00000000E+00    0.26178782E+04    0.41839166E+02    0.30088038E+00    0.16526091E-04   -0.11218960E-03    0.00000000E+00    0.13937451E+02    0.20062980E+02    0.11227973E-02   -0.51231702E-05   -0.66845727E-04
  0.5500   -0.84334872E+03   -0.22069030E+04    0.81843014E+03   -0.17422940E+00   -0.38364466E-04   -0.25562158E-02   -0.11048615E+01   -0.39925607E+02    0.15630130E+02   -0.13451929E+00    0.19901184E-04   -0.28183974E-04    0.00000000E+00    0.21748845E+04    0.35689567E+02    0.29339645E+00    0.16017484E-04   -0.93779333E-04    0.00000000E+00   -0.16116102E+02    0.12501390E+02    0.69782257E-03   -0.67325931E-05   -0.45192372E-04
  0.6000   -0.71000417E+03   -0.18537622E+04    0.67793550E+03   -0.15328518E+00   -0.46381732E-04   -0.21320097E-02    0.15289540E+01   -0.51698797E+02    0.96297666E+01   -0.11306170E+00    0.12260616E-04   -0.17364784E-04    0.00000000E+00    0.18270046E+04    0.40169356E+02    0.28659564E+00    0.29012177E-04   -0.94566440E-04    0.00000000E+00   -0.10038106E+02   -0.16119868E+02    0.24669865E-03   -0.34909831E-04    0.14681977E-04
  0.6500   -0.60783725E+03   -0.15712869E+04    0.58039943E+03   -0.13686026E+00   -0.36552112E-04   -0.18221162E-02    0.10039182E+01   -0.38315955E+02   -0.13163502E+02   -0.96502929E-01   -0.16763911E-04    0.23732814E-04    0.00000000E+00    0.15494009E+04    0.32846621E+02    0.28019605E+00    0.22729226E-04   -0.78321436E-04    0.00000000E+00    0.12815062E+02   -0.99260550E+01    0.12029844E-03   -0.24194513E-04    0.63424008E-05
  0.7000   -0.52429394E+03   -0.13571008E+04    0.51025425E+03   -0.12375013E+00   -0.18873768E-04   -0.15886404E-02   -0.10183748E+01   -0.13880513E+02   -0.79014896E+01   -0.83181426E-01   -0.10063197E-04    0.14245263E-04    0.00000000E+00    0.13378302E+04    0.20401761E+02    0.27419434E+00    0.76827070E-05   -0.55082089E-04    0.00000000E+00    0.76012333E+01    0.12448371E+02    0.15947928E-03    0.43130089E-05   -0.33983660E-04
  0.7500   -0.45537080E+03   -0.11903033E+04    0.44336641E+03   -0.11324655E+00   -0.18302135E-04   -0.13822923E-02   -0.53327313E+00   -0.13627460E+02    0.10371128E+02   -0.72324763E-01    0.13204936E-04   -0.18701219E-04    0.00000000E+00    0.11723654E+04    0.19463202E+02    0.26868839E+00    0.91014528E-05   -0.50775924E-04    0.00000000E+00   -0.10632121E+02    0.71192706E+01    0.36699546E-04    0.10194371E-06   -0.21800066E-04
  0.8000   -0.40082603E+03   -0.10455319E+04    0.38254097E+03   -0.10469266E+00   -0.25907188E-04   -0.12027716E-02    0.11235773E+01   -0.24901145E+02    0.58653033E+01   -0.63590941E-01    0.74673861E-05   -0.10576868E-04    0.00000000E+00    0.10296135E+04    0.24036402E+02    0.26357724E+00    0.18213679E-04   -0.55732874E-04    0.00000000E+00   -0.60947160E+01   -0.10954748E+02   -0.15248642E-03   -0.19323773E-04    0.14377854E-04
  0.8500   -0.35669380E+03   -0.92079057E+03    0.34053274E+03   -0.97529862E-01   -0.20890381E-04   -0.10685190E-02    0.71105884E+00   -0.18302744E+02   -0.90184278E+01   -0.56439240E-01   -0.11485199E-04    0.16259454E-04    0.00000000E+00    0.90709373E+03    0.20235599E+02    0.25869486E+00    0.14362713E-04   -0.47890894E-04    0.00000000E+00    0.88148701E+01   -0.62229420E+01   -0.16321334E-03   -0.12681118E-04    0.64633908E-05
  0.9000   -0.31801900E+03   -0.82328529E+03    0.31001620E+03   -0.91486276E-01   -0.10363131E-04   -0.96410941E-03   -0.64421667E+00   -0.38945290E+01   -0.49137914E+01   -0.50316659E-01   -0.62583516E-05    0.88586334E-05    0.00000000E+00    0.81061382E+03    0.12813483E+02    0.25405212E+00    0.47708891E-05   -0.34649023E-04    0.00000000E+00    0.47323662E+01    0.87393734E+01   -0.89493824E-04    0.55610854E-05   -0.21325074E-04
  0.9500   -0.28434899E+03   -0.74459548E+03    0.27682016E+03   -0.86430692E-01   -0.11302009E-04   -0.86292265E-03   -0.25430073E+00   -0.56671932E+01    0.75720750E+01   -0.45064859E-01    0.96410759E-05   -0.13653959E-04    0.00000000E+00    0.73232439E+03    0.13088932E+02    0.24972480E+00    0.64655858E-05   -0.33801729E-04    0.00000000E+00   -0.77345177E+01    0.44466945E+01   -0.14351013E-03    0.13298583E-05   -0.12350131E-04
  1.0000   -0.25701417E+03   -0.67129025E+03    0.24456213E+03   -0.82145909E-01   -0.17329032E-04   -0.76970977E-03    0.90062291E+00   -0.14596467E+02    0.38492074E+01   -0.40693072E-01    0.49004611E-05   -0.69413949E-05    0.00000000E+00    0.66007268E+03    0.16788084E+02    0.24564962E+00    0.13095121E-04   -0.38552413E-04    0.00000000E+00   -0.39958517E+01   -0.81767172E+01   -0.25004224E-03   -0.12686526E-04    0.12468654E-04
  1.1000   -0.21318693E+03   -0.55298455E+03    0.20779995E+03   -0.75139651E-01   -0.67796841E-05   -0.64606379E-03   -0.42975861E+00   -0.42408487E+00   -0.32738243E+01   -0.33678536E-01   -0.41698039E-05    0.59019206E-05    0.00000000E+00    0.54353300E+03    0.91846548E+01    0.23794379E+00    0.34482109E-05   -0.24807830E-04    0.00000000E+00    0.31525229E+01    0.65898586E+01   -0.16626601E-03    0.53000690E-05   -0.14973237E-04
  1.2000   -0.17867062E+03   -0.46778508E+03    0.16929647E+03   -0.69900519E-01   -0.12848790E-04   -0.53367923E-03    0.76130586E+00   -0.96510667E+01    0.26389151E+01   -0.28255077E-01    0.33594695E-05   -0.47589947E-05    0.00000000E+00    0.45910621E+03    0.12770750E+02    0.23100780E+00    0.10152150E-04   -0.29136298E-04    0.00000000E+00   -0.27406265E+01   -0.64679240E+01   -0.26853048E-03   -0.91961614E-05    0.10702020E-04
  1.3000   -0.15274339E+03   -0.39738875E+03    0.14872221E+03   -0.65750733E-01   -0.49611366E-05   -0.46249612E-03   -0.29255100E+00    0.93499932E+00   -0.22648192E+01   -0.24108339E-01   -0.28847960E-05    0.40827847E-05    0.00000000E+00    0.38980652E+03    0.71076922E+01    0.22454971E+00    0.27153843E-05   -0.19151005E-04    0.00000000E+00    0.21780807E+01    0.52026696E+01   -0.18896245E-03    0.47573525E-05   -0.11248349E-04
  1.4000   -0.13134724E+03   -0.34490728E+03    0.12383919E+03   -0.62533470E-01   -0.10158723E-04   -0.39114256E-03    0.66660520E+00   -0.69093026E+01    0.18523757E+01   -0.20755628E-01    0.23579652E-05   -0.33407578E-05    0.00000000E+00    0.33779957E+03    0.10238336E+02    0.21865312E+00    0.82492994E-05   -0.23248329E-04    0.00000000E+00   -0.19270111E+01   -0.53201505E+01   -0.26284976E-03   -0.70983460E-05    0.92687784E-05
  1.5000   -0.11475840E+03   -0.29965244E+03    0.11154660E+03   -0.59879548E-01   -0.39117019E-05   -0.34707815E-03   -0.19791817E+00    0.14834945E+01   -0.15955288E+01   -0.18103540E-01   -0.20324446E-05    0.28761043E-05    0.00000000E+00    0.29328454E+03    0.57724557E+01    0.21310230E+00    0.22529245E-05   -0.15505690E-04    0.00000000E+00    0.15304639E+01    0.42391198E+01   -0.19210059E-03    0.42122102E-05   -0.88291879E-05
  1.6000   -0.10059662E+03   -0.26502841E+03    0.94331465E+02   -0.57771733E-01   -0.83828343E-05   -0.29858794E-03    0.59825596E+00   -0.52267752E+01    0.13110901E+01   -0.15888374E-01    0.16688645E-05   -0.23646258E-05    0.00000000E+00    0.25898554E+03    0.84997364E+01    0.20797992E+00    0.69192149E-05   -0.19229715E-04    0.00000000E+00   -0.13681627E+01   -0.44995918E+01   -0.24972412E-03   -0.57166213E-05    0.81261035E-05
  2.0000   -0.64398068E+02   -0.17086097E+03    0.59680564E+02   -0.52224189E-01   -0.61958781E-05   -0.18979956E-03    0.50631554E+00   -0.33330462E+01    0.63367018E+00   -0.10164760E-01    0.80636092E-06   -0.11430874E-05    0.00000000E+00    0.16616951E+03    0.62668250E+01    0.19022595E+00    0.51809011E-05   -0.14098611E-04    0.00000000E+00   -0.67010743E+00   -0.34076177E+01   -0.22039597E-03   -0.40249988E-05    0.64583331E-05
  2.5000   -0.41249772E+02   -0.11019946E+03    0.39551632E+02   -0.48737722E-01   -0.20424005E-05   -0.12372063E-03    0.24928691E-01    0.15533285E+01   -0.18037294E+00   -0.65046124E-02   -0.23009264E-06    0.32481392E-06    0.00000000E+00    0.10650952E+03    0.28796846E+01    0.17259056E+00    0.12653406E-05   -0.75938365E-05    0.00000000E+00    0.15711446E+00    0.19399695E+01   -0.15703514E-03    0.23843994E-05   -0.35838004E-05
  3.0000   -0.28617161E+02   -0.77324825E+02    0.25689448E+02   -0.46941939E-01   -0.37152921E-05   -0.82747339E-04    0.38925490E+00   -0.14782929E+01   -0.87018108E-01   -0.45122494E-02   -0.11115595E-06    0.15655005E-06    0.00000000E+00    0.74231816E+02    0.35906738E+01    0.15833877E+00    0.30496474E-05   -0.79968455E-05    0.00000000E+00    0.70923068E-01   -0.20408553E+01   -0.16478987E-03   -0.21273422E-05    0.41512270E-05
  4.0000   -0.16095065E+02   -0.44273191E+02    0.13984473E+02   -0.45291555E-01   -0.26088427E-05   -0.45631237E-04    0.33137566E+00   -0.75713280E+00   -0.33396637E+00   -0.25339265E-02   -0.42551831E-06    0.60190923E-06    0.00000000E+00    0.41912170E+02    0.23531987E+01    0.13612829E+00    0.20422215E-05   -0.51972532E-05    0.00000000E+00    0.32496967E+00   -0.13772475E+01   -0.13097952E-03   -0.12825537E-05    0.29544657E-05
  5.0000   -0.10302359E+02   -0.28836915E+02    0.86720757E+01   -0.44673323E-01   -0.19706059E-05   -0.28649727E-04    0.29580069E+00   -0.36460179E+00   -0.41945421E+00   -0.16181022E-02   -0.53431152E-06    0.75611422E-06    0.00000000E+00    0.26897852E+02    0.16354474E+01    0.11922513E+00    0.14482770E-05   -0.35830791E-05    0.00000000E+00    0.41373390E+00   -0.97432470E+00   -0.10883347E-03   -0.78918617E-06    0.22082654E-05
  6.0000   -0.71566565E+01   -0.20383493E+02    0.58473996E+01   -0.44445682E-01   -0.15517471E-05   -0.19540922E-04    0.27144222E+00   -0.11367693E+00   -0.43193953E+00   -0.11204162E-02   -0.55019694E-06    0.77863917E-06    0.00000000E+00    0.18718971E+02    0.11667355E+01    0.10567987E+00    0.10553921E-05   -0.25339999E-05    0.00000000E+00    0.42799462E+00   -0.70103711E+00   -0.93222835E-04   -0.46118388E-06    0.16955148E-05
  7.0000   -0.52593529E+01   -0.15250275E+02    0.41809196E+01   -0.44389506E-01   -0.12563266E-05   -0.14118675E-04    0.25389452E+00    0.59539101E-01   -0.40594207E+00   -0.82011455E-03   -0.51703881E-06    0.73181765E-06    0.00000000E+00    0.13778337E+02    0.83843898E+00    0.94451750E-01    0.77801209E-06   -0.18013952E-05    0.00000000E+00    0.40306536E+00   -0.50580310E+00   -0.81621439E-04   -0.22958695E-06    0.13264860E-05
  8.0000   -0.40266533E+01   -0.11898765E+02    0.31213501E+01   -0.44413936E-01   -0.10393911E-05   -0.10642038E-04    0.24106476E+00    0.18248099E+00   -0.35833484E+00   -0.62500787E-03   -0.45642303E-06    0.64597264E-06    0.00000000E+00    0.10569090E+02    0.59838687E+00    0.84919152E-01    0.57498684E-06   -0.12659145E-05    0.00000000E+00    0.35615026E+00   -0.36429445E+00   -0.72665948E-04   -0.62911067E-07    0.10578190E-05
  9.0000   -0.31799931E+01   -0.95896007E+01    0.24075372E+01   -0.44476120E-01   -0.87681965E-06   -0.82834636E-05    0.23180635E+00    0.26906118E+00   -0.29895367E+00   -0.49106633E-03   -0.38079009E-06    0.53892297E-06    0.00000000E+00    0.83691071E+01    0.41826766E+00    0.76680938E-01    0.42390144E-06   -0.86287399E-06    0.00000000E+00    0.29724287E+00   -0.26327192E+00   -0.65566194E-04    0.55385583E-07    0.86532587E-06
 10.0000   -0.25728956E+01   -0.79308716E+01    0.19033245E+01   -0.44553947E-01   -0.75427809E-06   -0.66097418E-05    0.22540006E+00    0.32744323E+00   -0.23434432E+00   -0.39511163E-03   -0.29851033E-06    0.42243594E-06    0.00000000E+00    0.67967131E+01    0.28122003E+00    0.69463106E-01    0.31126863E-06   -0.55388795E-06    0.00000000E+00    0.23297207E+00   -0.19449180E+00   -0.59824441E-04    0.13554882E-06    0.73389119E-06
 12.0000   -0.17788201E+01   -0.57574304E+01    0.12499125E+01   -0.44713006E-01   -0.59445731E-06   -0.44397382E-05    0.21918129E+00    0.38036787E+00   -0.10726487E+00   -0.26983867E-03   -0.13667022E-06    0.19332374E-06    0.00000000E+00    0.47511592E+01    0.96319653E-01    0.57357702E-01    0.16824646E-06   -0.12807518E-06    0.00000000E+00    0.10633296E+00   -0.13138811E+00   -0.51203077E-04    0.20826238E-06    0.61247003E-06
 16.0000   -0.98516649E+00   -0.35547146E+01    0.57777359E+00   -0.44926573E-01   -0.47445775E-06   -0.22519436E-05    0.22284859E+00    0.33141023E+00    0.66231615E-01   -0.14503276E-03    0.84283496E-07   -0.11947410E-06    0.00000000E+00    0.27078925E+01   -0.69216906E-01    0.39447049E-01    0.75091389E-07    0.28803306E-06    0.00000000E+00   -0.66727835E-01   -0.18796676E+00   -0.40735280E-04    0.13929403E-06    0.71756252E-06
 20.0000   -0.62186689E+00   -0.24689320E+01    0.24360007E+00   -0.44936256E-01   -0.45605167E-06   -0.12054727E-05    0.23217932E+00    0.22337227E+00    0.92135022E-01   -0.87778564E-04    0.11729304E-06   -0.16615484E-06    0.00000000E+00    0.17224160E+01   -0.12105850E+00    0.26795776E-01    0.78738268E-07    0.45116750E-06    0.00000000E+00   -0.92433321E-01   -0.31283438E+00   -0.34607440E-04   -0.10817339E-07    0.95159889E-06
 25.0000   -0.39653940E+00   -0.16980784E+01    0.53394003E-01   -0.44654985E-01   -0.41710153E-06   -0.58136498E-06    0.23409229E+00    0.16728774E+00    0.58334166E-02   -0.51994279E-04    0.73978945E-08   -0.10548262E-07    0.00000000E+00    0.10381734E+01   -0.16658573E+00    0.15492789E-01    0.63718859E-07    0.57620987E-06    0.00000000E+00   -0.60092600E-02   -0.36909142E+00   -0.29000554E-04   -0.84942244E-07    0.10505454E-05
 30.0000   -0.27138844E+00   -0.12542057E+01    0.60604445E-03   -0.44074984E-01   -0.33107517E-06   -0.33293963E-06    0.22399541E+00    0.21056679E+00   -0.49533121E-01   -0.32643338E-04   -0.63093610E-07    0.89292071E-07    0.00000000E+00    0.65296784E+00   -0.22619267E+00    0.74578847E-02   -0.77528011E-09    0.69509294E-06    0.00000000E+00    0.49422927E-01   -0.30093499E+00   -0.24231729E-04   -0.17085459E-07    0.90872303E-06
 40.0000   -0.12517750E+00   -0.83586132E+00   -0.45766243E-01   -0.42154268E-01   -0.24122382E-06   -0.10042671E-06    0.20880116E+00    0.22840323E+00    0.28080261E-01   -0.12365336E-04    0.35755632E-07   -0.50631608E-07    0.00000000E+00    0.30330603E+00   -0.26451746E+00   -0.25511712E-02   -0.51518790E-07    0.76225335E-06    0.00000000E+00   -0.28121890E-01   -0.24085645E+00   -0.17937732E-04    0.24924472E-07    0.76590491E-06
 50.0000   -0.56839657E-01   -0.58304009E+00   -0.81523294E-01   -0.39417136E-01   -0.22110570E-06    0.29695835E-07    0.19814734E+00    0.17735009E+00   -0.14537244E-01   -0.35781428E-05   -0.18514458E-07    0.26208501E-07    0.00000000E+00    0.99837445E-01   -0.23816168E+00   -0.76091867E-02   -0.35301252E-07    0.69738889E-06    0.00000000E+00    0.14525084E-01   -0.25590175E+00   -0.14043082E-04   -0.26533306E-07    0.76073311E-06
 60.0000   -0.95860952E-02   -0.44765357E+00   -0.63404003E-01   -0.36064960E-01   -0.16070612E-06    0.34352495E-07    0.17708323E+00    0.19658255E+00    0.52482786E-02    0.15023434E-05    0.66836360E-08   -0.94623788E-08    0.00000000E+00   -0.74935076E-03   -0.22874536E+00   -0.96719113E-02   -0.60749881E-07    0.64297153E-06    0.00000000E+00   -0.52432469E-02   -0.17749815E+00   -0.10433392E-04    0.24789414E-07    0.57085183E-06
 70.0000    0.20736283E-01   -0.34824180E+00   -0.75473662E-01   -0.32273177E-01   -0.15527541E-06    0.76914790E-07    0.16186244E+00    0.14504837E+00    0.14936465E-02    0.43501571E-05    0.19069959E-08   -0.26881181E-08    0.00000000E+00   -0.69290702E-01   -0.17660328E+00   -0.97981706E-02   -0.32147707E-07    0.51116171E-06    0.00000000E+00   -0.14788968E-02   -0.17973070E+00   -0.79371971E-05   -0.21449642E-07    0.53148108E-06
 80.0000    0.41199962E-01   -0.27357995E+00   -0.53338304E-01   -0.28199839E-01   -0.11141174E-06    0.52680357E-07    0.13875153E+00    0.15210290E+00   -0.61989843E-02    0.59922505E-05   -0.78913474E-08    0.11179456E-07    0.00000000E+00   -0.11459349E+00   -0.14663532E+00   -0.86440050E-02   -0.42867643E-07    0.40824714E-06    0.00000000E+00    0.62194099E-02   -0.10635354E+00   -0.52482890E-05    0.16974548E-07    0.34416485E-06
 90.0000    0.56900515E-01   -0.22550052E+00   -0.55305657E-01   -0.23993606E-01   -0.10401761E-06    0.66126935E-07    0.12029905E+00    0.11091778E+00    0.94101360E-02    0.70488617E-05    0.11993120E-07   -0.16956600E-07    0.00000000E+00   -0.13418465E+00   -0.90921119E-01   -0.66574054E-02   -0.18237321E-07    0.26147606E-06    0.00000000E+00   -0.93859597E-02   -0.89903909E-01   -0.32060781E-05   -0.11962055E-07    0.26462194E-06
100.0000    0.63155863E-01   -0.17333570E+00   -0.39336765E-01   -0.19794265E-01   -0.75098526E-07    0.45918675E-07    0.98112068E-01    0.10334019E+00   -0.11175470E-01    0.72668292E-05   -0.14226050E-07    0.20154614E-07    0.00000000E+00   -0.15453656E+00   -0.50037971E-01   -0.41701740E-02   -0.16620030E-07    0.13731879E-06    0.00000000E+00    0.11200462E-01   -0.32377644E-01   -0.10690162E-05    0.66384117E-08    0.10624630E-06
110.0000    0.68746516E-01   -0.14774832E+00   -0.33571201E-01   -0.15734368E-01   -0.61512462E-07    0.41767327E-07    0.78640229E-01    0.77615726E-01    0.11797846E-01    0.73905801E-05    0.15034057E-07   -0.21261311E-07    0.00000000E+00   -0.14825811E+00   -0.11476020E-02   -0.14412005E-02   -0.16321247E-08    0.18984043E-08    0.00000000E+00   -0.11772311E-01    0.94046529E-03    0.72011501E-06   -0.13031174E-08   -0.41964025E-08
120.0000    0.65334941E-01   -0.10857625E+00   -0.26402700E-01   -0.11937298E-01   -0.47233892E-07    0.33992432E-07    0.59982238E-01    0.56972023E-01   -0.11238605E-01    0.68015520E-05   -0.14307315E-07    0.20267579E-07    0.00000000E+00   -0.15067484E+00    0.43390454E-01    0.13194099E-02    0.10189074E-07   -0.12329906E-06    0.00000000E+00    0.11262156E-01    0.36471509E-01    0.23498213E-05   -0.38263183E-08   -0.11602873E-06
130.0000    0.62481541E-01   -0.92611462E-01   -0.14504124E-01   -0.85159336E-02   -0.27538260E-07    0.17082810E-07    0.41958203E-01    0.48751820E-01    0.97106565E-02    0.62618662E-05    0.12364790E-07   -0.17509463E-07    0.00000000E+00   -0.12941117E+00    0.78887723E-01    0.39384634E-02    0.13616007E-07   -0.22907735E-06    0.00000000E+00   -0.96889048E-02    0.81343751E-01    0.38637313E-05    0.86650327E-08   -0.24158415E-06
140.0000    0.52572345E-01   -0.64009748E-01   -0.16399875E-01   -0.55707001E-02   -0.27115148E-07    0.23338084E-07    0.28945968E-01    0.18739545E-01   -0.71378608E-02    0.51857268E-05   -0.90794363E-08    0.12879765E-07    0.00000000E+00   -0.11635441E+00    0.12044264E+00    0.62734078E-02    0.32854286E-07   -0.33768029E-06    0.00000000E+00    0.71558847E-02    0.92069350E-01    0.49419343E-05   -0.12992544E-07   -0.29623839E-06
150.0000    0.42733858E-01   -0.49683136E-01   -0.27843811E-03   -0.31868632E-02   -0.32432716E-08   -0.23866734E-08    0.14663018E-01    0.27944778E-01    0.35671444E-02    0.41299604E-05    0.45414366E-08   -0.64326696E-08    0.00000000E+00   -0.88166723E-01    0.13835243E+00    0.82086016E-02    0.24754120E-07   -0.40087884E-06    0.00000000E+00   -0.35527706E-02    0.14177494E+00    0.60908764E-05    0.16923816E-07   -0.41923829E-06
160.0000    0.29556550E-01   -0.31731831E-01   -0.10670882E-01   -0.14336040E-02   -0.15571597E-07    0.17256733E-07    0.88218532E-02   -0.74179637E-02    0.14265848E-02    0.28280004E-05    0.18218897E-08   -0.25669130E-08    0.00000000E+00   -0.61168059E-01    0.17147154E+00    0.96549918E-02    0.48616425E-07   -0.47890550E-06    0.00000000E+00   -0.14167456E-02    0.12688811E+00    0.65642786E-05   -0.20651809E-07   -0.41101547E-06
170.0000    0.14101852E-01   -0.11210586E-01    0.89952911E-02   -0.36089317E-03    0.11747303E-07   -0.15926171E-07   -0.23683012E-03    0.20264953E-01   -0.95561085E-02    0.13581066E-05   -0.12186121E-07    0.17212674E-07    0.00000000E+00   -0.35047740E-01    0.16846178E+00    0.10548217E-01    0.28329435E-07   -0.48993316E-06    0.00000000E+00    0.95608451E-02    0.17807418E+00    0.72769875E-05    0.26116684E-07   -0.52171788E-06
179.9000   -0.16694739E-01    0.68576148E-01    0.74141231E-01    0.57172138E-06    0.99381108E-07   -0.12870995E-06   -0.14728393E-01    0.13959475E+00   -0.16299754E+00   -0.12600099E-05   -0.20773154E-06    0.29372065E-06    0.00000000E+00   -0.61441308E-01    0.11583180E+00    0.10849725E-01   -0.55834867E-07   -0.41218446E-06    0.00000000E+00    0.16299295E+00    0.32890338E+00    0.84708664E-05    0.19681464E-06   -0.81503691E-06
180.0000    0.00000000E+00    0.00000000E+00    0.00000000E+00    0.00000000E+00    0.00000000E+00    0.00000000E+00    0.00000000E+00    0.00000000E+00    0.00000000E+00    0.00000000E+00    0.00000000E+00    0.00000000E+00    0.00000000E+00    0.00000000E+00    0.18112989E+01    0.18482642E+03    0.24838596E-05   -0.30884930E-05    0.00000000E+00    0.00000000E+00   -0.40592134E+01   -0.41420545E+03   -0.48816999E-05    0.76062269E-05
