  0.0000    0.00000000E+00    0.00000000E+00    0.00000000E+00    0.00000000E+00    0.00000000E+00    0.00000000E+00    0.00000000E+00    0.00000000E+00    0.00000000E+00    0.00000000E+00    0.00000000E+00    0.00000000E+00    0.00000000E+00    0.00000000E+00   -0.32817313E+05   -0.60764809E+02   -0.16760154E+00   -0.66641038E-01    0.00000000E+00    0.00000000E+00    0.39480203E+06    0.11995150E+03    0.33502882E+00   -0.87955597E+00
  0.0003   -0.81894923E+02   -0.81913283E+02   -0.38059986E+01   -0.10115133E-02   -0.55526286E-05    0.61562981E-05   -0.40104555E+03   -0.40975823E+03   -0.18656239E+04   -0.57003900E+00   -0.23756593E-02    0.33638208E-02    0.00000000E+00   -0.14935167E+03   -0.32811928E+05   -0.60762789E+02   -0.16759044E+00   -0.66646509E-01    0.00000000E+00    0.18636038E+04    0.39478016E+06    0.11994746E+03    0.33500663E+00   -0.87951089E+00
  0.0004   -0.10919074E+03   -0.10923426E+03   -0.67659406E+01   -0.17981960E-02   -0.98709495E-05    0.10944062E-04   -0.40097881E+03   -0.41646741E+03   -0.24873950E+04   -0.76003241E+00   -0.31674139E-02    0.44849079E-02    0.00000000E+00   -0.19911075E+03   -0.32807740E+05   -0.60761217E+02   -0.16758181E+00   -0.66650763E-01    0.00000000E+00    0.24847017E+04    0.39476315E+06    0.11994432E+03    0.33498937E+00   -0.87947583E+00
  0.0005   -0.13648442E+03   -0.13656941E+03   -0.10571222E+02   -0.28095812E-02   -0.15422575E-04    0.17099155E-04   -0.40089302E+03   -0.42509273E+03   -0.31090776E+04   -0.95000903E+00   -0.39590557E-02    0.56058352E-02    0.00000000E+00   -0.24884856E+03   -0.32802356E+05   -0.60759197E+02   -0.16757072E+00   -0.66656233E-01    0.00000000E+00    0.31057111E+04    0.39474128E+06    0.11994028E+03    0.33496717E+00   -0.87943075E+00
  0.0006   -0.16377543E+03   -0.16392229E+03   -0.15221572E+02   -0.40456207E-02   -0.22207128E-04    0.24621128E-04   -0.40078819E+03   -0.43563360E+03   -0.37306493E+04   -0.11399647E+01   -0.47505565E-02    0.67265627E-02    0.00000000E+00   -0.29855981E+03   -0.32795776E+05   -0.60756727E+02   -0.16755716E+00   -0.66662917E-01    0.00000000E+00    0.37266096E+04    0.39471456E+06    0.11993534E+03    0.33494005E+00   -0.87937567E+00
  0.0007   -0.19106324E+03   -0.19129643E+03   -0.20716664E+02   -0.55062559E-02   -0.30224150E-04    0.33509427E-04   -0.40066433E+03   -0.44808933E+03   -0.43520880E+04   -0.13298951E+01   -0.55418879E-02    0.78470504E-02    0.00000000E+00   -0.34823918E+03   -0.32788000E+05   -0.60753809E+02   -0.16754113E+00   -0.66670815E-01    0.00000000E+00    0.43473754E+04    0.39468299E+06    0.11992950E+03    0.33490800E+00   -0.87931057E+00
  0.0008   -0.21834731E+03   -0.21869537E+03   -0.27056109E+02   -0.71914173E-02   -0.39473098E-04    0.43763401E-04   -0.40052145E+03   -0.46245906E+03   -0.49733717E+04   -0.15197962E+01   -0.63330218E-02    0.89672585E-02    0.00000000E+00   -0.39788135E+03   -0.32779030E+05   -0.60750442E+02   -0.16752265E+00   -0.66679926E-01    0.00000000E+00    0.49679861E+04    0.39464655E+06    0.11992276E+03    0.33487102E+00   -0.87923547E+00
  0.0009   -0.24562711E+03   -0.24612264E+03   -0.34239458E+02   -0.91010251E-02   -0.49953344E-04    0.55382298E-04   -0.40035959E+03   -0.47874184E+03   -0.55944782E+04   -0.17096638E+01   -0.71239300E-02    0.10087147E-01    0.00000000E+00   -0.44748104E+03   -0.32768864E+05   -0.60746627E+02   -0.16750170E+00   -0.66690250E-01    0.00000000E+00    0.55884198E+04    0.39460527E+06    0.11991513E+03    0.33482912E+00   -0.87915036E+00
  0.0010   -0.27290211E+03   -0.27358178E+03   -0.42266204E+02   -0.11234988E-01   -0.61664179E-04    0.68365266E-04   -0.40017874E+03   -0.49693656E+03   -0.62153853E+04   -0.18994936E+01   -0.79145845E-02    0.11206676E-01    0.00000000E+00   -0.49703294E+03   -0.32757506E+05   -0.60742363E+02   -0.16747829E+00   -0.66701785E-01    0.00000000E+00    0.62086542E+04    0.39455914E+06    0.11990660E+03    0.33478230E+00   -0.87905526E+00
  0.0012   -0.32743558E+03   -0.32860977E+03   -0.60847557E+02   -0.16175566E-01   -0.88774361E-04    0.98419505E-04   -0.39976021E+03   -0.53905686E+03   -0.74565134E+04   -0.22790231E+01   -0.94950195E-02    0.13444497E-01    0.00000000E+00   -0.59597219E+03   -0.32731209E+05   -0.60732491E+02   -0.16742409E+00   -0.66728489E-01    0.00000000E+00    0.74484374E+04    0.39445233E+06    0.11988686E+03    0.33467390E+00   -0.87883507E+00
  0.0014   -0.38194346E+03   -0.38380751E+03   -0.82794917E+02   -0.22012211E-01   -0.12079630E-03    0.13391730E-03   -0.39926608E+03   -0.58880862E+03   -0.86965792E+04   -0.26583515E+01   -0.11074102E-01    0.15680403E-01    0.00000000E+00   -0.69465682E+03   -0.32700147E+05   -0.60720828E+02   -0.16736007E+00   -0.66760027E-01    0.00000000E+00    0.86871590E+04    0.39432615E+06    0.11986353E+03    0.33454583E+00   -0.87857494E+00
  0.0015   -0.40918647E+03   -0.41147882E+03   -0.95028948E+02   -0.25266220E-01   -0.13864652E-03    0.15370435E-03   -0.39899074E+03   -0.61654222E+03   -0.93161587E+04   -0.28479298E+01   -0.11863066E-01    0.16797539E-01    0.00000000E+00   -0.74389046E+03   -0.32682830E+05   -0.60714325E+02   -0.16732438E+00   -0.66777606E-01    0.00000000E+00    0.93060668E+04    0.39425580E+06    0.11985052E+03    0.33447444E+00   -0.87842991E+00
  0.0016   -0.43642150E+03   -0.43920309E+03   -0.10810208E+03   -0.28743817E-01   -0.15772132E-03    0.17484826E-03   -0.39869659E+03   -0.64617850E+03   -0.99354066E+04   -0.30374453E+01   -0.12651607E-01    0.17914076E-01    0.00000000E+00   -0.79304463E+03   -0.32664325E+05   -0.60707374E+02   -0.16728623E+00   -0.66796390E-01    0.00000000E+00    0.99246431E+04    0.39418062E+06    0.11983662E+03    0.33439814E+00   -0.87827492E+00
  0.0017   -0.46364801E+03   -0.46698383E+03   -0.12201339E+03   -0.32444837E-01   -0.17801942E-03    0.19734748E-03   -0.39838367E+03   -0.67771547E+03   -0.10554301E+05   -0.32268937E+01   -0.13439699E-01    0.19029976E-01    0.00000000E+00   -0.84211406E+03   -0.32644633E+05   -0.60699977E+02   -0.16724564E+00   -0.66816378E-01    0.00000000E+00    0.10542866E+05    0.39410061E+06    0.11982182E+03    0.33431694E+00   -0.87810997E+00
  0.0018   -0.49086548E+03   -0.49482452E+03   -0.13676190E+03   -0.36369105E-01   -0.19953944E-03    0.22120036E-03   -0.39805204E+03   -0.71115107E+03   -0.11172820E+05   -0.34162711E+01   -0.14227312E-01    0.20145199E-01    0.00000000E+00   -0.89109352E+03   -0.32623754E+05   -0.60692133E+02   -0.16720259E+00   -0.66837567E-01    0.00000000E+00    0.11160714E+05    0.39401577E+06    0.11980613E+03    0.33423084E+00   -0.87793507E+00
  0.0019   -0.51807337E+03   -0.52272866E+03   -0.15234656E+03   -0.40516434E-01   -0.22227992E-03    0.24640516E-03   -0.39770169E+03   -0.74648298E+03   -0.11790941E+05   -0.36055730E+01   -0.15014419E-01    0.21259705E-01    0.00000000E+00   -0.93997776E+03   -0.32601690E+05   -0.60683842E+02   -0.16715710E+00   -0.66859957E-01    0.00000000E+00    0.11778165E+05    0.39392611E+06    0.11978954E+03    0.33413986E+00   -0.87775023E+00
  0.0020   -0.54527116E+03   -0.55069971E+03   -0.16876628E+03   -0.44886628E-01   -0.24623933E-03    0.27296004E-03   -0.39733273E+03   -0.78370890E+03   -0.12408643E+05   -0.37947955E+01   -0.15800992E-01    0.22373455E-01    0.00000000E+00   -0.98876154E+03   -0.32578442E+05   -0.60675105E+02   -0.16710917E+00   -0.66883545E-01    0.00000000E+00    0.12395196E+05    0.39383163E+06    0.11977207E+03    0.33404398E+00   -0.87755545E+00
  0.0030   -0.81657804E+03   -0.83484995E+03   -0.37860772E+03   -0.10079539E+00   -0.55247751E-03    0.61228649E-03   -0.39262871E+03   -0.12595250E+04   -0.18557809E+05   -0.56817379E+01   -0.23631254E-01    0.33460734E-01    0.00000000E+00   -0.14699305E+04   -0.32281199E+05   -0.60563275E+02   -0.16649606E+00   -0.67184879E-01    0.00000000E+00    0.18537676E+05    0.39262297E+06    0.11954837E+03    0.33281761E+00   -0.87506345E+00
  0.0040   -0.10863015E+04   -0.11294492E+04   -0.67031323E+03   -0.17869684E+00   -0.97831287E-03    0.10838656E-02   -0.38612509E+03   -0.19212006E+04   -0.24641242E+05   -0.75561999E+01   -0.31377812E-01    0.44429492E-01    0.00000000E+00   -0.19353818E+04   -0.31867559E+05   -0.60407268E+02   -0.16564204E+00   -0.67603407E-01    0.00000000E+00    0.24614469E+05    0.39093890E+06    0.11923631E+03    0.33110939E+00   -0.87159073E+00
  0.0050   -0.13539321E+04   -0.14377963E+04   -0.10418359E+04   -0.27822387E+00   -0.15208826E-02    0.16842633E-02   -0.37790231E+03   -0.27643226E+04   -0.30637783E+05   -0.94141305E+01   -0.39013725E-01    0.55241580E-01    0.00000000E+00   -0.23801022E+04   -0.31339992E+05   -0.60207637E+02   -0.16455144E+00   -0.68135830E-01    0.00000000E+00    0.30604429E+05    0.38878739E+06    0.11883699E+03    0.32892793E+00   -0.86715319E+00
  0.0060   -0.16189756E+04   -0.17630352E+04   -0.14905803E+04   -0.39890966E+00   -0.21765555E-02    0.24091257E-02   -0.36806162E+03   -0.37832929E+04   -0.36526908E+05   -0.11251571E+02   -0.46512855E-01    0.65859990E-01    0.00000000E+00   -0.27992685E+04   -0.30701633E+05   -0.59965084E+02   -0.16322970E+00   -0.68777967E-01    0.00000000E+00    0.36487048E+05    0.38617857E+06    0.11835180E+03    0.32628416E+00   -0.86177107E+00
  0.0070   -0.18809566E+04   -0.21081204E+04   -0.20134289E+04   -0.54019153E+00   -0.29409689E-02    0.32532247E-02   -0.35672349E+03   -0.49713842E+04   -0.42288870E+05   -0.13064677E+02   -0.53850059E-01    0.76249119E-01    0.00000000E+00   -0.31882908E+04   -0.29956255E+05   -0.59680456E+02   -0.16168342E+00   -0.69524797E-01    0.00000000E+00    0.42242592E+05    0.38312462E+06    0.11778246E+03    0.32319124E+00   -0.85546872E+00
  0.0080   -0.21394217E+04   -0.24757840E+04   -0.26067738E+04   -0.70141555E+00   -0.38090717E-02    0.42105118E-02   -0.34402575E+03   -0.63208061E+04   -0.47904841E+05   -0.14849738E+02   -0.61001359E-01    0.86375016E-01    0.00000000E+00   -0.35428531E+04   -0.29108227E+05   -0.59354740E+02   -0.15992022E+00   -0.70370507E-01    0.00000000E+00    0.47852246E+05    0.37963972E+06    0.11713092E+03    0.31966444E+00   -0.84827443E+00
  0.0090   -0.23939423E+04   -0.28685067E+04   -0.32665529E+04   -0.88184174E+00   -0.47751747E-02    0.52741798E-02   -0.33012145E+03   -0.78227820E+04   -0.53357034E+05   -0.16603195E+02   -0.67944107E-01    0.96205611E-01    0.00000000E+00   -0.38589501E+04   -0.28162480E+05   -0.58989056E+02   -0.15794874E+00   -0.71308557E-01    0.00000000E+00    0.53298237E+05    0.37573987E+06    0.11639944E+03    0.31572101E+00   -0.84022018E+00
  0.0100   -0.26441173E+04   -0.32884909E+04   -0.39882913E+04   -0.10806501E+01   -0.58330066E-02    0.64367326E-02   -0.31517646E+03   -0.94676343E+04   -0.58628820E+05   -0.18321663E+02   -0.74657130E-01    0.10571092E+00    0.00000000E+00   -0.41329214E+04   -0.27124456E+05   -0.58584646E+02   -0.15577851E+00   -0.72331743E-01    0.00000000E+00    0.58563948E+05    0.37144277E+06    0.11559049E+03    0.31138003E+00   -0.83134140E+00
  0.0120   -0.31299767E+04   -0.42175307E+04   -0.55979481E+04   -0.15297724E+01   -0.81962321E-02    0.90255200E-02   -0.28287697E+03   -0.13143321E+05   -0.68571066E+05   -0.21641037E+02   -0.87317456E-01    0.12363732E+00    0.00000000E+00   -0.45417380E+04   -0.24795602E+05   -0.57665195E+02   -0.15088401E+00   -0.74601829E-01    0.00000000E+00    0.68494470E+05    0.36173533E+06    0.11375129E+03    0.30158987E+00   -0.81126722E+00
  0.0140   -0.35944153E+04   -0.52741927E+04   -0.73934405E+04   -0.20408800E+01   -0.10839360E-01    0.11906117E-01   -0.24861183E+03   -0.17256137E+05   -0.77625322E+05   -0.24784758E+02   -0.98847030E-01    0.13996262E+00    0.00000000E+00   -0.47479157E+04   -0.22173456E+05   -0.56608472E+02   -0.14532804E+00   -0.77112727E-01    0.00000000E+00    0.77537637E+05    0.35068736E+06    0.11163750E+03    0.29047657E+00   -0.78839210E+00
  0.0160   -0.40353892E+04   -0.64642684E+04   -0.93289710E+04   -0.26052506E+01   -0.13697981E-01    0.15002040E-01   -0.21389835E+03   -0.21706506E+05   -0.85709036E+05   -0.27733313E+02   -0.10914073E+00    0.15453798E+00    0.00000000E+00   -0.47369922E+04   -0.19314473E+05   -0.55427930E+02   -0.13921068E+00   -0.79790865E-01    0.00000000E+00    0.85610969E+05    0.33848561E+06    0.10927602E+03    0.27824033E+00   -0.76309039E+00
  0.0180   -0.44514082E+04   -0.77879084E+04   -0.11356955E+05   -0.32136003E+01   -0.16705017E-01    0.18233975E-01   -0.18019797E+03   -0.26390610E+05   -0.92764585E+05   -0.30471024E+02   -0.11812519E+00    0.16725950E+00    0.00000000E+00   -0.45016988E+04   -0.16277811E+05   -0.54138032E+02   -0.13263762E+00   -0.82559911E-01    0.00000000E+00    0.92656902E+05    0.32532783E+06    0.10669579E+03    0.26509251E+00   -0.73575908E+00
  0.0200   -0.48415240E+04   -0.92397476E+04   -0.13429724E+05   -0.38563467E+01   -0.19793077E-01    0.21522665E-01   -0.14883396E+03   -0.31204000E+05   -0.98759528E+05   -0.32986175E+02   -0.12575909E+00    0.17806868E+00    0.00000000E+00   -0.40419148E+04   -0.13123376E+05   -0.52753893E+02   -0.12571684E+00   -0.85343557E-01    0.00000000E+00    0.98643033E+05    0.31141681E+06    0.10392704E+03    0.25124909E+00   -0.70680607E+00
  0.0220   -0.52052938E+04   -0.10809282E+05   -0.15501145E+05   -0.45238673E+01   -0.22896694E-01    0.24791650E-01   -0.12092035E+03   -0.36045047E+05   -0.10368591E+06   -0.35271005E+02   -0.13203230E+00    0.18695118E+00    0.00000000E+00   -0.33643252E+04   -0.99099251E+04   -0.51290919E+02   -0.11855546E+00   -0.88068170E-01    0.00000000E+00    0.10356143E+06    0.29695465E+06    0.10100057E+03    0.23692435E+00   -0.67663884E+00
  0.0240   -0.55427255E+04   -0.12481468E+05   -0.17528085E+05   -0.52067411E+01   -0.25954365E-01    0.27969739E-01   -0.97307022E+02   -0.40818074E+05   -0.10755870E+06   -0.37321592E+02   -0.13696389E+00    0.19393401E+00    0.00000000E+00   -0.24818105E+04   -0.66933428E+04   -0.49764461E+02   -0.11125686E+00   -0.90665188E-01    0.00000000E+00    0.10742710E+06    0.28213741E+06    0.97947097E+02    0.22232503E+00   -0.64565383E+00
  0.0260   -0.58542066E+04   -0.14237504E+05   -0.19471656E+05   -0.58959667E+01   -0.28910285E-01    0.30993098E-01   -0.78543778E+02   -0.45436057E+05   -0.11041353E+06   -0.39137625E+02   -0.14059922E+00    0.19908138E+00    0.00000000E+00   -0.14126109E+04   -0.35251344E+04   -0.48189501E+02   -0.10391804E+00   -0.93073171E-01    0.00000000E+00    0.11027565E+06    0.26715039E+06    0.94796590E+02    0.20764517E+00   -0.61422700E+00
  0.0280   -0.61404246E+04   -0.16055749E+05   -0.21298198E+05   -0.65831492E+01   -0.31715729E-01    0.33806901E-01   -0.64865433E+02   -0.49822769E+05   -0.11230378E+06   -0.40722090E+02   -0.14300627E+00    0.20248957E+00    0.00000000E+00   -0.17931910E+03   -0.45120537E+03   -0.46580376E+02   -0.96627527E-01   -0.95239421E-01    0.00000000E+00    0.11216046E+06    0.25216410E+06    0.91577722E+02    0.19306184E+00   -0.58270591E+00
  0.0300   -0.64022826E+04   -0.17912709E+05   -0.22979967E+05   -0.72606499E+01   -0.34330035E-01    0.36366457E-01   -0.56197961E+02   -0.53914333E+05   -0.11329730E+06   -0.42080884E+02   -0.14427146E+00    0.20428091E+00    0.00000000E+00    0.11922394E+04    0.24890440E+04   -0.44950543E+02   -0.89463726E-01   -0.97121121E-01    0.00000000E+00    0.11314936E+06    0.23733124E+06    0.88317409E+02    0.17873185E+00   -0.55140351E+00
  0.0400   -0.73832573E+04   -0.26949882E+05   -0.28684154E+05   -0.10299098E+02   -0.43713383E-01    0.44531700E-01   -0.68412487E+02   -0.68637366E+05   -0.10775811E+06   -0.45843834E+02   -0.13721817E+00    0.19429320E+00    0.00000000E+00    0.91384524E+04    0.14306066E+05   -0.36881265E+02   -0.57483945E-01   -0.10149570E+00    0.00000000E+00    0.10759803E+06    0.16937111E+06    0.72175331E+02    0.11475957E+00   -0.40630052E+00
  0.0500   -0.79012400E+04   -0.33912321E+05   -0.29934452E+05   -0.12472150E+02   -0.46820423E-01    0.45271128E-01   -0.97338743E+02   -0.73525859E+05   -0.92464115E+05   -0.45751475E+02   -0.11774328E+00    0.16671703E+00    0.00000000E+00    0.16664179E+05    0.20765463E+05   -0.29623948E+02   -0.34028206E-01   -0.97911909E-01    0.00000000E+00    0.92305861E+05    0.11658086E+06    0.57656952E+02    0.67835078E-01   -0.29081896E+00
  0.0600   -0.80366888E+04   -0.37935726E+05   -0.28194613E+05   -0.13734510E+02   -0.45483647E-01    0.41255393E-01   -0.84163372E+02   -0.71399806E+05   -0.75064100E+05   -0.43384986E+02   -0.95586623E-01    0.13534359E+00    0.00000000E+00    0.22117571E+05    0.23027084E+05   -0.23579211E+02   -0.18460584E-01   -0.89302029E-01    0.00000000E+00    0.74915892E+05    0.78842525E+05    0.45563834E+02    0.36687460E-01   -0.20586685E+00
  0.0700   -0.78798365E+04   -0.39440281E+05   -0.24987084E+05   -0.14245569E+02   -0.41753202E-01    0.35118066E-01   -0.58784192E+02   -0.65508069E+05   -0.58999466E+05   -0.39904534E+02   -0.75130412E-01    0.10637791E+00    0.00000000E+00    0.25372069E+05    0.22726577E+05   -0.18754329E+02   -0.87141897E-02   -0.78631143E-01    0.00000000E+00    0.58865324E+05    0.52926596E+05    0.35910773E+02    0.17183433E-01   -0.14564207E+00
  0.0800   -0.75564486E+04   -0.39116347E+05   -0.21226521E+05   -0.14203625E+02   -0.36932393E-01    0.28369728E-01   -0.58425937E+02   -0.57933421E+05   -0.45512843E+05   -0.36057515E+02   -0.57956992E-01    0.82060545E-01    0.00000000E+00    0.26833385E+05    0.21006201E+05   -0.15000576E+02   -0.30230345E-02   -0.67647354E-01    0.00000000E+00    0.45394074E+05    0.35733319E+05    0.28400496E+02    0.57912352E-02   -0.10414018E+00
  0.0900   -0.71667350E+04   -0.37533315E+05   -0.17513286E+05   -0.13798661E+02   -0.31918450E-01    0.21960124E-01   -0.67636102E+02   -0.50068169E+05   -0.34982628E+05   -0.32290414E+02   -0.44548207E-01    0.63073755E-01    0.00000000E+00    0.26925892E+05    0.18667253E+05   -0.12113609E+02    0.61496281E-04   -0.57367191E-01    0.00000000E+00    0.34878919E+05    0.24539066E+05    0.22624444E+02   -0.38632789E-03   -0.75879294E-01
  0.1000   -0.67451700E+04   -0.35237415E+05   -0.14249712E+05   -0.13188352E+02   -0.27333842E-01    0.16504542E-01   -0.60936593E+02   -0.42863254E+05   -0.27051305E+05   -0.28812153E+02   -0.34448801E-01    0.48772919E-01    0.00000000E+00    0.26115496E+05    0.16285512E+05   -0.98886639E+01    0.17018631E-02   -0.48399539E-01    0.00000000E+00    0.26961582E+05    0.17068556E+05    0.18173163E+02   -0.36742427E-02   -0.56184633E-01
  0.1100   -0.63019250E+04   -0.32695983E+05   -0.11524401E+05   -0.12475470E+02   -0.23363167E-01    0.12090962E-01   -0.48201461E+02   -0.36617643E+05   -0.20989258E+05   -0.25681253E+02   -0.26729696E-01    0.37842501E-01    0.00000000E+00    0.24847487E+05    0.14104509E+05   -0.81642698E+01    0.25467380E-02   -0.40844939E-01    0.00000000E+00    0.20912236E+05    0.11948447E+05    0.14723763E+02   -0.53699567E-02   -0.42128639E-01
  0.1200   -0.58645611E+04   -0.30138190E+05   -0.92333384E+04   -0.11718236E+02   -0.19914618E-01    0.84911945E-02   -0.47990907E+02   -0.31205203E+05   -0.16316886E+05   -0.22906452E+02   -0.20780176E-01    0.29417748E-01    0.00000000E+00    0.23373731E+05    0.12134033E+05   -0.68251844E+01    0.28502601E-02   -0.34479365E-01    0.00000000E+00    0.16251244E+05    0.85265038E+04    0.12045785E+02   -0.59818597E-02   -0.32213138E-01
  0.1300   -0.54587038E+04   -0.27628630E+05   -0.73260226E+04   -0.10958160E+02   -0.16952858E-01    0.55852118E-02   -0.52982864E+02   -0.26562739E+05   -0.12830794E+05   -0.20481737E+02   -0.16341240E-01    0.23131929E-01    0.00000000E+00    0.21787700E+05    0.10389853E+05   -0.57788864E+01    0.28265633E-02   -0.29137196E-01    0.00000000E+00    0.12775230E+05    0.62631849E+04    0.99541965E+01   -0.59383321E-02   -0.25206645E-01
  0.1400   -0.50823412E+04   -0.25246681E+05   -0.58088509E+04   -0.10226553E+02   -0.14507883E-01    0.33626992E-02   -0.48795174E+02   -0.22722697E+05   -0.10247072E+05   -0.18373482E+02   -0.13051363E-01    0.18473139E-01    0.00000000E+00    0.20185180E+05    0.89231574E+04   -0.49489265E+01    0.27011956E-02   -0.24750364E-01    0.00000000E+00    0.10200405E+05    0.46362975E+04    0.82960989E+01   -0.56905772E-02   -0.19953869E-01
  0.1500   -0.47251223E+04   -0.23080707E+05   -0.46127494E+04   -0.95365858E+01   -0.12500912E-01    0.16899351E-02   -0.41118305E+02   -0.19566896E+05   -0.82179945E+04   -0.16531818E+02   -0.10467759E-01    0.14814409E-01    0.00000000E+00    0.18671532E+05    0.77064046E+04   -0.42832283E+01    0.25483475E-02   -0.21159945E-01    0.00000000E+00    0.81792229E+04    0.34148851E+04    0.69673317E+01   -0.53870700E-02   -0.15892760E-01
  0.1600   -0.43927460E+04   -0.21130134E+05   -0.36250359E+04   -0.88892593E+01   -0.10789139E-01    0.36306651E-03   -0.41324659E+02   -0.16882374E+05   -0.65941460E+04   -0.14920542E+02   -0.84001621E-02    0.11886333E-01    0.00000000E+00    0.17271738E+05    0.66570468E+04   -0.37486640E+01    0.23324340E-02   -0.18147572E-01    0.00000000E+00    0.65623956E+04    0.25820126E+04    0.59016265E+01   -0.49567212E-02   -0.12900129E-01
  0.1700   -0.40941477E+04   -0.19343963E+05   -0.28072688E+04   -0.82872118E+01   -0.93254406E-02   -0.68904617E-03   -0.44604236E+02   -0.14590260E+05   -0.53710216E+04   -0.13516596E+02   -0.68428368E-02    0.96807896E-02    0.00000000E+00    0.15956380E+05    0.57492394E+04   -0.33161961E+01    0.20814967E-02   -0.15605694E-01    0.00000000E+00    0.53455011E+04    0.20297965E+04    0.50408919E+01   -0.44556858E-02   -0.10700233E-01
  0.1800   -0.38229791E+04   -0.17719588E+05   -0.21687949E+04   -0.77344160E+01   -0.81244804E-02   -0.14523126E-02   -0.41603012E+02   -0.12704186E+05   -0.44524299E+04   -0.12290306E+02   -0.56732943E-02    0.80243396E-02    0.00000000E+00    0.14732784E+05    0.49996042E+04   -0.29595326E+01    0.18718924E-02   -0.13509090E-01    0.00000000E+00    0.44324535E+04    0.15805003E+04    0.43325249E+01   -0.40367429E-02   -0.88990573E-02
  0.1900   -0.35691145E+04   -0.16280282E+05   -0.16703395E+04   -0.72281753E+01   -0.71343527E-02   -0.19956534E-02   -0.36425711E+02   -0.11146737E+05   -0.36843874E+04   -0.11208465E+02   -0.46954548E-02    0.66393425E-02    0.00000000E+00    0.13632320E+05    0.43803530E+04   -0.26625638E+01    0.17020743E-02   -0.11773820E-01    0.00000000E+00    0.36693885E+04    0.12011061E+04    0.37442853E+01   -0.36968535E-02   -0.73919846E-02
  0.2000   -0.33347424E+04   -0.15000901E+05   -0.12479988E+04   -0.67619221E+01   -0.62690871E-02   -0.24296935E-02   -0.36832034E+02   -0.97906827E+04   -0.30353463E+04   -0.10250929E+02   -0.38691455E-02    0.54689156E-02    0.00000000E+00    0.12643088E+05    0.38365815E+04   -0.24164984E+01    0.15206156E-02   -0.10282398E-01    0.00000000E+00    0.30248297E+04    0.95301279E+03    0.32585691E+01   -0.33332112E-02   -0.62650979E-02
  0.2100   -0.31249443E+04   -0.13833807E+05   -0.89159885E+03   -0.63332879E+01   -0.55140671E-02   -0.27711166E-02   -0.39148965E+02   -0.86094040E+04   -0.25483411E+04   -0.94067573E+01   -0.32491658E-02    0.45906530E-02    0.00000000E+00    0.11728538E+05    0.33587892E+04   -0.22110734E+01    0.13369902E-02   -0.89961235E-02    0.00000000E+00    0.25418503E+04    0.79873955E+03    0.28548276E+01   -0.29648064E-02   -0.54220808E-02
  0.2200   -0.29342729E+04   -0.12773888E+05   -0.61933216E+03   -0.59422856E+01   -0.48924628E-02   -0.29871245E-02   -0.36775561E+02   -0.76326857E+04   -0.21811238E+04   -0.86594724E+01   -0.27817177E-02    0.39283790E-02    0.00000000E+00    0.10887152E+05    0.29645264E+04   -0.20354661E+01    0.11962887E-02   -0.79238993E-02    0.00000000E+00    0.21782607E+04    0.64364065E+03    0.25113921E+01   -0.26818592E-02   -0.46619811E-02
  0.2300   -0.27551052E+04   -0.11835511E+05   -0.40953853E+03   -0.55849852E+01   -0.43739434E-02   -0.31140226E-02   -0.33005464E+02   -0.68162087E+04   -0.18475671E+04   -0.79901878E+01   -0.23571281E-02    0.33268016E-02    0.00000000E+00    0.10136045E+05    0.26361855E+04   -0.18843884E+01    0.10872233E-02   -0.70228434E-02    0.00000000E+00    0.18480014E+04    0.49377461E+03    0.22176635E+01   -0.24618279E-02   -0.39808959E-02
  0.2400   -0.25892179E+04   -0.10997658E+05   -0.22351623E+03   -0.52556543E+01   -0.39052190E-02   -0.32175848E-02   -0.33480706E+02   -0.60819580E+04   -0.15497447E+04   -0.73894368E+01   -0.19780374E-02    0.27896594E-02    0.00000000E+00    0.94611705E+04    0.23385889E+04   -0.17559903E+01    0.96892273E-03   -0.62256060E-02    0.00000000E+00    0.15531794E+04    0.40921692E+03    0.19699178E+01   -0.22229984E-02   -0.34819297E-02
  0.2500   -0.24403708E+04   -0.10226007E+05   -0.62838676E+02   -0.49523703E+01   -0.34869486E-02   -0.32936292E-02   -0.35166587E+02   -0.54279472E+04   -0.13334879E+04   -0.68532452E+01   -0.17028064E-02    0.23995894E-02    0.00000000E+00    0.88341509E+04    0.20716434E+04   -0.16458743E+01    0.85053000E-03   -0.55227568E-02    0.00000000E+00    0.13396399E+04    0.36589871E+03    0.17593367E+01   -0.19836846E-02   -0.31093501E-02
  0.2600   -0.23042883E+04   -0.95202717E+04    0.53662483E+02   -0.46750269E+01   -0.31430367E-02   -0.33081261E-02   -0.33160797E+02   -0.48868196E+04   -0.11721550E+04   -0.63723143E+01   -0.14975097E-02    0.21085548E-02    0.00000000E+00    0.82555293E+04    0.18522062E+04   -0.15486147E+01    0.76492770E-03   -0.49332737E-02    0.00000000E+00    0.11807743E+04    0.30020979E+03    0.15750450E+01   -0.18096772E-02   -0.27332547E-02
  0.2700   -0.21753634E+04   -0.88930362E+04    0.14036717E+03   -0.44204999E+01   -0.28529890E-02   -0.32848202E-02   -0.30261889E+02   -0.44292093E+04   -0.10085393E+04   -0.59353992E+01   -0.12893016E-02    0.18134092E-02    0.00000000E+00    0.77384572E+04    0.16679099E+04   -0.14625379E+01    0.69991459E-03   -0.44313103E-02    0.00000000E+00    0.10194167E+04    0.22759030E+03    0.14136716E+01   -0.16765962E-02   -0.23767642E-02
  0.2800   -0.20553871E+04   -0.83283405E+04    0.22334378E+03   -0.41845989E+01   -0.25806830E-02   -0.32677867E-02   -0.30742790E+02   -0.40026871E+04   -0.85487339E+03   -0.55383136E+01   -0.10937584E-02    0.15362084E-02    0.00000000E+00    0.72710646E+04    0.14945518E+04   -0.13878575E+01    0.62425952E-03   -0.39736397E-02    0.00000000E+00    0.86781429E+03    0.19751520E+03    0.12756207E+01   -0.15219992E-02   -0.21296429E-02
  0.2900   -0.19473886E+04   -0.78016630E+04    0.29670900E+03   -0.39662835E+01   -0.23328839E-02   -0.32456914E-02   -0.31981043E+02   -0.36152662E+04   -0.75083849E+03   -0.51802001E+01   -0.96140966E-03    0.13485000E-02    0.00000000E+00    0.68323312E+04    0.13361037E+04   -0.13222519E+01    0.54792354E-03   -0.35625195E-02    0.00000000E+00    0.76565152E+03    0.18919648E+03    0.11562252E+01   -0.13658278E-02   -0.19478795E-02
  0.3000   -0.18479452E+04   -0.73160480E+04    0.34377644E+03   -0.37657385E+01   -0.21309700E-02   -0.31885776E-02   -0.30211219E+02   -0.32967584E+04   -0.67514005E+03   -0.48553261E+01   -0.86513909E-03    0.12118888E-02    0.00000000E+00    0.64250267E+04    0.12073517E+04   -0.12625196E+01    0.49648225E-03   -0.32178630E-02    0.00000000E+00    0.69165469E+03    0.15539171E+03    0.10490589E+01   -0.12592518E-02   -0.17373051E-02
  0.3100   -0.17528600E+04   -0.68827656E+04    0.37576814E+03   -0.35806302E+01   -0.19590219E-02   -0.31150501E-02   -0.27892762E+02   -0.30246401E+04   -0.58595977E+03   -0.45564974E+01   -0.75169598E-03    0.10509742E-02    0.00000000E+00    0.60601742E+04    0.10984387E+04   -0.12083364E+01    0.45809617E-03   -0.29211847E-02    0.00000000E+00    0.60403176E+03    0.11394249E+03    0.95345038E+00   -0.11786087E-02   -0.15291459E-02
  0.3200   -0.16639386E+04   -0.64892345E+04    0.41165825E+03   -0.34079454E+01   -0.17907745E-02   -0.30572164E-02   -0.28351138E+02   -0.27610094E+04   -0.49865591E+03   -0.42821046E+01   -0.64063724E-03    0.89344779E-03    0.00000000E+00    0.57278821E+04    0.99163074E+03   -0.11605037E+01    0.40853476E-03   -0.26421578E-02    0.00000000E+00    0.51814718E+03    0.10462444E+03    0.87097944E+00   -0.10754523E-02   -0.13973231E-02
  0.3300   -0.15836785E+04   -0.61174071E+04    0.44408944E+03   -0.32472769E+01   -0.16353133E-02   -0.30015279E-02   -0.29257183E+02   -0.25178130E+04   -0.44603585E+03   -0.40325926E+01   -0.57373918E-03    0.79846339E-03    0.00000000E+00    0.54123573E+04    0.89255534E+03   -0.11175337E+01    0.35811489E-03   -0.23877782E-02    0.00000000E+00    0.46680717E+03    0.10792719E+03    0.79864753E+00   -0.97043144E-03   -0.13024630E-02
  0.3400   -0.15092386E+04   -0.57720900E+04    0.45898943E+03   -0.30990058E+01   -0.15108260E-02   -0.29228794E-02   -0.27652304E+02   -0.23206577E+04   -0.40916606E+03   -0.38040610E+01   -0.52689217E-03    0.73188272E-03    0.00000000E+00    0.51177066E+04    0.81370770E+03   -0.10773012E+01    0.32723390E-03   -0.21760891E-02    0.00000000E+00    0.43109293E+03    0.87109796E+02    0.73218199E+00   -0.90435523E-03   -0.11723433E-02
  0.3600   -0.13699601E+04   -0.51801121E+04    0.47962777E+03   -0.28321082E+01   -0.12942009E-02   -0.27697470E-02   -0.26169328E+02   -0.19786633E+04   -0.30225041E+03   -0.33948863E+01   -0.39093703E-03    0.53891825E-03    0.00000000E+00    0.46105576E+04    0.67754029E+03   -0.10066333E+01    0.27102350E-03   -0.18133886E-02    0.00000000E+00    0.32617220E+03    0.59789038E+02    0.61992950E+00   -0.78295722E-03   -0.96689461E-03
  0.3700   -0.13089688E+04   -0.49093148E+04    0.49213266E+03   -0.27112619E+01   -0.11918999E-02   -0.27059166E-02   -0.26821909E+02   -0.18184144E+04   -0.27517932E+03   -0.32148669E+01   -0.35655224E-03    0.49002046E-03    0.00000000E+00    0.43774280E+04    0.61288833E+03   -0.97599884E+00    0.23683116E-03   -0.16486831E-02    0.00000000E+00    0.29993992E+03    0.66697057E+02    0.57370077E+00   -0.70993365E-03   -0.91512315E-03
  0.3800   -0.12519966E+04   -0.46563782E+04    0.49184323E+03   -0.25992776E+01   -0.11120784E-02   -0.26252046E-02   -0.25341815E+02   -0.16912815E+04   -0.25711320E+03   -0.30486398E+01   -0.33362915E-03    0.45736421E-03    0.00000000E+00    0.41586681E+04    0.56301370E+03   -0.94660212E+00    0.21849527E-03   -0.15135827E-02    0.00000000E+00    0.28261746E+03    0.51831306E+02    0.53025111E+00   -0.66853861E-03   -0.82799452E-03
  0.3900   -0.11965382E+04   -0.44297558E+04    0.48746325E+03   -0.24947409E+01   -0.10426669E-02   -0.25423184E-02   -0.23738913E+02   -0.15803314E+04   -0.22257230E+03   -0.28926726E+01   -0.28972232E-03    0.39500802E-03    0.00000000E+00    0.39621645E+04    0.52020080E+03   -0.91890206E+00    0.20525524E-03   -0.13951114E-02    0.00000000E+00    0.24873895E+03    0.33066453E+02    0.49047714E+00   -0.63726140E-03   -0.73898836E-03
  0.4000   -0.11443117E+04   -0.42204150E+04    0.49040790E+03   -0.23960005E+01   -0.96797814E-03   -0.24766887E-02   -0.24128358E+02   -0.14630553E+04   -0.18755050E+03   -0.27473200E+01   -0.24519812E-03    0.33178977E-03    0.00000000E+00    0.37804078E+04    0.47377810E+03   -0.89375791E+00    0.18174621E-03   -0.12758037E-02    0.00000000E+00    0.21429811E+03    0.36388710E+02    0.45607657E+00   -0.58538213E-03   -0.69732982E-03
  0.4100   -0.10970338E+04   -0.40177110E+04    0.49300411E+03   -0.23032742E+01   -0.89793698E-03   -0.24146346E-02   -0.24584216E+02   -0.13531165E+04   -0.17402816E+03   -0.26136538E+01   -0.22804597E-03    0.30734124E-03    0.00000000E+00    0.36038810E+04    0.43011859E+03   -0.87025628E+00    0.15802399E-03   -0.11652101E-02    0.00000000E+00    0.20127262E+03    0.43966654E+02    0.42520204E+00   -0.53302253E-03   -0.66828331E-03
  0.4200   -0.10525616E+04   -0.38275894E+04    0.48562154E+03   -0.22170400E+01   -0.84514253E-03   -0.23391281E-02   -0.23205413E+02   -0.12684011E+04   -0.16550916E+03   -0.24893614E+01   -0.21726006E-03    0.29191896E-03    0.00000000E+00    0.34376554E+04    0.39785071E+03   -0.84724567E+00    0.14751506E-03   -0.10764488E-02    0.00000000E+00    0.19317601E+03    0.32152956E+02    0.39553040E+00   -0.50704528E-03   -0.60596192E-03
  0.4300   -0.10089142E+04   -0.36572092E+04    0.47630487E+03   -0.21361294E+01   -0.79853660E-03   -0.22638600E-02   -0.21839218E+02   -0.11933994E+04   -0.14149221E+03   -0.23718039E+01   -0.18673446E-03    0.24855785E-03    0.00000000E+00    0.32883567E+04    0.36983564E+03   -0.82528362E+00    0.13998387E-03   -0.99779333E-03    0.00000000E+00    0.16951786E+03    0.18217650E+02    0.36815692E+00   -0.48698796E-03   -0.54303347E-03
  0.4400   -0.96773512E+03   -0.34985249E+04    0.47419678E+03   -0.20592797E+01   -0.74559680E-03   -0.22044348E-02   -0.22194980E+02   -0.11101645E+04   -0.11749675E+03   -0.22616865E+01   -0.15623141E-03    0.20524031E-03    0.00000000E+00    0.31491949E+04    0.33753518E+03   -0.80513066E+00    0.12298662E-03   -0.91542016E-03    0.00000000E+00    0.14581645E+03    0.23345701E+02    0.34458330E+00   -0.44797116E-03   -0.51979281E-03
  0.4500   -0.93044453E+03   -0.33431232E+04    0.47186613E+03   -0.19868432E+01   -0.69603400E-03   -0.21477019E-02   -0.22496604E+02   -0.10321719E+04   -0.11153597E+03   -0.21600551E+01   -0.14868865E-03    0.19444509E-03    0.00000000E+00    0.30126018E+04    0.30724093E+03   -0.78598753E+00    0.10623365E-03   -0.83897467E-03    0.00000000E+00    0.14008258E+03    0.30502291E+02    0.32319196E+00   -0.40942397E-03   -0.50326245E-03
  0.4600   -0.89512224E+03   -0.31969904E+04    0.46138574E+03   -0.19192719E+01   -0.66026034E-03   -0.20796859E-02   -0.21204970E+02   -0.97423443E+03   -0.10800788E+03   -0.20649661E+01   -0.14423895E-03    0.18804083E-03    0.00000000E+00    0.28837090E+04    0.28608537E+03   -0.76695796E+00    0.10070883E-03   -0.77941568E-03    0.00000000E+00    0.13672276E+03    0.20440273E+02    0.30217176E+00   -0.39332223E-03   -0.45620550E-03
  0.4700   -0.86018868E+03   -0.30661335E+04    0.45027710E+03   -0.18555683E+01   -0.62800298E-03   -0.20132535E-02   -0.20029267E+02   -0.92193598E+03   -0.90273519E+02   -0.19743941E+01   -0.12169463E-03    0.15602644E-03    0.00000000E+00    0.27680544E+04    0.26738814E+03   -0.74863547E+00    0.96682474E-04   -0.72592113E-03    0.00000000E+00    0.11910686E+03    0.97175452E+01    0.28269157E+00   -0.38021370E-03   -0.41010914E-03
  0.4800   -0.82720594E+03   -0.29432459E+04    0.44593132E+03   -0.17947507E+01   -0.58916629E-03   -0.19610473E-02   -0.20355090E+02   -0.86081483E+03   -0.73234806E+02   -0.18892250E+01   -0.10003162E-03    0.12527088E-03    0.00000000E+00    0.26594058E+04    0.24425149E+03   -0.73167322E+00    0.84022380E-04   -0.66740269E-03    0.00000000E+00    0.10213508E+03    0.15655997E+02    0.26603996E+00   -0.34984075E-03   -0.39800549E-03
  0.4900   -0.79734394E+03   -0.28216089E+04    0.44123133E+03   -0.17372466E+01   -0.55311346E-03   -0.19105352E-02   -0.20535165E+02   -0.80392808E+03   -0.71659048E+02   -0.18104117E+01   -0.98054419E-04    0.12240035E-03    0.00000000E+00    0.25516900E+04    0.22278105E+03   -0.71534733E+00    0.72041484E-04   -0.61333106E-03    0.00000000E+00    0.10057281E+03    0.22013944E+02    0.25075191E+00   -0.32083622E-03   -0.38856080E-03
  0.5000   -0.76885899E+03   -0.27071025E+04    0.42966657E+03   -0.16834636E+01   -0.52842143E-03   -0.18502649E-02   -0.19321979E+02   -0.76349769E+03   -0.70762489E+02   -0.17362592E+01   -0.96937749E-04    0.12075881E-03    0.00000000E+00    0.24499721E+04    0.20885732E+03   -0.69894752E+00    0.69736962E-04   -0.57280007E-03    0.00000000E+00    0.99643978E+02    0.13076264E+02    0.23538997E+00   -0.31120109E-03   -0.35142943E-03
  0.5500   -0.64285554E+03   -0.22381904E+04    0.38493272E+03   -0.14526216E+01   -0.41524343E-03   -0.15994659E-02   -0.16665416E+02   -0.58117061E+03   -0.34944848E+02   -0.14206127E+01   -0.51391295E-04    0.56114436E-04    0.00000000E+00    0.20318405E+04    0.14595443E+03   -0.62520754E+00    0.48764366E-04   -0.40025571E-03    0.00000000E+00    0.63086087E+02    0.15386271E+01    0.17565146E+00   -0.24457160E-03   -0.24930509E-03
  0.6000   -0.54403034E+03   -0.18792129E+04    0.34745246E+03   -0.12727303E+01   -0.32913965E-03   -0.13980563E-02   -0.15376876E+02   -0.44334450E+03   -0.13308659E+02   -0.11811755E+01   -0.23809743E-04    0.17133550E-04    0.00000000E+00    0.17099431E+04    0.10027334E+03   -0.56101338E+00    0.30082370E-04   -0.27840257E-03    0.00000000E+00    0.39940535E+02    0.58013401E+01    0.13460210E+00   -0.18370887E-03   -0.20155635E-03
  0.6500   -0.46604271E+03   -0.15950043E+04    0.31156402E+03   -0.11303225E+01   -0.26805114E-03   -0.12265592E-02   -0.13807855E+02   -0.34527793E+03   -0.91863835E+01   -0.99697287E+00   -0.18450483E-04    0.98108754E-05    0.00000000E+00    0.14540532E+04    0.70437573E+02   -0.50340698E+00    0.19903279E-04   -0.19679370E-03    0.00000000E+00    0.33794010E+02    0.74959829E+01    0.10476738E+00   -0.14149911E-03   -0.16456005E-03
  0.7000   -0.40255933E+03   -0.13704178E+04    0.27526692E+03   -0.10158698E+01   -0.22796274E-03   -0.10748049E-02   -0.11518024E+02   -0.28027363E+03   -0.54157245E+01   -0.85211481E+00   -0.13473536E-04    0.31876159E-05    0.00000000E+00    0.12511822E+04    0.53887344E+02   -0.45090128E+00    0.19480165E-04   -0.14630102E-03    0.00000000E+00    0.27698575E+02   -0.23863089E+00    0.81922399E-01   -0.12075232E-03   -0.12001818E-03
  0.7500   -0.34984704E+03   -0.11923209E+04    0.24491664E+03   -0.92187169E+00   -0.19559330E-03   -0.94906469E-03   -0.98605116E+01   -0.22881197E+03    0.35732058E+01   -0.73613854E+00   -0.18000654E-05   -0.12792819E-04    0.00000000E+00    0.10899929E+04    0.41766837E+02   -0.40340826E+00    0.18772016E-04   -0.10972116E-03    0.00000000E+00    0.16252396E+02   -0.30040172E+01    0.64935243E-01   -0.10155528E-03   -0.92313601E-04
  0.8000   -0.30661708E+03   -0.10451530E+04    0.22139667E+03   -0.84326835E+00   -0.16629691E-03   -0.84741050E-03   -0.89977660E+01   -0.18369460E+03    0.65272307E+01   -0.64298820E+00    0.22275184E-05   -0.17853116E-04    0.00000000E+00    0.95677031E+03    0.30887007E+02   -0.36062431E+00    0.15095819E-04   -0.79926209E-04    0.00000000E+00    0.10832435E+02    0.19674160E+01    0.52514693E-01   -0.78599914E-04   -0.84652551E-04
  0.8500   -0.27104657E+03   -0.92097085E+03    0.19901555E+03   -0.77696847E+00   -0.14514379E-03   -0.75740322E-03   -0.78014101E+01   -0.15165871E+03    0.26685219E+01   -0.56759735E+00   -0.23927839E-05   -0.10602332E-04    0.00000000E+00    0.84436903E+03    0.24638797E+02   -0.32173770E+00    0.14941414E-04   -0.60858370E-04    0.00000000E+00    0.12309438E+02    0.22632548E+01    0.42595314E-01   -0.64836449E-04   -0.71799216E-04
  0.9000   -0.24069574E+03   -0.81866244E+03    0.17725400E+03   -0.72033339E+00   -0.13090906E-03   -0.67622039E-03   -0.62899350E+01   -0.13068994E+03    0.26652455E+01   -0.50518760E+00   -0.20863669E-05   -0.10285835E-04    0.00000000E+00    0.75173122E+03    0.22287614E+02   -0.28647534E+00    0.18185499E-04   -0.50381012E-04    0.00000000E+00    0.10082605E+02   -0.26752711E+01    0.34397189E-01   -0.59923067E-04   -0.51692756E-04
  0.9500   -0.21458270E+03   -0.73388334E+03    0.16019527E+03   -0.67095750E+00   -0.11665102E-03   -0.60948217E-03   -0.53839824E+01   -0.11069612E+03    0.63531975E+01   -0.45290713E+00    0.29291662E-05   -0.16616066E-04    0.00000000E+00    0.67499770E+03    0.19226016E+02   -0.25503235E+00    0.18602200E-04   -0.40545488E-04    0.00000000E+00    0.43557704E+01   -0.25668292E+01    0.28250056E-01   -0.51266803E-04   -0.43370106E-04
  1.0000   -0.19270344E+03   -0.65991120E+03    0.14691905E+03   -0.62740470E+00   -0.10246364E-03   -0.55445130E-03   -0.49100350E+01   -0.91541241E+02    0.53479663E+01   -0.40934437E+00    0.19702535E-05   -0.14482445E-04    0.00000000E+00    0.60814703E+03    0.15513382E+02   -0.22713033E+00    0.16751229E-04   -0.30974761E-04    0.00000000E+00    0.35310831E+01    0.13468472E+01    0.23675605E-01   -0.39817163E-04   -0.43960658E-04
  1.1000   -0.15776600E+03   -0.54074587E+03    0.12056359E+03   -0.55447516E+00   -0.85865019E-04   -0.45677167E-03   -0.31742598E+01   -0.71426584E+02    0.19106276E+01   -0.34093012E+00   -0.17803121E-05   -0.76582436E-05    0.00000000E+00    0.50049802E+03    0.14114479E+02   -0.18003709E+00    0.19477574E-04   -0.23944774E-04    0.00000000E+00    0.39530172E+01   -0.28001628E+01    0.16242481E-01   -0.34256936E-04   -0.25642403E-04
  1.2000   -0.13115650E+03   -0.45156255E+03    0.10337705E+03   -0.49462711E+00   -0.68986557E-04   -0.38701986E-03   -0.25429150E+01   -0.52101362E+02    0.21689704E+01   -0.28967671E+00   -0.86931004E-06   -0.75420175E-05    0.00000000E+00    0.41995927E+03    0.10446590E+02   -0.14395707E+00    0.16677205E-04   -0.15461103E-04    0.00000000E+00    0.14774663E+01    0.12280999E+01    0.11908613E-01   -0.22385257E-04   -0.26163433E-04
  1.3000   -0.11082365E+03   -0.38160716E+03    0.87051509E+02   -0.44476107E+00   -0.59588124E-04   -0.32739688E-03   -0.14784369E+01   -0.43752307E+02    0.70896923E+00   -0.25033067E+00   -0.22061220E-05   -0.43872234E-05    0.00000000E+00    0.35669629E+03    0.10064471E+02   -0.11635935E+00    0.17605367E-04   -0.13357375E-04    0.00000000E+00    0.13826464E+01   -0.23544665E+01    0.84668875E-02   -0.21370449E-04   -0.14127074E-04
  1.4000   -0.94877387E+02   -0.32634933E+03    0.76835926E+02   -0.40193161E+00   -0.48359221E-04   -0.28474034E-03   -0.12559466E+01   -0.32760907E+02    0.90358724E-01   -0.21903931E+00   -0.25361571E-05   -0.28141403E-05    0.00000000E+00    0.30660786E+03    0.71217750E+01   -0.96104707E-01    0.14023419E-04   -0.78862951E-05    0.00000000E+00    0.95923400E+00    0.10533651E+01    0.65744696E-02   -0.13631191E-04   -0.16871806E-04
  1.5000   -0.82102905E+02   -0.28208634E+03    0.66212281E+02   -0.36516323E+00   -0.42455490E-04   -0.24615361E-03   -0.61685263E+00   -0.28969973E+02    0.20290000E+00   -0.19349901E+00   -0.19983383E-05   -0.26225480E-05    0.00000000E+00    0.26629098E+03    0.66964446E+01   -0.81110052E-01    0.13823456E-04   -0.67777544E-05    0.00000000E+00    0.18052184E+00   -0.18156991E+01    0.47952404E-02   -0.14104380E-04   -0.85184903E-05
  1.6000   -0.71915428E+02   -0.24536607E+03    0.59666443E+02   -0.33292807E+00   -0.34740723E-04   -0.21830096E-03   -0.57844162E+00   -0.22157165E+02   -0.89628875E+00   -0.17236065E+00   -0.30617431E-05   -0.30436444E-06    0.00000000E+00    0.23270002E+03    0.42630685E+01   -0.70561784E-01    0.10389906E-04   -0.27251688E-05    0.00000000E+00    0.87697176E+00    0.76053442E+00    0.38860335E-02   -0.89424196E-05   -0.11282158E-04
  2.0000   -0.45575132E+02   -0.15103885E+03    0.39252559E+02   -0.23927556E+00   -0.19205947E-04   -0.13996409E-03   -0.38059293E-01   -0.11732365E+02   -0.12069243E+01   -0.11400685E+00   -0.25618153E-05    0.11512151E-05    0.00000000E+00    0.14506707E+03    0.50991000E-01   -0.51869036E-01    0.40445537E-05    0.38876829E-05    0.00000000E+00    0.83157091E+00    0.46037518E-01    0.14445836E-02   -0.47967852E-05   -0.49384169E-05
  2.5000   -0.28782210E+02   -0.92778561E+02    0.25752277E+02   -0.17265646E+00   -0.10274839E-04   -0.89500177E-04    0.74740127E-01   -0.57705997E+01    0.40514737E+00   -0.72876592E-01    0.13529777E-07   -0.12328819E-05    0.00000000E+00    0.89327518E+02   -0.27502678E+01   -0.46145728E-01   -0.62328770E-06    0.78377464E-05    0.00000000E+00   -0.55612927E+00    0.20513630E-01    0.28713424E-03   -0.22835143E-05   -0.23466232E-05
  3.0000   -0.19689164E+02   -0.61805412E+02    0.17500141E+02   -0.13704792E+00   -0.69620953E-05   -0.60800231E-04    0.16760274E+00   -0.36961123E+01   -0.20420226E-01   -0.49215699E-01   -0.29551044E-06   -0.23268884E-06    0.00000000E+00    0.59032594E+02   -0.33075590E+01   -0.39345580E-01   -0.18948644E-05    0.82806426E-05    0.00000000E+00    0.32825655E-01   -0.79760068E+00   -0.28544812E-03   -0.21069589E-05    0.34681182E-06
  4.0000   -0.10343164E+02   -0.33082943E+02    0.92344731E+01   -0.10757322E+00   -0.41235669E-05   -0.32532870E-04    0.14098713E+00   -0.11132851E+01    0.44547006E+00   -0.25187648E-01    0.46682910E-06   -0.90363288E-06    0.00000000E+00    0.30549547E+02   -0.30805194E+01   -0.13139184E-01   -0.21950995E-05    0.72819341E-05    0.00000000E+00   -0.33731205E+00   -0.29719068E+00   -0.63359835E-03   -0.63389713E-06    0.28039222E-06
  5.0000   -0.60289603E+01   -0.20422870E+02    0.52217263E+01   -0.98627353E-01   -0.32473590E-05   -0.19311687E-04    0.14723770E+00   -0.20836485E+00    0.73946205E-01   -0.14682354E-01    0.42985890E-07   -0.18450518E-06    0.00000000E+00    0.18154530E+02   -0.21311539E+01    0.20460580E-01   -0.12159304E-05    0.53404368E-05    0.00000000E+00    0.23368395E-01   -0.87032948E-01   -0.74616170E-03   -0.72024845E-07    0.19572681E-06
  6.0000   -0.37422007E+01   -0.13879690E+02    0.29212174E+01   -0.94685866E-01   -0.30011159E-05   -0.11988066E-04    0.19682758E+00   -0.16109718E+00   -0.55386602E-01   -0.95600941E-02   -0.10361946E-06    0.66774105E-07    0.00000000E+00    0.11959457E+02   -0.11347665E+01    0.52158754E-01   -0.49674104E-07    0.34413671E-05    0.00000000E+00    0.12306627E+00   -0.39503434E+00   -0.82195864E-03   -0.28780442E-06    0.92749507E-06
  7.0000   -0.24175845E+01   -0.10150610E+02    0.17089036E+01   -0.91068766E-01   -0.26483169E-05   -0.79056565E-05    0.21531610E+00   -0.48510237E-01    0.13811457E+00   -0.68336616E-02    0.15120606E-06   -0.27369513E-06    0.00000000E+00    0.85758617E+01   -0.51039331E+00    0.78098355E-01    0.63991621E-06    0.22101107E-05    0.00000000E+00   -0.96662052E-01   -0.42707967E+00   -0.84130106E-03   -0.25337270E-06    0.10605123E-05
  8.0000   -0.16427367E+01   -0.76902570E+01    0.11141800E+01   -0.86658279E-01   -0.21784478E-05   -0.56061560E-05    0.20797384E+00    0.18545050E+00    0.10227866E+00   -0.52928534E-02    0.11049836E-06   -0.20415580E-06    0.00000000E+00    0.64357596E+01   -0.19956839E+00    0.97573409E-01    0.91844115E-06    0.15324013E-05    0.00000000E+00   -0.79664666E-01   -0.22723493E+00   -0.82384385E-03    0.17964054E-07    0.71703871E-06
  9.0000   -0.11760309E+01   -0.59503457E+01    0.70066142E+00   -0.81487290E-01   -0.18751650E-05   -0.40307079E-05    0.21927538E+00    0.18759108E+00   -0.57747367E-01   -0.43527547E-02   -0.89864564E-07    0.87791753E-07    0.00000000E+00    0.49681015E+01    0.46594050E-01    0.11122718E+00    0.11429920E-05    0.99964815E-06    0.00000000E+00    0.68070226E-01   -0.27187351E+00   -0.81633976E-03   -0.98202002E-08    0.82658236E-06
 10.0000   -0.86188220E+00   -0.47732611E+01    0.41559127E+00   -0.75856761E-01   -0.16522522E-05   -0.29307939E-05    0.23514674E+00    0.10896685E+00   -0.85935570E-02   -0.37071620E-02   -0.24666116E-07    0.17714476E-08    0.00000000E+00    0.39987297E+01    0.21868958E+00    0.12009030E+00    0.12880474E-05    0.61526204E-06    0.00000000E+00    0.11455119E-01   -0.39598247E+00   -0.80920745E-03   -0.13848319E-06    0.10797332E-05
 12.0000   -0.51941453E+00   -0.32084088E+01    0.25632736E+00   -0.64387885E-01   -0.10949738E-05   -0.18835495E-05    0.22680493E+00    0.25046133E+00   -0.66443882E-02   -0.28822702E-02   -0.18380211E-07    0.20608510E-08    0.00000000E+00    0.27212562E+01    0.23981422E+00    0.12746513E+00    0.11576457E-05    0.41987165E-06    0.00000000E+00    0.28886798E-02   -0.25195190E+00   -0.75290592E-03    0.44509465E-07    0.81962439E-06
 16.0000   -0.26684873E+00   -0.16550949E+01    0.11819083E+00   -0.45042513E-01   -0.55260296E-06   -0.91620996E-06    0.23180653E+00    0.23665430E+00   -0.33048201E-01   -0.19519562E-02   -0.47588751E-07    0.54082060E-07    0.00000000E+00    0.14242111E+01    0.18322343E+00    0.12046987E+00    0.88432886E-06    0.32065294E-06    0.00000000E+00    0.28203174E-01   -0.28759313E+00   -0.65814288E-03    0.13187561E-07    0.89795061E-06
 20.0000   -0.17632862E+00   -0.98258889E+00    0.71340824E-01   -0.32012292E-01   -0.30754028E-06   -0.52701605E-06    0.23259183E+00    0.21765916E+00   -0.27505596E-01   -0.14046722E-02   -0.38341656E-07    0.46277663E-07    0.00000000E+00    0.82686341E+00    0.96988861E-01    0.10326866E+00    0.64685436E-06    0.34847394E-06    0.00000000E+00    0.24166423E-01   -0.31238720E+00   -0.57008621E-03   -0.16115068E-07    0.94492544E-06
 25.0000   -0.11712416E+00   -0.61053356E+00    0.48533449E-01   -0.22217621E-01   -0.16124791E-06   -0.31055816E-06    0.22849835E+00    0.21975466E+00    0.17853535E-01   -0.98091978E-03    0.20755689E-07   -0.34169641E-07    0.00000000E+00    0.47299636E+00    0.62241339E-02    0.79282920E-01    0.42162249E-06    0.40247431E-06    0.00000000E+00   -0.19914803E-01   -0.30218798E+00   -0.47221973E-03   -0.10668910E-07    0.91899431E-06
 30.0000   -0.87180352E-01   -0.40843940E+00    0.39899135E-01   -0.16726180E-01   -0.87992169E-07   -0.21073947E-06    0.22210225E+00    0.23088843E+00   -0.11222886E-01   -0.71860783E-03   -0.15598439E-07    0.18928097E-07    0.00000000E+00    0.27052363E+00   -0.64671356E-01    0.56223289E-01    0.24935793E-06    0.44831549E-06    0.00000000E+00    0.98344673E-02   -0.27516013E+00   -0.38730144E-03    0.10838221E-07    0.85735187E-06
 40.0000   -0.45522454E-01   -0.24459967E+00    0.18394147E-01   -0.12172200E-01   -0.45816685E-07   -0.10240518E-06    0.21020106E+00    0.21933620E+00    0.23120211E-02   -0.39330649E-03    0.23070993E-08   -0.48056952E-08    0.00000000E+00    0.90408787E-01   -0.14583017E+00    0.16891012E-01    0.25971892E-07    0.47460967E-06    0.00000000E+00   -0.29608416E-02   -0.25211176E+00   -0.25259665E-03    0.11095320E-07    0.78670205E-06
 50.0000   -0.20297469E-01   -0.17269780E+00   -0.36107567E-04   -0.11603894E-01   -0.46179903E-07   -0.46068820E-07    0.19622142E+00    0.19802748E+00    0.71316143E-02   -0.18978471E-03    0.88278234E-08   -0.13112161E-07    0.00000000E+00    0.55314230E-02   -0.17832201E+00   -0.11308384E-01   -0.10091179E-06    0.44768519E-06    0.00000000E+00   -0.73603319E-02   -0.23105252E+00   -0.15326569E-03    0.19312454E-08    0.71275050E-06
 60.0000   -0.38525518E-02   -0.13094305E+00   -0.14087708E-01   -0.12522632E-01   -0.56507392E-07   -0.13167401E-07    0.17975721E+00    0.17565892E+00    0.43019049E-02   -0.50460644E-04    0.54848014E-08   -0.77497514E-08    0.00000000E+00   -0.40132556E-01   -0.17803829E+00   -0.28251051E-01   -0.15979695E-06    0.38792719E-06    0.00000000E+00   -0.42938585E-02   -0.20356744E+00   -0.82656515E-04   -0.54481317E-08    0.62081492E-06
 70.0000    0.71732448E-02   -0.10290652E+00   -0.21931577E-01   -0.13637496E-01   -0.64149384E-07    0.33218004E-08    0.16093596E+00    0.15631621E+00   -0.10499949E-02    0.43935260E-04   -0.11585857E-08    0.20716606E-08    0.00000000E+00   -0.63084814E-01   -0.15778521E+00   -0.35417490E-01   -0.17284586E-06    0.31257088E-06    0.00000000E+00    0.11693194E-02   -0.16646465E+00   -0.34853733E-04   -0.60197415E-08    0.50609880E-06
 80.0000    0.14707909E-01   -0.83255275E-01   -0.24181974E-01   -0.14254728E-01   -0.65654892E-07    0.87395028E-08    0.14044960E+00    0.13949406E+00   -0.38887710E-02    0.10451520E-03   -0.46706398E-08    0.72929312E-08    0.00000000E+00   -0.71008721E-01   -0.12612932E+00   -0.34962017E-01   -0.15642160E-06    0.23160769E-06    0.00000000E+00    0.40421934E-02   -0.12224026E+00   -0.44355393E-05   -0.12916973E-08    0.37477315E-06
 90.0000    0.19803687E-01   -0.69317036E-01   -0.23240943E-01   -0.14083519E-01   -0.62429005E-07    0.90703638E-08    0.11931037E+00    0.12219058E+00   -0.24788905E-02    0.13961287E-03   -0.28238485E-08    0.48023098E-08    0.00000000E+00   -0.69235926E-01   -0.87942599E-01   -0.29096926E-01   -0.12125201E-06    0.14929813E-06    0.00000000E+00    0.26249929E-02   -0.76547070E-01    0.13188636E-04    0.36351173E-08    0.23912760E-06
100.0000    0.22859576E-01   -0.58654961E-01   -0.21423386E-01   -0.13102512E-01   -0.56984560E-07    0.89232052E-08    0.98479116E-01    0.10207138E+00    0.11746867E-02    0.15560021E-03    0.18433431E-08   -0.17705101E-08    0.00000000E+00   -0.62293798E-01   -0.46335916E-01   -0.19795578E-01   -0.74819564E-07    0.67730108E-07    0.00000000E+00   -0.10546837E-02   -0.34279274E-01    0.21792226E-04    0.45707840E-08    0.11002892E-06
110.0000    0.23951385E-01   -0.49049260E-01   -0.19620707E-01   -0.11452520E-01   -0.50552243E-07    0.98096877E-08    0.78608748E-01    0.79580708E-01    0.35456608E-02    0.15728915E-03    0.48518488E-08   -0.60561644E-08    0.00000000E+00   -0.53790424E-01   -0.42487269E-02   -0.86920989E-02   -0.23601318E-07   -0.10530364E-07    0.00000000E+00   -0.34576147E-02    0.30675985E-02    0.24499288E-04    0.12537820E-08   -0.81835010E-08
120.0000    0.23194777E-01   -0.39299734E-01   -0.17302508E-01   -0.93568094E-02   -0.42753270E-07    0.10476860E-07    0.60049723E-01    0.57695030E-01    0.25844083E-02    0.14840448E-03    0.35998215E-08   -0.43509558E-08    0.00000000E+00   -0.45795143E-01    0.35183450E-01    0.29218706E-02    0.26321545E-07   -0.81918232E-07    0.00000000E+00   -0.25270745E-02    0.37156583E-01    0.23853572E-04   -0.29688168E-08   -0.11727882E-06
130.0000    0.20942512E-01   -0.29642764E-01   -0.13603861E-01   -0.70664373E-02   -0.32870434E-07    0.89810299E-08    0.43069614E-01    0.39756476E-01   -0.74549951E-03    0.13195387E-03   -0.67994296E-09    0.16135416E-08    0.00000000E+00   -0.38621842E-01    0.69306033E-01    0.14059390E-01    0.70141985E-07   -0.14307388E-06    0.00000000E+00    0.77737706E-03    0.70220852E-01    0.21748387E-04   -0.41796983E-08   -0.22020994E-06
140.0000    0.17721712E-01   -0.21242401E-01   -0.85341876E-02   -0.48250665E-02   -0.21364776E-07    0.48901413E-08    0.28091445E-01    0.27151306E-01   -0.33950819E-02    0.11036954E-03   -0.41010130E-08    0.63437531E-08    0.00000000E+00   -0.31424034E-01    0.96805453E-01    0.23987584E-01    0.10546502E-06   -0.19235116E-06    0.00000000E+00    0.34089136E-02    0.10228245E+00    0.19349880E-04   -0.11510943E-08   -0.31581693E-06
150.0000    0.14001446E-01   -0.15068542E-01   -0.33661249E-02   -0.28476134E-02   -0.10341224E-07    0.14457969E-10    0.15757568E-01    0.18577599E-01   -0.27486657E-02    0.85480345E-04   -0.33299864E-08    0.51261192E-08    0.00000000E+00   -0.23303041E-01    0.11789864E+00    0.32177793E-01    0.13245369E-06   -0.23025440E-06    0.00000000E+00    0.27523497E-02    0.13030778E+00    0.17167399E-04    0.36417664E-08   -0.39724233E-06
160.0000    0.99954006E-02   -0.10991693E-01    0.37033393E-04   -0.13081161E-02   -0.26196122E-08   -0.27335432E-08    0.67711105E-02    0.11337631E-01    0.12895409E-02    0.58489766E-04    0.17569672E-08   -0.22102282E-08    0.00000000E+00   -0.14193773E-01    0.13362278E+00    0.38262761E-01    0.15265101E-06   -0.25843147E-06    0.00000000E+00   -0.12893105E-02    0.14983049E+00    0.15304505E-04    0.58686297E-08   -0.45507590E-06
170.0000    0.56784481E-02   -0.78272123E-02    0.26412287E-03   -0.33342060E-03   -0.32501855E-09   -0.11375768E-08    0.16611597E-02    0.33351013E-02    0.64037803E-02    0.30119665E-04    0.82122757E-08   -0.11488571E-07    0.00000000E+00   -0.48847076E-02    0.14483101E+00    0.42003286E-01    0.16738782E-06   -0.27817610E-06    0.00000000E+00   -0.64027597E-02    0.15742829E+00    0.13753500E-04    0.21863982E-08   -0.48213231E-06
179.9000   -0.59428175E-02    0.12948059E-01    0.27603043E-01    0.26088505E-05    0.36995622E-07   -0.47923487E-07   -0.35105365E-02    0.49985201E-01   -0.36173689E-01   -0.29933124E-05   -0.46062348E-07    0.65223840E-07    0.00000000E+00   -0.13639550E-01    0.12614019E+00    0.43262046E-01    0.13870452E-06   -0.24935822E-06    0.00000000E+00    0.36161750E-01    0.21805930E+00    0.18026453E-04    0.68183192E-07   -0.60266320E-06
180.0000    0.00000000E+00    0.00000000E+00    0.00000000E+00    0.00000000E+00    0.00000000E+00    0.00000000E+00    0.00000000E+00    0.00000000E+00    0.00000000E+00    0.00000000E+00    0.00000000E+00    0.00000000E+00    0.00000000E+00    0.00000000E+00    0.28815455E+00    0.29403525E+02    0.38134936E-06   -0.50514084E-06    0.00000000E+00    0.00000000E+00   -0.20109375E+00   -0.20519770E+02   -0.41711411E-06    0.20153877E-06
