  0.0000    0.00000000E+00    0.00000000E+00    0.00000000E+00    0.00000000E+00    0.00000000E+00    0.00000000E+00    0.00000000E+00    0.00000000E+00    0.00000000E+00    0.00000000E+00    0.00000000E+00    0.00000000E+00    0.00000000E+00    0.00000000E+00   -0.25163949E+05   -0.53236157E+02   -0.12835576E+00   -0.50940381E-01    0.00000000E+00    0.00000000E+00    0.30228326E+06    0.10497827E+03    0.25653233E+00   -0.67342401E+00
  0.0003   -0.54859269E+02   -0.54868686E+02   -0.22311941E+01   -0.67773243E-03   -0.32549834E-05    0.36091517E-05   -0.32592375E+03   -0.33103046E+03   -0.12498571E+04   -0.43642863E+00   -0.15915535E-02    0.22535570E-02    0.00000000E+00   -0.10005700E+03   -0.25160792E+05   -0.53234804E+02   -0.12834926E+00   -0.50943588E-01    0.00000000E+00    0.12483272E+04    0.30227044E+06    0.10497556E+03    0.25651932E+00   -0.67339759E+00
  0.0004   -0.73144414E+02   -0.73166734E+02   -0.39664421E+01   -0.12048321E-02   -0.57864621E-05    0.64160594E-05   -0.32588456E+03   -0.33496288E+03   -0.16664231E+04   -0.58189336E+00   -0.21220037E-02    0.30046470E-02    0.00000000E+00   -0.13339660E+03   -0.25158337E+05   -0.53233751E+02   -0.12834420E+00   -0.50946082E-01    0.00000000E+00    0.16643833E+04    0.30226047E+06    0.10497346E+03    0.25650921E+00   -0.67337704E+00
  0.0005   -0.91428464E+02   -0.91472055E+02   -0.61973142E+01   -0.18824988E-02   -0.90409953E-05    0.10024671E-04   -0.32583418E+03   -0.34001851E+03   -0.20829436E+04   -0.72734825E+00   -0.26523961E-02    0.37556550E-02    0.00000000E+00   -0.16672531E+03   -0.25155181E+05   -0.53232397E+02   -0.12833770E+00   -0.50949289E-01    0.00000000E+00    0.20803939E+04    0.30224766E+06    0.10497075E+03    0.25649620E+00   -0.67335062E+00
  0.0006   -0.10971114E+03   -0.10978647E+03   -0.89236896E+01   -0.27107079E-02   -0.13018414E-04    0.14434782E-04   -0.32577261E+03   -0.34619707E+03   -0.24994072E+04   -0.87279084E+00   -0.31827161E-02    0.45065606E-02    0.00000000E+00   -0.20004039E+03   -0.25151324E+05   -0.53230743E+02   -0.12832975E+00   -0.50953207E-01    0.00000000E+00    0.24963477E+04    0.30223199E+06    0.10496744E+03    0.25648030E+00   -0.67331833E+00
  0.0007   -0.12799218E+03   -0.12811179E+03   -0.12145421E+02   -0.36894293E-02   -0.17718513E-04    0.19646147E-04   -0.32569987E+03   -0.35349826E+03   -0.29158027E+04   -0.10182187E+01   -0.37129493E-02    0.52573432E-02    0.00000000E+00   -0.23333911E+03   -0.25146765E+05   -0.53228788E+02   -0.12832036E+00   -0.50957838E-01    0.00000000E+00    0.29122334E+04    0.30221348E+06    0.10496353E+03    0.25646151E+00   -0.67328017E+00
  0.0008   -0.14627130E+03   -0.14644983E+03   -0.15862334E+02   -0.48186274E-02   -0.23141047E-04    0.25658473E-04   -0.32561595E+03   -0.36192170E+03   -0.33321187E+04   -0.11636293E+01   -0.42430812E-02    0.60079824E-02    0.00000000E+00   -0.26661876E+03   -0.25141506E+05   -0.53226533E+02   -0.12830952E+00   -0.50963181E-01    0.00000000E+00    0.33280396E+04    0.30219213E+06    0.10495902E+03    0.25643984E+00   -0.67323615E+00
  0.0009   -0.16454823E+03   -0.16480240E+03   -0.20074227E+02   -0.60982612E-02   -0.29285735E-04    0.32471421E-04   -0.32552086E+03   -0.37146695E+03   -0.37483437E+04   -0.13090202E+01   -0.47730973E-02    0.67584576E-02    0.00000000E+00   -0.29987661E+03   -0.25135547E+05   -0.53223976E+02   -0.12829724E+00   -0.50969234E-01    0.00000000E+00    0.37437550E+04    0.30216793E+06    0.10495390E+03    0.25641527E+00   -0.67318626E+00
  0.0010   -0.18282270E+03   -0.18317133E+03   -0.24780872E+02   -0.75282840E-02   -0.36152259E-04    0.40084610E-04   -0.32541462E+03   -0.38213353E+03   -0.41644665E+04   -0.14543890E+01   -0.53029832E-02    0.75087486E-02    0.00000000E+00   -0.33310995E+03   -0.25128887E+05   -0.53221120E+02   -0.12828352E+00   -0.50975999E-01    0.00000000E+00    0.41593682E+04    0.30214088E+06    0.10494819E+03    0.25638782E+00   -0.67313051E+00
  0.0012   -0.21936316E+03   -0.21996547E+03   -0.35677375E+02   -0.10839284E-01   -0.52049354E-04    0.57709954E-04   -0.32516871E+03   -0.40682840E+03   -0.49963600E+04   -0.17450504E+01   -0.63623068E-02    0.90086956E-02    0.00000000E+00   -0.39949222E+03   -0.25113469E+05   -0.53214505E+02   -0.12825174E+00   -0.50991660E-01    0.00000000E+00    0.49902429E+04    0.30207826E+06    0.10493496E+03    0.25632427E+00   -0.67300143E+00
  0.0014   -0.25589048E+03   -0.25684673E+03   -0.48549484E+02   -0.14751145E-01   -0.70829033E-04    0.78530548E-04   -0.32487831E+03   -0.43600124E+03   -0.58277086E+04   -0.20355939E+01   -0.74209364E-02    0.10507660E-01    0.00000000E+00   -0.46574383E+03   -0.25095253E+05   -0.53206690E+02   -0.12821420E+00   -0.51010159E-01    0.00000000E+00    0.58205730E+04    0.30200428E+06    0.10491933E+03    0.25624918E+00   -0.67284891E+00
  0.0015   -0.27414854E+03   -0.27532454E+03   -0.55725537E+02   -0.16932225E-01   -0.81298648E-04    0.90137630E-04   -0.32471647E+03   -0.45226505E+03   -0.62431502E+04   -0.21808152E+01   -0.79499549E-02    0.11256723E-01    0.00000000E+00   -0.49881387E+03   -0.25085098E+05   -0.53202332E+02   -0.12819327E+00   -0.51020471E-01    0.00000000E+00    0.62355056E+04    0.30196303E+06    0.10491061E+03    0.25620731E+00   -0.67276388E+00
  0.0016   -0.29240250E+03   -0.29382954E+03   -0.63394414E+02   -0.19263300E-01   -0.92487403E-04    0.10254172E-03   -0.32454354E+03   -0.46964604E+03   -0.66584216E+04   -0.23259997E+01   -0.84787568E-02    0.12005479E-01    0.00000000E+00   -0.53184312E+03   -0.25074245E+05   -0.53197675E+02   -0.12817090E+00   -0.51031492E-01    0.00000000E+00    0.66502682E+04    0.30191895E+06    0.10490129E+03    0.25616257E+00   -0.67267300E+00
  0.0017   -0.31065209E+03   -0.31236354E+03   -0.71555701E+02   -0.21744285E-01   -0.10439472E-03    0.11574211E-03   -0.32435954E+03   -0.48814329E+03   -0.70735116E+04   -0.24711450E+01   -0.90073275E-02    0.12753907E-01    0.00000000E+00   -0.56482887E+03   -0.25062694E+05   -0.53192717E+02   -0.12814710E+00   -0.51043219E-01    0.00000000E+00    0.70648494E+04    0.30187203E+06    0.10489138E+03    0.25611495E+00   -0.67257627E+00
  0.0018   -0.32889703E+03   -0.33092832E+03   -0.80208955E+02   -0.24375092E-01   -0.11701998E-03    0.12973807E-03   -0.32416451E+03   -0.50775588E+03   -0.74884089E+04   -0.26162484E+01   -0.95356529E-02    0.13501989E-01    0.00000000E+00   -0.59776843E+03   -0.25050447E+05   -0.53187460E+02   -0.12812185E+00   -0.51055654E-01    0.00000000E+00    0.74792380E+04    0.30182228E+06    0.10488086E+03    0.25606446E+00   -0.67247370E+00
  0.0019   -0.34713706E+03   -0.34952569E+03   -0.89353710E+02   -0.27155623E-01   -0.13036252E-03    0.14452882E-03   -0.32395844E+03   -0.52848277E+03   -0.79031021E+04   -0.27613077E+01   -0.10063718E-01    0.14249702E-01    0.00000000E+00   -0.63065911E+03   -0.25037503E+05   -0.53181903E+02   -0.12809517E+00   -0.51068793E-01    0.00000000E+00    0.78934228E+04    0.30176969E+06    0.10486975E+03    0.25601109E+00   -0.67236530E+00
  0.0020   -0.36537190E+03   -0.36815743E+03   -0.98989470E+02   -0.30085779E-01   -0.14442167E-03    0.16011351E-03   -0.32374137E+03   -0.55032293E+03   -0.83175800E+04   -0.29063204E+01   -0.10591510E-01    0.14997027E-01    0.00000000E+00   -0.66349820E+03   -0.25023864E+05   -0.53176048E+02   -0.12806706E+00   -0.51082638E-01    0.00000000E+00    0.83073924E+04    0.30171428E+06    0.10485803E+03    0.25595485E+00   -0.67225105E+00
  0.0030   -0.54737566E+03   -0.55675739E+03   -0.22222480E+03   -0.67590584E-01   -0.32424756E-03    0.35941372E-03   -0.32097031E+03   -0.82967833E+03   -0.12448052E+05   -0.43533470E+01   -0.15851205E-01    0.22444481E-01    0.00000000E+00   -0.98846227E+03   -0.24849362E+05   -0.53101064E+02   -0.12770722E+00   -0.51259652E-01    0.00000000E+00    0.12432793E+05    0.30100499E+06    0.10470804E+03    0.25523509E+00   -0.67078875E+00
  0.0040   -0.72856512E+03   -0.75073897E+03   -0.39382205E+03   -0.11990678E+00   -0.57470035E-03    0.63686959E-03   -0.31712776E+03   -0.12187671E+04   -0.16544720E+05   -0.57930430E+01   -0.21067855E-01    0.29830986E-01    0.00000000E+00   -0.13053380E+04   -0.24606183E+05   -0.52996372E+02   -0.12720542E+00   -0.51505968E-01    0.00000000E+00    0.16524416E+05    0.30001562E+06    0.10449862E+03    0.25423135E+00   -0.66874875E+00
  0.0050   -0.90867607E+03   -0.95182346E+03   -0.61285784E+03   -0.18684528E+00   -0.89448871E-03    0.99093174E-03   -0.31225010E+03   -0.17155989E+04   -0.20596614E+05   -0.72230140E+01   -0.26227490E-01    0.37136759E-01    0.00000000E+00   -0.16115184E+04   -0.24295441E+05   -0.52862257E+02   -0.12656357E+00   -0.51820100E-01    0.00000000E+00    0.20571300E+05    0.29874975E+06    0.10423035E+03    0.25294749E+00   -0.66613822E+00
  0.0060   -0.10874503E+04   -0.11616708E+04   -0.87815749E+03   -0.26816503E+00   -0.12819695E-02    0.14196294E-02   -0.30638339E+03   -0.23176409E+04   -0.24593012E+05   -0.86409072E+01   -0.31316458E-01    0.44342471E-01    0.00000000E+00   -0.19044716E+04   -0.23918555E+05   -0.52699080E+02   -0.12578416E+00   -0.52200155E-01    0.00000000E+00    0.24562732E+05    0.29721196E+06    0.10390394E+03    0.25138847E+00   -0.66296631E+00
  0.0070   -0.12646373E+04   -0.13818655E+04   -0.11883042E+04   -0.36357453E+00   -0.17351606E-02    0.19205862E-02   -0.29958276E+03   -0.30218375E+04   -0.28523503E+05   -0.10044422E+02   -0.36321501E-01    0.51429348E-01    0.00000000E+00   -0.21817585E+04   -0.23477238E+05   -0.52507279E+02   -0.12487016E+00   -0.52643849E-01    0.00000000E+00    0.28488309E+05    0.29540777E+06    0.10352028E+03    0.24956025E+00   -0.65924406E+00
  0.0080   -0.14399950E+04   -0.16139031E+04   -0.15416502E+04   -0.47273364E+00   -0.22517559E-02    0.24910387E-02   -0.29191176E+03   -0.38246327E+04   -0.32378042E+05   -0.11431317E+02   -0.41229827E-01    0.58379279E-01    0.00000000E+00   -0.24410494E+04   -0.22973481E+05   -0.52287369E+02   -0.12382507E+00   -0.53148529E-01    0.00000000E+00    0.32337994E+05    0.29334364E+06    0.10308039E+03    0.24746978E+00   -0.65498435E+00
  0.0090   -0.16132917E+04   -0.18591779E+04   -0.19363295E+04   -0.59525572E+00   -0.28291430E-02    0.31278587E-02   -0.28344166E+03   -0.47219979E+04   -0.36147000E+05   -0.12799423E+02   -0.46029178E-01    0.65174904E-01    0.00000000E+00   -0.26801398E+04   -0.22409547E+05   -0.52039931E+02   -0.12265282E+00   -0.53711188E-01    0.00000000E+00    0.36102167E+05    0.29102689E+06    0.10258544E+03    0.24512498E+00   -0.65020181E+00
  0.0100   -0.17843066E+04   -0.21189708E+04   -0.23702722E+04   -0.73071000E+00   -0.34644231E-02    0.38275774E-02   -0.27425051E+03   -0.57094615E+04   -0.39821220E+05   -0.14146649E+02   -0.50707889E-01    0.71799709E-01    0.00000000E+00   -0.28969645E+04   -0.21787947E+05   -0.51765617E+02   -0.12135781E+00   -0.54328495E-01    0.00000000E+00    0.39771676E+05    0.28846567E+06    0.10203672E+03    0.24253462E+00   -0.64491274E+00
  0.0120   -0.21186706E+04   -0.26866096E+04   -0.33467461E+04   -0.10384876E+01   -0.48957672E-02    0.54002970E-02   -0.25404602E+03   -0.79347873E+04   -0.46851418E+05   -0.16770534E+02   -0.59660070E-01    0.84475513E-01    0.00000000E+00   -0.32563331E+04   -0.20382939E+05   -0.51139286E+02   -0.11841913E+00   -0.55712235E-01    0.00000000E+00    0.46792710E+05    0.28264626E+06    0.10078385E+03    0.23665648E+00   -0.63288781E+00
  0.0140   -0.24415807E+04   -0.33244431E+04   -0.44510727E+04   -0.13918439E+01   -0.65177416E-02    0.71757170E-02   -0.23202303E+03   -0.10457317E+05   -0.53406360E+05   -0.19288102E+02   -0.68007067E-01    0.96294402E-01    0.00000000E+00   -0.35058952E+04   -0.18782845E+05   -0.50414802E+02   -0.11505186E+00   -0.57267567E-01    0.00000000E+00    0.53338873E+05    0.27596504E+06    0.99334647E+02    0.22992104E+00   -0.61906889E+00
  0.0160   -0.27517615E+04   -0.40377510E+04   -0.56611295E+04   -0.17860415E+01   -0.82992819E-02    0.91168439E-02   -0.20895107E+03   -0.13229068E+05   -0.59433726E+05   -0.21686185E+02   -0.75682259E-01    0.10716204E+00    0.00000000E+00   -0.36353216E+04   -0.17014777E+05   -0.49599418E+02   -0.11130386E+00   -0.58958917E-01    0.00000000E+00    0.59357892E+05    0.26851110E+06    0.97703609E+02    0.22242400E+00   -0.60363431E+00
  0.0180   -0.30481823E+04   -0.48293268E+04   -0.69533193E+04   -0.22159380E+01   -0.10207198E-01    0.11184272E-01   -0.18560935E+03   -0.16198732E+05   -0.64891943E+05   -0.23953478E+02   -0.82632705E-01    0.11700347E+00    0.00000000E+00   -0.36374191E+04   -0.15107832E+05   -0.48701069E+02   -0.10722672E+00   -0.60748377E-01    0.00000000E+00    0.64808235E+05    0.26038072E+06    0.95906608E+02    0.21426858E+00   -0.58677711E+00
  0.0200   -0.33300609E+04   -0.56994280E+04   -0.83032426E+04   -0.26761033E+01   -0.12207104E-01    0.13337325E-01   -0.16275199E+03   -0.19313095E+05   -0.69750640E+05   -0.26080644E+02   -0.88819734E-01    0.12576393E+00    0.00000000E+00   -0.35082273E+04   -0.13092325E+05   -0.47728207E+02   -0.10287456E+00   -0.62596801E-01    0.00000000E+00    0.69659567E+05    0.25167514E+06    0.93960552E+02    0.20556300E+00   -0.56870051E+00
  0.0220   -0.35968603E+04   -0.66458191E+04   -0.96863690E+04   -0.31609369E+01   -0.14264340E-01    0.15535194E-01   -0.14107528E+03   -0.22518465E+05   -0.73990772E+05   -0.28060377E+02   -0.94219094E-01    0.13340909E+00    0.00000000E+00   -0.32470085E+04   -0.10999010E+05   -0.46689642E+02   -0.98302698E-01   -0.64464903E-01    0.00000000E+00    0.73892867E+05    0.24249819E+06    0.91883062E+02    0.19641793E+00   -0.54961325E+00
  0.0240   -0.38482754E+04   -0.76639020E+04   -0.11078683E+05   -0.36647857E+01   -0.16344872E-01    0.17738032E-01   -0.12118886E+03   -0.25762040E+05   -0.77604411E+05   -0.29887408E+02   -0.98820688E-01    0.13992464E+00    0.00000000E+00   -0.28561343E+04   -0.88583319E+04   -0.45594378E+02   -0.93566437E-01   -0.66314310E-01    0.00000000E+00    0.77500228E+05    0.23295402E+06    0.89692148E+02    0.18694396E+00   -0.52972513E+00
  0.0260   -0.40842139E+04   -0.87469267E+04   -0.12457281E+05   -0.41820549E+01   -0.18416119E-01    0.19907960E-01   -0.10359181E+03   -0.28993190E+05   -0.80594240E+05   -0.31558468E+02   -0.10262793E+00    0.14531542E+00    0.00000000E+00   -0.23408762E+04   -0.66997249E+04   -0.44451457E+02   -0.88719843E-01   -0.68108541E-01    0.00000000E+00    0.80484343E+05    0.22314491E+06    0.87405895E+02    0.17724923E+00   -0.50924273E+00
  0.0280   -0.43047707E+04   -0.98862700E+04   -0.13800904E+05   -0.47073112E+01   -0.20447689E-01    0.22009965E-01   -0.88655217E+02   -0.32164599E+05   -0.82972766E+05   -0.33072207E+02   -0.10565676E+00    0.14960399E+00    0.00000000E+00   -0.17091128E+04   -0.45509762E+04   -0.43269809E+02   -0.83814688E-01   -0.69813882E-01    0.00000000E+00    0.82857725E+05    0.21316935E+06    0.85042164E+02    0.16743731E+00   -0.48836543E+00
  0.0300   -0.45101981E+04   -0.11071768E+05   -0.15090382E+05   -0.52353752E+01   -0.22412009E-01    0.24012647E-01   -0.76611506E+02   -0.35233230E+05   -0.84761314E+05   -0.34429073E+02   -0.10793431E+00    0.15282880E+00    0.00000000E+00   -0.97096900E+03   -0.24376823E+04   -0.42058118E+02   -0.78899500E-01   -0.71400117E-01    0.00000000E+00    0.84641697E+05    0.20312024E+06    0.82618328E+02    0.15760526E+00   -0.46728200E+00
  0.0400   -0.53261753E+04   -0.17276199E+05   -0.20236449E+05   -0.77629709E+01   -0.30507405E-01    0.31748819E-01   -0.58396259E+02   -0.47907770E+05   -0.86058783E+05   -0.38980753E+02   -0.10958673E+00    0.15516796E+00    0.00000000E+00    0.38580351E+04    0.69007603E+04   -0.35822361E+02   -0.55561255E-01   -0.76791031E-01    0.00000000E+00    0.85924370E+05    0.15447710E+06    0.70144309E+02    0.11091964E+00   -0.36431991E+00
  0.0500   -0.58385687E+04   -0.22884334E+05   -0.22681678E+05   -0.98248307E+01   -0.34878722E-01    0.34900101E-01   -0.79971899E+02   -0.54776275E+05   -0.78603725E+05   -0.40397046E+02   -0.10009383E+00    0.14172582E+00    0.00000000E+00    0.92934588E+04    0.13231678E+05   -0.29843016E+02   -0.36522260E-01   -0.77228725E-01    0.00000000E+00    0.78465863E+05    0.11307801E+06    0.58182914E+02    0.72831954E-01   -0.27504578E+00
  0.0600   -0.60997378E+04   -0.26944040E+05   -0.22754842E+05   -0.11263676E+02   -0.35848656E-01    0.34155251E-01   -0.91187283E+02   -0.56296853E+05   -0.67474774E+05   -0.39652488E+02   -0.85922665E-01    0.12165944E+00    0.00000000E+00    0.13967548E+05    0.16546439E+05   -0.24560546E+02   -0.22602136E-01   -0.73506264E-01    0.00000000E+00    0.67341276E+05    0.81057152E+05    0.47615309E+02    0.44982149E-01   -0.20438533E+00
  0.0700   -0.61473650E+04   -0.29284640E+05   -0.21331595E+05   -0.12110637E+02   -0.34551389E-01    0.31073984E-01   -0.77195722E+02   -0.54235947E+05   -0.55858151E+05   -0.37614903E+02   -0.71130499E-01    0.10071376E+00    0.00000000E+00    0.17330517E+05    0.17654725E+05   -0.20112203E+02   -0.13022122E-01   -0.67335826E-01    0.00000000E+00    0.55733681E+05    0.57455652E+05    0.38716197E+02    0.25813156E-01   -0.15094572E+00
  0.0800   -0.60315817E+04   -0.30199343E+05   -0.19140438E+05   -0.12470345E+02   -0.31978593E-01    0.26905817E-01   -0.60006314E+02   -0.50172399E+05   -0.45179132E+05   -0.34911866E+02   -0.57532259E-01    0.81458635E-01    0.00000000E+00    0.19424254E+05    0.17368808E+05   -0.16473792E+02   -0.67038562E-02   -0.60137953E-01    0.00000000E+00    0.45066079E+05    0.40533776E+05    0.31437341E+02    0.13168508E-01   -0.11153123E+00
  0.0900   -0.58184814E+04   -0.30044083E+05   -0.16627800E+05   -0.12459610E+02   -0.28770164E-01    0.22384268E-01   -0.58298754E+02   -0.45129067E+05   -0.36019014E+05   -0.31966892E+02   -0.45868157E-01    0.64942183E-01    0.00000000E+00    0.20467323E+05    0.16253863E+05   -0.13553614E+02   -0.27596710E-02   -0.52763707E-01    0.00000000E+00    0.35918228E+05    0.28721475E+05    0.25595458E+02    0.52729805E-02   -0.83086918E-01
  0.1000   -0.55621664E+04   -0.29110946E+05   -0.14105468E+05   -0.12190821E+02   -0.25391818E-01    0.18002810E-01   -0.64806631E+02   -0.39829290E+05   -0.28596761E+05   -0.29050737E+02   -0.36417018E-01    0.51559205E-01    0.00000000E+00    0.20675808E+05    0.14725772E+05   -0.11232071E+02   -0.44073532E-03   -0.45743691E-01    0.00000000E+00    0.28508108E+05    0.20613051E+05    0.20951437E+02    0.62893496E-03   -0.62785881E-01
  0.1100   -0.52854302E+04   -0.27679942E+05   -0.11806765E+05   -0.11761824E+02   -0.22200458E-01    0.14122348E-01   -0.63690306E+02   -0.34817024E+05   -0.22792708E+05   -0.26307745E+02   -0.29026464E-01    0.41093938E-01    0.00000000E+00    0.20283128E+05    0.13108191E+05   -0.93858764E+01    0.89118048E-03   -0.39435383E-01    0.00000000E+00    0.22715529E+05    0.14969343E+05    0.17258757E+02   -0.20401209E-02   -0.48092409E-01
  0.1200   -0.49929332E+04   -0.26017610E+05   -0.98288792E+04   -0.11243420E+02   -0.19363096E-01    0.10874863E-01   -0.54352946E+02   -0.30353413E+05   -0.18242490E+05   -0.23790765E+02   -0.23232518E-01    0.32889411E-01    0.00000000E+00    0.19535044E+05    0.11581859E+05   -0.79105909E+01    0.16577886E-02   -0.33973108E-01    0.00000000E+00    0.18175932E+05    0.10927411E+05    0.14308575E+02   -0.35776701E-02   -0.37195195E-01
  0.1300   -0.46942925E+04   -0.24300135E+05   -0.81399976E+04   -0.10678597E+02   -0.16865478E-01    0.81767378E-02   -0.48408894E+02   -0.26427324E+05   -0.14612289E+05   -0.21510978E+02   -0.18610101E-01    0.26343732E-01    0.00000000E+00    0.18611944E+05    0.10184489E+05   -0.67286431E+01    0.20494128E-02   -0.29282556E-01    0.00000000E+00    0.14555454E+05    0.80393064E+04    0.11945770E+02   -0.43644261E-02   -0.29096871E-01
  0.1400   -0.44063553E+04   -0.22592777E+05   -0.66852706E+04   -0.10095193E+02   -0.14654753E-01    0.59120815E-02   -0.50422257E+02   -0.22960068E+05   -0.11743494E+05   -0.19470014E+02   -0.14957242E-01    0.21170914E-01    0.00000000E+00    0.17595120E+05    0.89078889E+04   -0.57802379E+01    0.21653370E-02   -0.25239250E-01    0.00000000E+00    0.11695478E+05    0.60341978E+04    0.10050759E+02   -0.45990249E-02   -0.23162873E-01
  0.1500   -0.41384906E+04   -0.20921440E+05   -0.54563971E+04   -0.95161206E+01   -0.12734340E-01    0.40519388E-02   -0.52834311E+02   -0.19949251E+05   -0.95404933E+04   -0.17660394E+02   -0.12152190E-01    0.17198566E-01    0.00000000E+00    0.16523408E+05    0.77720426E+04   -0.50136779E+01    0.21258738E-02   -0.21784350E-01    0.00000000E+00    0.95004166E+04    0.46237670E+04    0.85201498E+01   -0.45221593E-02   -0.18746902E-01
  0.1600   -0.38870352E+04   -0.19332375E+05   -0.44557842E+04   -0.89582058E+01   -0.11117571E-01    0.25903823E-02   -0.49277524E+02   -0.17409294E+05   -0.78404102E+04   -0.16059007E+02   -0.99875407E-02    0.14133012E-01    0.00000000E+00    0.15450477E+05    0.68015601E+04   -0.43863170E+01    0.20406307E-02   -0.18883962E-01    0.00000000E+00    0.78074744E+04    0.35538916E+04    0.72686440E+01   -0.43531079E-02   -0.15286442E-01
  0.1700   -0.36465617E+04   -0.17871141E+05   -0.36440639E+04   -0.84283595E+01   -0.97585263E-02    0.14522181E-02   -0.43612613E+02   -0.15271862E+05   -0.64627492E+04   -0.14636050E+02   -0.82334540E-02    0.11648807E-01    0.00000000E+00    0.14430757E+05    0.59784278E+04   -0.38686725E+01    0.19407941E-02   -0.16451481E-01    0.00000000E+00    0.64362620E+04    0.27188997E+04    0.62372669E+01   -0.41543005E-02   -0.12518833E-01
  0.1800   -0.34197152E+04   -0.16540061E+05   -0.29603623E+04   -0.79270429E+01   -0.85799612E-02    0.52741601E-03   -0.42396459E+02   -0.13422168E+05   -0.53236646E+04   -0.13369546E+02   -0.67831621E-02    0.95947732E-02    0.00000000E+00    0.13479758E+05    0.52579376E+04   -0.34412317E+01    0.18052697E-02   -0.14370460E-01    0.00000000E+00    0.53030116E+04    0.21143848E+04    0.53869807E+01   -0.38835980E-02   -0.10388376E-01
  0.1900   -0.32122388E+04   -0.15311149E+05   -0.23759373E+04   -0.74552654E+01   -0.75458841E-02   -0.23645541E-03   -0.44668869E+02   -0.11802702E+05   -0.44220854E+04   -0.12245950E+02   -0.56353012E-02    0.79689798E-02    0.00000000E+00    0.12581736E+05    0.46190465E+04   -0.30869993E+01    0.16384792E-02   -0.12571741E-01    0.00000000E+00    0.44066996E+04    0.17007013E+04    0.46837803E+01   -0.35498891E-02   -0.87819949E-02
  0.2000   -0.30233864E+04   -0.14172556E+05   -0.18960516E+04   -0.70158664E+01   -0.66647243E-02   -0.83163504E-03   -0.44544743E+02   -0.10420785E+05   -0.37315547E+04   -0.11249909E+02   -0.47561811E-02    0.67237234E-02    0.00000000E+00    0.11731464E+05    0.40704672E+04   -0.27893963E+01    0.14819699E-02   -0.11040579E-01    0.00000000E+00    0.37209231E+04    0.13806940E+04    0.40944906E+01   -0.32363108E-02   -0.74839331E-02
  0.2100   -0.28469664E+04   -0.13137447E+05   -0.15153889E+04   -0.66093464E+01   -0.59300120E-02   -0.12680086E-02   -0.40765547E+02   -0.92649857E+04   -0.31701684E+04   -0.10361223E+02   -0.40415068E-02    0.57113265E-02    0.00000000E+00    0.10945613E+05    0.36118429E+04   -0.25359977E+01    0.13581191E-02   -0.97534993E-02    0.00000000E+00    0.31638501E+04    0.10952983E+04    0.35942438E+01   -0.29876545E-02   -0.63572743E-02
  0.2200   -0.26801321E+04   -0.12210175E+05   -0.12012782E+04   -0.62323292E+01   -0.52980761E-02   -0.16024157E-02   -0.37916666E+02   -0.82713179E+04   -0.26773733E+04   -0.95627883E+01   -0.34141705E-02    0.48226082E-02    0.00000000E+00    0.10233900E+05    0.32167142E+04   -0.23200667E+01    0.12456295E-02   -0.86503990E-02    0.00000000E+00    0.26749880E+04    0.86497389E+03    0.31695473E+01   -0.27613583E-02   -0.54223987E-02
  0.2300   -0.25258043E+04   -0.11369068E+05   -0.92576047E+03   -0.58812647E+01   -0.47311412E-02   -0.18830945E-02   -0.38662870E+02   -0.73831378E+04   -0.22605895E+04   -0.88456665E+01   -0.28836207E-02    0.40709475E-02    0.00000000E+00    0.95818676E+04    0.28604318E+04   -0.21367338E+01    0.11220816E-02   -0.76778654E-02    0.00000000E+00    0.22617883E+04    0.71553253E+03    0.28106430E+01   -0.25126119E-02   -0.47139049E-02
  0.2400   -0.23860194E+04   -0.10591046E+05   -0.69009582E+03   -0.55554035E+01   -0.42303509E-02   -0.21073124E-02   -0.39928892E+02   -0.65991691E+04   -0.19409107E+04   -0.82036171E+01   -0.24767178E-02    0.34943779E-02    0.00000000E+00    0.89714661E+04    0.25439040E+04   -0.19795943E+01    0.10004154E-02   -0.68257529E-02    0.00000000E+00    0.19453665E+04    0.61430210E+03    0.25047014E+01   -0.22673227E-02   -0.41571864E-02
  0.2500   -0.22574887E+04   -0.98755775E+04   -0.50438239E+03   -0.52548289E+01   -0.38086129E-02   -0.22569106E-02   -0.38300475E+02   -0.59362682E+04   -0.16921724E+04   -0.76265947E+01   -0.21601439E-02    0.30457231E-02    0.00000000E+00    0.84037010E+04    0.22769150E+04   -0.18422906E+01    0.90478600E-03   -0.61000068E-02    0.00000000E+00    0.16995937E+04    0.51108821E+03    0.22389865E+01   -0.20738262E-02   -0.36461585E-02
  0.2600   -0.21358792E+04   -0.92315938E+04   -0.35866430E+03   -0.49773703E+01   -0.34519215E-02   -0.23485123E-02   -0.35285155E+02   -0.53739608E+04   -0.14664543E+04   -0.71030913E+01   -0.18728785E-02    0.26385804E-02    0.00000000E+00    0.78886967E+04    0.20515646E+04   -0.17215287E+01    0.83120747E-03   -0.54803080E-02    0.00000000E+00    0.14765910E+04    0.40578211E+03    0.20068901E+01   -0.19241728E-02   -0.31725372E-02
  0.2700   -0.20212776E+04   -0.86521042E+04   -0.23066613E+03   -0.47194176E+01   -0.31297046E-02   -0.24200740E-02   -0.34418516E+02   -0.48677923E+04   -0.12548473E+04   -0.66263565E+01   -0.16035766E-02    0.22568861E-02    0.00000000E+00    0.74227916E+04    0.18478679E+04   -0.16163096E+01    0.75609536E-03   -0.49287596E-02    0.00000000E+00    0.12674733E+04    0.33346650E+03    0.18063935E+01   -0.17712137E-02   -0.27971034E-02
  0.2800   -0.19163515E+04   -0.81172315E+04   -0.11358245E+03   -0.44789987E+01   -0.28320904E-02   -0.24826608E-02   -0.35583184E+02   -0.44021561E+04   -0.10841575E+04   -0.61941287E+01   -0.13863724E-02    0.19489732E-02    0.00000000E+00    0.69898627E+04    0.16588818E+04   -0.15247187E+01    0.67415026E-03   -0.44293004E-02    0.00000000E+00    0.10990546E+04    0.29874792E+03    0.16336464E+01   -0.16043687E-02   -0.25234488E-02
  0.2900   -0.18208321E+04   -0.76178413E+04   -0.18272642E+02   -0.42561284E+01   -0.25729163E-02   -0.25167016E-02   -0.35574809E+02   -0.39955821E+04   -0.96097993E+03   -0.58027800E+01   -0.12296640E-02    0.17267332E-02    0.00000000E+00    0.65822497E+04    0.14939221E+04   -0.14433237E+01    0.60355987E-03   -0.39924021E-02    0.00000000E+00    0.97794323E+03    0.26642978E+03    0.14817634E+01   -0.14600317E-02   -0.22796869E-02
  0.3000   -0.17311971E+04   -0.71608626E+04    0.51099438E+02   -0.40501938E+01   -0.23571101E-02   -0.25143145E-02   -0.33376917E+02   -0.36547999E+04   -0.85523121E+03   -0.54453956E+01   -0.10951437E-02    0.15359239E-02    0.00000000E+00    0.62066807E+04    0.13570252E+04   -0.13696727E+01    0.55398976E-03   -0.36208171E-02    0.00000000E+00    0.87408082E+03    0.21658502E+03    0.13458201E+01   -0.13575504E-02   -0.20238613E-02
  0.3100   -0.16455073E+04   -0.67498440E+04    0.10754436E+03   -0.38587620E+01   -0.21666182E-02   -0.24974720E-02   -0.31514384E+02   -0.33539987E+04   -0.74429553E+03   -0.51162114E+01   -0.95401275E-03    0.13357679E-02    0.00000000E+00    0.58675334E+04    0.12366533E+04   -0.13035389E+01    0.51119139E-03   -0.32932984E-02    0.00000000E+00    0.76487275E+03    0.17112116E+03    0.12253417E+01   -0.12684430E-02   -0.17948870E-02
  0.3200   -0.15654017E+04   -0.63734280E+04    0.16306117E+03   -0.36795291E+01   -0.19847539E-02   -0.24864018E-02   -0.31781164E+02   -0.30687839E+04   -0.64243588E+03   -0.48136905E+01   -0.82443342E-03    0.11519821E-02    0.00000000E+00    0.55558278E+04    0.11214718E+04   -0.12449844E+01    0.46064395E-03   -0.29894969E-02    0.00000000E+00    0.66458798E+03    0.15292988E+03    0.11204319E+01   -0.11636818E-02   -0.16341614E-02
  0.3300   -0.14924241E+04   -0.60189029E+04    0.21310197E+03   -0.35120554E+01   -0.18170407E-02   -0.24726362E-02   -0.32511063E+02   -0.28061699E+04   -0.57061487E+03   -0.45374257E+01   -0.73309910E-03    0.10223634E-02    0.00000000E+00    0.52605922E+04    0.10148800E+04   -0.11925021E+01    0.40946645E-03   -0.27127510E-02    0.00000000E+00    0.59419113E+03    0.14790134E+03    0.10280555E+01   -0.10575186E-02   -0.15125282E-02
  0.3400   -0.14249071E+04   -0.56872434E+04    0.24786431E+03   -0.33565773E+01   -0.16761066E-02   -0.24386463E-02   -0.31488957E+02   -0.25837760E+04   -0.51937136E+03   -0.42841937E+01   -0.66796209E-03    0.92985279E-03    0.00000000E+00    0.49826819E+04    0.92555033E+03   -0.11440777E+01    0.37242214E-03   -0.24749780E-02    0.00000000E+00    0.54423339E+03    0.12894667E+03    0.94416406E+00   -0.97949350E-03   -0.13761902E-02
  0.3600   -0.12983222E+04   -0.51125026E+04    0.29253477E+03   -0.30763538E+01   -0.14446525E-02   -0.23446182E-02   -0.28702014E+02   -0.22172133E+04   -0.40056282E+03   -0.38307932E+01   -0.51688744E-03    0.71542010E-03    0.00000000E+00    0.44985859E+04    0.78015680E+03   -0.10584720E+01    0.31895396E-03   -0.20811517E-02    0.00000000E+00    0.42764265E+03    0.81551058E+02    0.79989230E+00   -0.86434674E-03   -0.11152337E-02
  0.3700   -0.12411450E+04   -0.48558481E+04    0.31713877E+03   -0.29486073E+01   -0.13335878E-02   -0.23092463E-02   -0.29333712E+02   -0.20432008E+04   -0.35105979E+03   -0.36290489E+01   -0.45394960E-03    0.62606481E-03    0.00000000E+00    0.42814746E+04    0.71014357E+03   -0.10217486E+01    0.28397435E-03   -0.19007398E-02    0.00000000E+00    0.37907925E+03    0.83072602E+02    0.74038779E+00   -0.79013574E-03   -0.10457036E-02
  0.3800   -0.11888399E+04   -0.46110406E+04    0.33557182E+03   -0.28291000E+01   -0.12354148E-02   -0.22677814E-02   -0.29294122E+02   -0.18887153E+04   -0.32234426E+03   -0.34435007E+01   -0.41747653E-03    0.57419629E-03    0.00000000E+00    0.40733641E+04    0.64828042E+03   -0.98762984E+00    0.25428487E-03   -0.17401110E-02    0.00000000E+00    0.35119357E+03    0.81643251E+02    0.68638132E+00   -0.72642185E-03   -0.97759243E-03
  0.3900   -0.11392787E+04   -0.43838703E+04    0.34338326E+03   -0.27177779E+01   -0.11557693E-02   -0.22121674E-02   -0.27757081E+02   -0.17617856E+04   -0.29677065E+03   -0.32710808E+01   -0.38499867E-03    0.52799848E-03    0.00000000E+00    0.38793894E+04    0.59862190E+03   -0.95517513E+00    0.23679616E-03   -0.16048283E-02    0.00000000E+00    0.32635234E+03    0.64573581E+02    0.63597212E+00   -0.68703663E-03   -0.88569339E-03
  0.4000   -0.10911537E+04   -0.41782750E+04    0.34795395E+03   -0.26133373E+01   -0.10844576E-02   -0.21549170E-02   -0.26333468E+02   -0.16480239E+04   -0.26031292E+03   -0.31091832E+01   -0.33865552E-03    0.46218159E-03    0.00000000E+00    0.37034311E+04    0.55457533E+03   -0.92480470E+00    0.22236392E-03   -0.14837539E-02    0.00000000E+00    0.29054025E+03    0.47005108E+02    0.58998148E+00   -0.65370082E-03   -0.79830921E-03
  0.4100   -0.10456025E+04   -0.39879440E+04    0.35673602E+03   -0.25144838E+01   -0.10112007E-02   -0.21086777E-02   -0.26350185E+02   -0.15326252E+04   -0.22351609E+03   -0.29578665E+01   -0.29187500E-03    0.39575887E-03    0.00000000E+00    0.35402876E+04    0.50913577E+03   -0.89706655E+00    0.20108396E-03   -0.13652418E-02    0.00000000E+00    0.25430350E+03    0.45519008E+02    0.54948651E+00   -0.60661491E-03   -0.74665141E-03
  0.4200   -0.10038973E+04   -0.38049744E+04    0.36612678E+03   -0.24211636E+01   -0.94055510E-03   -0.20669222E-02   -0.26777919E+02   -0.14217190E+04   -0.20216433E+03   -0.28178795E+01   -0.26475641E-03    0.35719003E-03    0.00000000E+00    0.33829678E+04    0.46514450E+03   -0.87135682E+00    0.17770257E-03   -0.12532866E-02    0.00000000E+00    0.23342497E+03    0.51474339E+02    0.51326087E+00   -0.55528036E-03   -0.71363808E-03
  0.4300   -0.96511762E+03   -0.36306321E+04    0.36853932E+03   -0.23338126E+01   -0.88244977E-03   -0.20162389E-02   -0.26023454E+02   -0.13293057E+04   -0.19116976E+03   -0.26879146E+01   -0.25082103E-03    0.33730128E-03    0.00000000E+00    0.32324443E+04    0.42931805E+03   -0.84661338E+00    0.16274085E-03   -0.11580304E-02    0.00000000E+00    0.22282303E+03    0.46280540E+02    0.47916198E+00   -0.52074810E-03   -0.66312741E-03
  0.4400   -0.92747278E+03   -0.34710266E+04    0.36520181E+03   -0.22519471E+01   -0.83502685E-03   -0.19585483E-02   -0.24485621E+02   -0.12528718E+04   -0.17349177E+03   -0.25654730E+01   -0.22836970E-03    0.30536735E-03    0.00000000E+00    0.30942344E+04    0.40064784E+03   -0.82273455E+00    0.15512049E-03   -0.10774486E-02    0.00000000E+00    0.20546770E+03    0.31410889E+02    0.44696850E+00   -0.50086950E-03   -0.59750322E-03
  0.4500   -0.89093163E+03   -0.33255730E+04    0.36403073E+03   -0.21743685E+01   -0.78747463E-03   -0.19073934E-02   -0.23788358E+02   -0.11770710E+04   -0.14749294E+03   -0.24497006E+01   -0.19531740E-03    0.25843579E-03    0.00000000E+00    0.29681313E+04    0.37193651E+03   -0.80041538E+00    0.14442046E-03   -0.99981993E-03    0.00000000E+00    0.17972624E+03    0.24543655E+02    0.41805294E+00   -0.47480983E-03   -0.55031691E-03
  0.4600   -0.85691671E+03   -0.31869911E+04    0.36697504E+03   -0.21005420E+01   -0.73698603E-03   -0.18659628E-02   -0.24128431E+02   -0.10976972E+04   -0.12807495E+03   -0.23415431E+01   -0.17063979E-03    0.22337513E-03    0.00000000E+00    0.28478220E+04    0.34112738E+03   -0.77976313E+00    0.12784352E-03   -0.92161444E-03    0.00000000E+00    0.16049859E+03    0.30254719E+02    0.39261259E+00   -0.43698180E-03   -0.53005863E-03
  0.4700   -0.82573852E+03   -0.30520602E+04    0.36761467E+03   -0.20308785E+01   -0.69198906E-03   -0.18229336E-02   -0.24056561E+02   -0.10265368E+04   -0.12152622E+03   -0.22411382E+01   -0.16234449E-03    0.21152366E-03    0.00000000E+00    0.27303291E+04    0.31378093E+03   -0.75996735E+00    0.11397491E-03   -0.85135332E-03    0.00000000E+00    0.15407433E+03    0.33480271E+02    0.36900960E+00   -0.40456314E-03   -0.50756319E-03
  0.4800   -0.79597349E+03   -0.29253535E+04    0.36216576E+03   -0.19655393E+01   -0.65740196E-03   -0.17715832E-02   -0.22879838E+02   -0.97062193E+03   -0.11573365E+03   -0.21467562E+01   -0.15500698E-03    0.20104066E-03    0.00000000E+00    0.26196311E+04    0.29333369E+03   -0.74047615E+00    0.10822047E-03   -0.79420306E-03    0.00000000E+00    0.14834833E+03    0.24647537E+02    0.34612368E+00   -0.38837237E-03   -0.46419904E-03
  0.4900   -0.76664523E+03   -0.28104557E+04    0.35556448E+03   -0.19037515E+01   -0.62646829E-03   -0.17203411E-02   -0.21713609E+02   -0.92046335E+03   -0.10032784E+03   -0.20568639E+01   -0.13542316E-03    0.17322942E-03    0.00000000E+00    0.25190713E+04    0.27539647E+03   -0.72170855E+00    0.10423934E-03   -0.74300141E-03    0.00000000E+00    0.13295851E+03    0.14499054E+02    0.32477679E+00   -0.37573386E-03   -0.42033934E-03
  0.5000   -0.73857692E+03   -0.27033879E+04    0.35327184E+03   -0.18446893E+01   -0.59173074E-03   -0.16785504E-02   -0.21599865E+02   -0.86539796E+03   -0.82846987E+02   -0.19718243E+01   -0.11319214E-03    0.14168166E-03    0.00000000E+00    0.24253182E+04    0.25490255E+03   -0.70419519E+00    0.94622609E-04   -0.68956982E-03    0.00000000E+00    0.11544349E+03    0.15669950E+02    0.30601453E+00   -0.35183560E-03   -0.40004327E-03
  0.5500   -0.62039768E+03   -0.22363918E+04    0.33108054E+03   -0.15917170E+01   -0.45787992E-03   -0.14764294E-02   -0.19569596E+02   -0.65143114E+03   -0.45976465E+02   -0.16163658E+01   -0.66316221E-04    0.75127621E-04    0.00000000E+00    0.20142160E+04    0.17794342E+03   -0.62513100E+00    0.62776497E-04   -0.48465577E-03    0.00000000E+00    0.77721990E+02    0.12559695E+02    0.22983029E+00   -0.26518399E-03   -0.30382314E-03
  0.6000   -0.52715481E+03   -0.18774717E+04    0.30446175E+03   -0.13938219E+01   -0.36393385E-03   -0.13005922E-02   -0.17562915E+02   -0.50076282E+03   -0.25583555E+02   -0.13462131E+01   -0.40317412E-04    0.38388862E-04    0.00000000E+00    0.16960826E+04    0.12668666E+03   -0.55740443E+00    0.43045237E-04   -0.34669870E-03    0.00000000E+00    0.55614144E+02    0.10967474E+02    0.17611583E+00   -0.20378933E-03   -0.23753010E-03
  0.6500   -0.45243546E+03   -0.15962244E+04    0.27675650E+03   -0.12362554E+01   -0.29673902E-03   -0.11481638E-02   -0.15530588E+02   -0.39282353E+03   -0.14644151E+02   -0.11371144E+01   -0.26266856E-04    0.18784997E-04    0.00000000E+00    0.14455225E+04    0.92474556E+02   -0.49784462E+00    0.31695276E-04   -0.25279716E-03    0.00000000E+00    0.42385467E+02    0.88644502E+01    0.13706061E+00   -0.16062725E-03   -0.18789820E-03
  0.7000   -0.39169690E+03   -0.13723687E+04    0.24973796E+03   -0.11087095E+01   -0.24781510E-03   -0.10161190E-02   -0.13504116E+02   -0.31437148E+03   -0.85921126E+01   -0.97267550E+00   -0.18365964E-04    0.80671557E-05    0.00000000E+00    0.12453626E+04    0.69691031E+02   -0.44468550E+00    0.25984696E-04   -0.18841559E-03    0.00000000E+00    0.33706416E+02    0.57760264E+01    0.10794491E+00   -0.13051077E-03   -0.14828037E-03
  0.7500   -0.34168342E+03   -0.11918622E+04    0.22448458E+03   -0.10038249E+01   -0.21133374E-03   -0.90194712E-03   -0.11567584E+02   -0.25631563E+03   -0.46281159E+01   -0.84151489E+00   -0.13065524E-04    0.11725971E-05    0.00000000E+00    0.10835639E+04    0.54459910E+02   -0.39691751E+00    0.23715321E-04   -0.14382733E-03    0.00000000E+00    0.26965750E+02    0.22070296E+01    0.85833570E-01   -0.10921487E-03   -0.11600467E-03
  0.8000   -0.30004829E+03   -0.10445926E+04    0.20167803E+03   -0.91626078E+00   -0.18317411E-03   -0.80362450E-03   -0.98173085E+01   -0.21221348E+03   -0.13518595E+01   -0.73556871E+00   -0.85967726E-05   -0.44378577E-05    0.00000000E+00    0.95135686E+03    0.44036996E+02   -0.35392987E+00    0.23142020E-04   -0.11233516E-03    0.00000000E+00    0.20907094E+02   -0.94498373E+00    0.68841109E-01   -0.93316458E-04   -0.90409272E-04
  0.8500   -0.26508933E+03   -0.92302285E+03    0.18166159E+03   -0.84209638E+00   -0.16048822E-03   -0.71935922E-03   -0.83238017E+01   -0.17756790E+03    0.16013112E+01   -0.64902713E+00   -0.45082930E-05   -0.94346310E-05    0.00000000E+00    0.84213770E+03    0.36530949E+02   -0.31530720E+00    0.23022085E-04   -0.89363192E-04    0.00000000E+00    0.15270638E+02   -0.29054425E+01    0.55698680E-01   -0.80314325E-04   -0.71375905E-04
  0.9000   -0.23555237E+03   -0.82141924E+03    0.16444440E+03   -0.77843352E+00   -0.14145764E-03   -0.64736098E-03   -0.71083376E+01   -0.14943542E+03    0.39887635E+01   -0.57763456E+00   -0.11203362E-05   -0.13391528E-04    0.00000000E+00    0.75083776E+03    0.30746121E+02   -0.28071617E+00    0.22656761E-04   -0.71931841E-04    0.00000000E+00    0.10370527E+02   -0.33549644E+01    0.45497187E-01   -0.68732381E-04   -0.58411034E-04
  0.9500   -0.21048343E+03   -0.73541534E+03    0.14974300E+03   -0.72311911E+00   -0.12507628E-03   -0.58575165E-03   -0.61400586E+01   -0.12609284E+03    0.53959809E+01   -0.51821326E+00    0.10296874E-05   -0.15570725E-04    0.00000000E+00    0.67356746E+03    0.26039398E+02   -0.24984894E+00    0.21846489E-04   -0.58262158E-04    0.00000000E+00    0.66654601E+01   -0.25158391E+01    0.37542404E-01   -0.58048344E-04   -0.50308515E-04
  1.0000   -0.18912260E+03   -0.66174220E+03    0.13708386E+03   -0.67454323E+00   -0.11090121E-03   -0.53263150E-03   -0.53518226E+01   -0.10666913E+03    0.55796493E+01   -0.46833611E+00    0.16240559E-05   -0.15541401E-04    0.00000000E+00    0.60739551E+03    0.22153339E+02   -0.22240275E+00    0.20748024E-04   -0.47405398E-04    0.00000000E+00    0.44214350E+01   -0.10115701E+01    0.31282867E-01   -0.48423733E-04   -0.45311698E-04
  1.1000   -0.15508372E+03   -0.54254227E+03    0.11588762E+03   -0.59301540E+00   -0.88638661E-04   -0.44515999E-03   -0.40241232E+01   -0.78067271E+02    0.30072900E+01   -0.39001785E+00   -0.94723264E-06   -0.10198980E-04    0.00000000E+00    0.50035933E+03    0.16676812E+02   -0.17659865E+00    0.18891832E-04   -0.32413380E-04    0.00000000E+00    0.35998634E+01    0.11690379E+01    0.22205936E-01   -0.34086899E-04   -0.37683374E-04
  1.2000   -0.12941862E+03   -0.45171388E+03    0.98148106E+02   -0.52700219E+00   -0.73361919E-04   -0.37530869E-03   -0.27915690E+01   -0.60596761E+02   -0.27841881E-01   -0.33169656E+00   -0.41566119E-05   -0.40709580E-05    0.00000000E+00    0.41875045E+03    0.13848102E+02   -0.14114301E+00    0.18407694E-04   -0.24195162E-04    0.00000000E+00    0.41392036E+01    0.19393412E+00    0.15989493E-01   -0.26997979E-04   -0.27594606E-04
  1.3000   -0.10943234E+03   -0.38198481E+03    0.83623748E+02   -0.47212812E+00   -0.62158960E-04   -0.31942241E-03   -0.17778813E+01   -0.49369329E+02   -0.44992518E+00   -0.28652365E+00   -0.41048743E-05   -0.27207064E-05    0.00000000E+00    0.35597065E+03    0.12115177E+02   -0.11423712E+00    0.18071052E-04   -0.19200565E-04    0.00000000E+00    0.28129230E+01   -0.18357677E+01    0.11655411E-01   -0.23457059E-04   -0.17809429E-04
  1.4000   -0.93610828E+02   -0.32734729E+03    0.72750990E+02   -0.42553626E+00   -0.52252155E-04   -0.27606622E-03   -0.11863754E+01   -0.39968410E+02    0.72721611E+00   -0.25049171E+00   -0.20888536E-05   -0.43260904E-05    0.00000000E+00    0.30661713E+03    0.99581170E+01   -0.94306648E-01    0.16218458E-04   -0.14417093E-04    0.00000000E+00    0.46460949E+00   -0.18110195E+01    0.87846834E-02   -0.19098288E-04   -0.13526795E-04
  1.5000   -0.81092501E+02   -0.28291792E+03    0.64701190E+02   -0.38545333E+00   -0.43224430E-04   -0.24227377E-03   -0.91654094E+00   -0.31517692E+02    0.78695081E+00   -0.22123887E+00   -0.15664803E-05   -0.39874874E-05    0.00000000E+00    0.26631910E+03    0.73760412E+01   -0.79835518E-01    0.13197775E-04   -0.94941743E-05    0.00000000E+00   -0.34437886E+00   -0.53926478E-01    0.69063946E-02   -0.13812818E-04   -0.13646916E-04
  1.6000   -0.71108329E+02   -0.24596088E+03    0.57829189E+02   -0.35076865E+00   -0.36191363E-04   -0.21409940E-03   -0.68193051E+00   -0.25455734E+02   -0.66219796E+00   -0.19706772E+00   -0.30308760E-05   -0.99366360E-06    0.00000000E+00    0.23262848E+03    0.53478295E+01   -0.69433927E-01    0.10679521E-04   -0.57727567E-05    0.00000000E+00    0.65146460E+00    0.78723857E+00    0.54926984E-02   -0.10352021E-04   -0.12773913E-04
  2.0000   -0.45053296E+02   -0.15184594E+03    0.38423375E+02   -0.25069364E+00   -0.19840522E-04   -0.13804774E-03   -0.96381573E-01   -0.13299238E+02    0.51552242E-01   -0.13018640E+00   -0.11050585E-05   -0.12636559E-05    0.00000000E+00    0.14545816E+03    0.51590578E+00   -0.51016463E-01    0.40877014E-05    0.25005482E-05    0.00000000E+00   -0.46448436E+00    0.26410104E+00    0.22456570E-02   -0.52819592E-05   -0.60944503E-05
  2.5000   -0.28613553E+02   -0.92795575E+02    0.25379994E+02   -0.18004515E+00   -0.10548748E-04   -0.88628780E-04    0.35040992E-01   -0.64720933E+01    0.92137970E-01   -0.83335298E-01   -0.45773861E-06   -0.74119556E-06    0.00000000E+00    0.89179072E+02   -0.25464351E+01   -0.45259453E-01   -0.64236040E-06    0.71915948E-05    0.00000000E+00   -0.25600261E+00    0.26145794E+00    0.66895473E-03   -0.23837997E-05   -0.31881594E-05
  3.0000   -0.19567576E+02   -0.61940494E+02    0.17644176E+02   -0.14218370E+00   -0.66468198E-05   -0.60928070E-04    0.63461152E-01   -0.34101098E+01    0.88580542E-01   -0.56255755E-01   -0.19611213E-06   -0.46862486E-06    0.00000000E+00    0.59064409E+02   -0.34992649E+01   -0.38477684E-01   -0.23665165E-05    0.83987623E-05    0.00000000E+00   -0.70128868E-01    0.17031888E+00   -0.42157498E-04   -0.12065893E-05   -0.17305651E-05
  4.0000   -0.10347293E+02   -0.32925226E+02    0.92191181E+01   -0.11043138E+00   -0.40972085E-05   -0.32459273E-04    0.10814474E+00   -0.11282345E+01   -0.12918064E-01   -0.28857029E-01   -0.13169782E-06   -0.91956170E-07    0.00000000E+00    0.30381443E+02   -0.30841122E+01   -0.12382209E-01   -0.22771805E-05    0.72109061E-05    0.00000000E+00    0.13726192E+00   -0.74734555E-01   -0.62047581E-03   -0.47011636E-06   -0.24019997E-06
  5.0000   -0.60237110E+01   -0.20385622E+02    0.50815756E+01   -0.10037861E+00   -0.34128981E-05   -0.19046061E-04    0.15611581E+00   -0.46692933E+00   -0.54462352E-01   -0.16812882E-01   -0.12807753E-06    0.39472634E-07    0.00000000E+00    0.18111243E+02   -0.20105988E+01    0.21026191E-01   -0.10741222E-05    0.51113645E-05    0.00000000E+00    0.16578253E+00   -0.29143643E+00   -0.83195410E-03   -0.35706096E-06    0.53952576E-06
  6.0000   -0.37301086E+01   -0.13904313E+02    0.28846481E+01   -0.95808134E-01   -0.30380844E-05   -0.11912531E-04    0.19213679E+00   -0.22880121E+00   -0.17064203E-01   -0.10936626E-01   -0.59674193E-07   -0.71771951E-08    0.00000000E+00    0.11977584E+02   -0.11034655E+01    0.52531060E-01   -0.24799934E-07    0.33699454E-05    0.00000000E+00    0.94416258E-01   -0.41902430E+00   -0.92052231E-03   -0.34379917E-06    0.94530399E-06
  7.0000   -0.24223042E+01   -0.10117525E+02    0.16857645E+01   -0.91822539E-01   -0.26722480E-05   -0.78584014E-05    0.21265656E+00   -0.93615850E-01    0.50191725E-01   -0.78296601E-02    0.35651575E-07   -0.11876026E-06    0.00000000E+00    0.85454538E+01   -0.49039592E+00    0.78328975E-01    0.65631560E-06    0.21649893E-05    0.00000000E+00   -0.28809986E-02   -0.44770231E+00   -0.95152880E-03   -0.29519414E-06    0.10821352E-05
  8.0000   -0.16408222E+01   -0.76913412E+01    0.10298411E+01   -0.87190133E-01   -0.22870726E-05   -0.54553171E-05    0.22096849E+00    0.23002086E-01    0.99046074E-01   -0.60568272E-02    0.10351908E-06   -0.20119024E-06    0.00000000E+00    0.64362289E+01   -0.12461005E+00    0.97710146E-01    0.10218625E-05    0.14052178E-05    0.00000000E+00   -0.73222795E-01   -0.40387342E+00   -0.95108338E-03   -0.19867974E-06    0.10438127E-05
  9.0000   -0.11585474E+01   -0.60208974E+01    0.67023319E+00   -0.81867971E-01   -0.19130813E-05   -0.39750136E-05    0.22257902E+00    0.12670327E+00    0.10499029E+00   -0.49629605E-02    0.11500245E-06   -0.20799389E-06    0.00000000E+00    0.50301963E+01    0.73413221E-01    0.11129087E+00    0.11771155E-05    0.95126413E-06    0.00000000E+00   -0.93139046E-01   -0.33151742E+00   -0.93403115E-03   -0.87469805E-07    0.93242368E-06
 10.0000   -0.85329449E+00   -0.48077847E+01    0.46618072E+00   -0.76133575E-01   -0.15825229E-05   -0.30166999E-05    0.22253083E+00    0.20160281E+00    0.70876887E-01   -0.42322583E-02    0.74551128E-07   -0.14349737E-06    0.00000000E+00    0.40291885E+01    0.17296741E+00    0.12010146E+00    0.12152583E-05    0.68313445E-06    0.00000000E+00   -0.67575555E-01   -0.27208600E+00   -0.90998319E-03   -0.13719346E-08    0.83568436E-06
 12.0000   -0.52107497E+00   -0.32003004E+01    0.24935681E+00   -0.64560983E-01   -0.11033813E-05   -0.18705126E-05    0.22745389E+00    0.23474486E+00   -0.26673011E-01   -0.32981197E-02   -0.45311374E-07    0.36746548E-07    0.00000000E+00    0.27140124E+01    0.24558600E+00    0.12743560E+00    0.11638630E-05    0.40833237E-06    0.00000000E+00    0.22381203E-01   -0.26489001E+00   -0.85996941E-03    0.25772454E-07    0.84069070E-06
 16.0000   -0.26187689E+00   -0.16757284E+01    0.93294541E-01   -0.45133631E-01   -0.58571611E-06   -0.87273118E-06    0.23687358E+00    0.18826529E+00    0.14979758E-01   -0.22265945E-02    0.12778598E-07   -0.33305731E-07    0.00000000E+00    0.14423070E+01    0.20522948E+00    0.12042268E+00    0.91626293E-06    0.28488672E-06    0.00000000E+00   -0.20492322E-01   -0.34413059E+00   -0.75672637E-03   -0.53937019E-07    0.10047601E-05
 20.0000   -0.17472233E+00   -0.98919970E+00    0.85196563E-01   -0.32070060E-01   -0.28890577E-06   -0.55100789E-06    0.22966032E+00    0.24339590E+00   -0.12231571E-01   -0.16041767E-02   -0.19367844E-07    0.18261850E-07    0.00000000E+00    0.83265737E+00    0.84426679E-01    0.10322296E+00    0.62748516E-06    0.36775154E-06    0.00000000E+00    0.84244443E-02   -0.27972785E+00   -0.64800469E-03    0.20798713E-07    0.88136469E-06
 25.0000   -0.11731618E+00   -0.60958223E+00    0.47082655E-01   -0.22261342E-01   -0.16320197E-06   -0.30804894E-06    0.22882772E+00    0.21690219E+00    0.15406780E-01   -0.11215576E-02    0.17356313E-07   -0.30041724E-07    0.00000000E+00    0.47214692E+00    0.74280268E-02    0.79250421E-01    0.42310862E-06    0.40025674E-06    0.00000000E+00   -0.17762159E-01   -0.30520339E+00   -0.53973143E-03   -0.14651552E-07    0.92428841E-06
 30.0000   -0.87451233E-01   -0.40720578E+00    0.33019820E-01   -0.16762832E-01   -0.97246016E-07   -0.19882951E-06    0.22358239E+00    0.21790939E+00   -0.14279293E-01   -0.82174882E-03   -0.19677710E-07    0.24251679E-07    0.00000000E+00    0.26944503E+00   -0.58568353E-01    0.56202284E-01    0.25829321E-06    0.43847524E-06    0.00000000E+00    0.12691852E-01   -0.29084784E+00   -0.44397315E-03   -0.76237014E-08    0.88715225E-06
 40.0000   -0.45691872E-01   -0.24385409E+00    0.93039048E-02   -0.12202063E-01   -0.58046009E-07   -0.86668915E-07    0.21214724E+00    0.20225505E+00    0.47456749E-03   -0.44976598E-03   -0.12394405E-09   -0.15839225E-08    0.00000000E+00    0.89783882E-01   -0.13770114E+00    0.16887664E-01    0.38045926E-07    0.46167523E-06    0.00000000E+00   -0.12167439E-02   -0.27299749E+00   -0.29058402E-03   -0.13212465E-07    0.82664798E-06
 50.0000   -0.20322977E-01   -0.17260078E+00   -0.12940169E-02   -0.11628978E-01   -0.47911546E-07   -0.43930581E-07    0.19651916E+00    0.19578929E+00    0.68718457E-02   -0.21696822E-03    0.84607483E-08   -0.12680073E-07    0.00000000E+00    0.54933376E-02   -0.17717925E+00   -0.11301632E-01   -0.99251328E-07    0.44583002E-06    0.00000000E+00   -0.71333969E-02   -0.23384283E+00   -0.17537497E-03   -0.13507606E-08    0.71805271E-06
 60.0000   -0.41308272E-02   -0.12979012E+00   -0.96258549E-02   -0.12543664E-01   -0.50568588E-07   -0.20955222E-07    0.17885158E+00    0.18424509E+00    0.15920013E-02   -0.57973907E-04    0.20350542E-08   -0.28626426E-08    0.00000000E+00   -0.41095487E-01   -0.18200711E+00   -0.28239541E-01   -0.16576505E-06    0.39416893E-06    0.00000000E+00   -0.15839188E-02   -0.19314280E+00   -0.93443162E-04    0.66081796E-08    0.60080045E-06
 70.0000    0.68765743E-02   -0.10167996E+00   -0.18776568E-01   -0.13655278E-01   -0.59955925E-07   -0.21909386E-08    0.16030432E+00    0.16241196E+00   -0.39139713E-02    0.49905446E-04   -0.47800223E-08    0.72610762E-08    0.00000000E+00   -0.64111782E-01   -0.16058730E+00   -0.35404560E-01   -0.17705187E-06    0.31698534E-06    0.00000000E+00    0.40491510E-02   -0.15908635E+00   -0.39110451E-04    0.25290237E-08    0.49194864E-06
 80.0000    0.14884921E-01   -0.84041035E-01   -0.25241307E-01   -0.14269677E-01   -0.67103243E-07    0.10550125E-07    0.14070229E+00    0.13758982E+00   -0.20083354E-02    0.11964295E-03   -0.22359227E-08    0.39426007E-08    0.00000000E+00   -0.70262299E-01   -0.12516758E+00   -0.34950025E-01   -0.15498256E-06    0.23008801E-06    0.00000000E+00    0.21842581E-02   -0.12463543E+00   -0.52802792E-05   -0.40496603E-08    0.37938376E-06
 90.0000    0.20326182E-01   -0.71569485E-01   -0.25778232E-01   -0.14095581E-01   -0.65852110E-07    0.13453077E-07    0.11987116E+00    0.11746835E+00    0.28574580E-02    0.16012083E-03    0.40189466E-08   -0.47718519E-08    0.00000000E+00   -0.67198825E-01   -0.85667140E-01   -0.29087689E-01   -0.11784094E-06    0.14570889E-06    0.00000000E+00   -0.26886058E-02   -0.82378554E-01    0.14528426E-04   -0.30984630E-08    0.25033422E-06
100.0000    0.23035029E-01   -0.59429798E-01   -0.22170998E-01   -0.13111685E-01   -0.58003720E-07    0.10204026E-07    0.98660718E-01    0.10072066E+00    0.30367255E-02    0.17803551E-03    0.42641583E-08   -0.50781460E-08    0.00000000E+00   -0.61564571E-01   -0.45670580E-01   -0.19790141E-01   -0.73817153E-07    0.66685652E-07    0.00000000E+00   -0.28990101E-02   -0.35980495E-01    0.24744252E-04    0.26185400E-08    0.11331038E-06
110.0000    0.23475192E-01   -0.47050147E-01   -0.18662509E-01   -0.11459209E-01   -0.49280677E-07    0.81334134E-08    0.78428675E-01    0.81444256E-01   -0.11193758E-02    0.17928968E-03   -0.10403355E-08    0.24033571E-08    0.00000000E+00   -0.55513444E-01   -0.51178943E-02   -0.86905915E-02   -0.24895164E-07   -0.91502690E-08    0.00000000E+00    0.12181157E-02    0.53051913E-02    0.28204272E-04    0.38592210E-08   -0.12461882E-07
120.0000    0.22641662E-01   -0.36969099E-01   -0.16555552E-01   -0.93616080E-02   -0.41761042E-07    0.91711233E-08    0.59910347E-01    0.59144482E-01   -0.28638778E-02    0.16905499E-03   -0.32937258E-08    0.55168227E-08    0.00000000E+00   -0.47815803E-01    0.34495610E-01    0.29198526E-02    0.25300867E-07   -0.80822811E-07    0.00000000E+00    0.29272322E-02    0.38898679E-01    0.27414460E-04   -0.94067093E-09   -0.12061013E-06
130.0000    0.21055104E-01   -0.30138688E-01   -0.13551245E-01   -0.70697473E-02   -0.32805843E-07    0.88837498E-08    0.43071572E-01    0.39879765E-01    0.45118187E-03    0.15094417E-03    0.88240081E-09   -0.50563319E-09    0.00000000E+00   -0.38154011E-01    0.69232193E-01    0.14054283E-01    0.70042461E-07   -0.14294624E-06    0.00000000E+00   -0.41440384E-03    0.70352616E-01    0.24852217E-04   -0.40197109E-08   -0.22045532E-06
140.0000    0.18407408E-01   -0.24172496E-01   -0.82312419E-02   -0.48271008E-02   -0.20962443E-07    0.43604800E-08    0.28036219E-01    0.27739957E-01    0.35224271E-02    0.12686913E-03    0.47393946E-08   -0.60971416E-08    0.00000000E+00   -0.28814277E-01    0.96501324E-01    0.23979776E-01    0.10502220E-06   -0.19185835E-06    0.00000000E+00   -0.35041015E-02    0.10299242E+00    0.22162447E-04   -0.32491777E-09   -0.31717494E-06
150.0000    0.14378853E-01   -0.16684498E-01   -0.29939528E-02   -0.28486924E-02   -0.98444694E-08   -0.63375279E-09    0.15685219E-01    0.19289643E-01    0.10712904E-02    0.98099684E-04    0.15585883E-08   -0.17371723E-08    0.00000000E+00   -0.21858733E-01    0.11752838E+00    0.32167867E-01    0.13191334E-06   -0.22965569E-06    0.00000000E+00   -0.10657095E-02    0.13117548E+00    0.19680602E-04    0.46478137E-08   -0.39890570E-06
160.0000    0.94678660E-02   -0.87518439E-02   -0.12514006E-02   -0.13087261E-02   -0.43473420E-08   -0.49748290E-09    0.70484721E-02    0.88969233E-02   -0.39658516E-02    0.66306729E-04   -0.49187422E-08    0.72819629E-08    0.00000000E+00   -0.16156965E-01    0.13473720E+00    0.38251511E-01    0.15433524E-06   -0.26017569E-06    0.00000000E+00    0.39640892E-02    0.14684808E+00    0.17185923E-04    0.24147812E-08   -0.44935453E-06
170.0000    0.46893575E-02   -0.36076667E-02   -0.29439383E-02   -0.33388419E-03   -0.46248765E-08    0.44319734E-08    0.23455222E-02   -0.27487739E-02   -0.35091691E-02    0.33396028E-04   -0.44023412E-08    0.63934076E-08    0.00000000E+00   -0.85985953E-02    0.14766494E+00    0.41991369E-01    0.17164793E-06   -0.28263441E-06    0.00000000E+00    0.35065781E-02    0.14999221E+00    0.14991365E-04   -0.64253724E-08   -0.46786741E-06
179.9000   -0.10489404E-02    0.16377098E-01   -0.22718691E-01   -0.25189827E-05   -0.30448771E-07    0.39443923E-07    0.72001413E-02   -0.45448216E-01   -0.33383300E-01   -0.31311200E-05   -0.42509416E-07    0.60192309E-07    0.00000000E+00   -0.12593047E-01    0.17122489E+00    0.43254660E-01    0.20624166E-06   -0.32052147E-06    0.00000000E+00    0.33370709E-01    0.10131522E+00    0.95442476E-05   -0.66986995E-07   -0.37867722E-06
180.0000    0.00000000E+00    0.00000000E+00    0.00000000E+00    0.00000000E+00    0.00000000E+00    0.00000000E+00    0.00000000E+00    0.00000000E+00    0.00000000E+00    0.00000000E+00    0.00000000E+00    0.00000000E+00    0.00000000E+00    0.00000000E+00    0.27068237E+00    0.27620650E+02    0.35519225E-06   -0.47754584E-06    0.00000000E+00    0.00000000E+00   -0.15598139E+00   -0.15916468E+02   -0.36489177E-06    0.11497563E-06
