  0.0000    0.00000000E+00    0.00000000E+00    0.00000000E+00    0.00000000E+00    0.00000000E+00    0.00000000E+00    0.00000000E+00    0.00000000E+00    0.00000000E+00    0.00000000E+00    0.00000000E+00    0.00000000E+00    0.00000000E+00    0.00000000E+00   -0.19914799E+05   -0.47371790E+02   -0.10144631E+00   -0.40179627E-01    0.00000000E+00    0.00000000E+00    0.23885302E+06    0.93335200E+02    0.20271456E+00   -0.53210245E+00
  0.0003   -0.38524643E+02   -0.38529868E+02   -0.13930411E+01   -0.47606292E-03   -0.20321541E-05    0.22534535E-05   -0.27463684E+03   -0.27782462E+03   -0.87783136E+03   -0.34481713E+00   -0.11178232E-02    0.15827724E-02    0.00000000E+00   -0.70277551E+02   -0.19912828E+05   -0.47370840E+02   -0.10144225E+00   -0.40181630E-01    0.00000000E+00    0.87663935E+03    0.23884502E+06    0.93333299E+02    0.20270644E+00   -0.53208595E+00
  0.0004   -0.51365482E+02   -0.51377867E+02   -0.24764558E+01   -0.84631990E-03   -0.36126321E-05    0.40060359E-05   -0.27461233E+03   -0.28027935E+03   -0.11704124E+04   -0.45974901E+00   -0.14903935E-02    0.21103101E-02    0.00000000E+00   -0.93696342E+02   -0.19911295E+05   -0.47370100E+02   -0.10143910E+00   -0.40183187E-01    0.00000000E+00    0.11688231E+04    0.23883879E+06    0.93331819E+02    0.20270012E+00   -0.53207313E+00
  0.0005   -0.64205713E+02   -0.64229902E+02   -0.38693381E+01   -0.13223463E-02   -0.56445642E-05    0.62592228E-05   -0.27458083E+03   -0.28343528E+03   -0.14629682E+04   -0.57467474E+00   -0.18629316E-02    0.26378023E-02    0.00000000E+00   -0.11710908E+03   -0.19909325E+05   -0.47369150E+02   -0.10143504E+00   -0.40185189E-01    0.00000000E+00    0.14609815E+04    0.23883079E+06    0.93329918E+02    0.20269200E+00   -0.53205663E+00
  0.0006   -0.77045184E+02   -0.77086981E+02   -0.55716285E+01   -0.19041286E-02   -0.81278671E-05    0.90129143E-05   -0.27454232E+03   -0.28729225E+03   -0.17554924E+04   -0.68959280E+00   -0.22354296E-02    0.31652377E-02    0.00000000E+00   -0.14051426E+03   -0.19906917E+05   -0.47367988E+02   -0.10143007E+00   -0.40187636E-01    0.00000000E+00    0.17531085E+04    0.23882102E+06    0.93327594E+02    0.20268208E+00   -0.53203648E+00
  0.0007   -0.89883744E+02   -0.89950113E+02   -0.75832542E+01   -0.25916499E-02   -0.11062439E-04    0.12266988E-04   -0.27449682E+03   -0.29185012E+03   -0.20479788E+04   -0.80450164E+00   -0.26078794E-02    0.36926048E-02    0.00000000E+00   -0.16391037E+03   -0.19904071E+05   -0.47366615E+02   -0.10142421E+00   -0.40190528E-01    0.00000000E+00    0.20451977E+04    0.23880946E+06    0.93324847E+02    0.20267035E+00   -0.53201266E+00
  0.0008   -0.10272124E+03   -0.10282030E+03   -0.99041292E+01   -0.33848906E-02   -0.14448160E-04    0.16021300E-04   -0.27444433E+03   -0.29710870E+03   -0.23404211E+04   -0.91939973E+00   -0.29802730E-02    0.42198924E-02    0.00000000E+00   -0.18729588E+03   -0.19900787E+05   -0.47365030E+02   -0.10141744E+00   -0.40193864E-01    0.00000000E+00    0.23372428E+04    0.23879613E+06    0.93321678E+02    0.20265682E+00   -0.53198518E+00
  0.0009   -0.11555752E+03   -0.11569856E+03   -0.12534154E+02   -0.42838278E-02   -0.18284891E-04    0.20275684E-04   -0.27438486E+03   -0.30306779E+03   -0.26328129E+04   -0.10342855E+01   -0.33526023E-02    0.47470890E-02    0.00000000E+00   -0.21066931E+03   -0.19897067E+05   -0.47363235E+02   -0.10140978E+00   -0.40197644E-01    0.00000000E+00    0.26292375E+04    0.23878102E+06    0.93318087E+02    0.20264148E+00   -0.53195403E+00
  0.0010   -0.12839243E+03   -0.12858590E+03   -0.15473217E+02   -0.52884358E-02   -0.22572475E-04    0.25029950E-04   -0.27431840E+03   -0.30972712E+03   -0.29251480E+04   -0.11491575E+01   -0.37248595E-02    0.52741833E-02    0.00000000E+00   -0.23402913E+03   -0.19892908E+05   -0.47361229E+02   -0.10140121E+00   -0.40201869E-01    0.00000000E+00    0.29211755E+04    0.23876414E+06    0.93314073E+02    0.20262434E+00   -0.53191923E+00
  0.0012   -0.15405756E+03   -0.15439181E+03   -0.22277939E+02   -0.76145455E-02   -0.32499481E-04    0.36037266E-04   -0.27416455E+03   -0.32514545E+03   -0.35096228E+04   -0.13788539E+01   -0.44691248E-02    0.63280196E-02    0.00000000E+00   -0.28070192E+03   -0.19883281E+05   -0.47356583E+02   -0.10138137E+00   -0.40211649E-01    0.00000000E+00    0.35048562E+04    0.23872504E+06    0.93304780E+02    0.20258466E+00   -0.53183864E+00
  0.0014   -0.17971539E+03   -0.18024609E+03   -0.30317133E+02   -0.10362953E-01   -0.44227551E-04    0.49041294E-04   -0.27398285E+03   -0.34336119E+03   -0.40937951E+04   -0.16084767E+01   -0.52130051E-02    0.73813105E-02    0.00000000E+00   -0.32730219E+03   -0.19871906E+05   -0.47351093E+02   -0.10135793E+00   -0.40223204E-01    0.00000000E+00    0.40882348E+04    0.23867885E+06    0.93293799E+02    0.20253778E+00   -0.53174342E+00
  0.0015   -0.19254120E+03   -0.19319387E+03   -0.34799236E+02   -0.11895421E-01   -0.50766396E-04    0.56291369E-04   -0.27388156E+03   -0.35351718E+03   -0.43857521E+04   -0.17232566E+01   -0.55847807E-02    0.79077231E-02    0.00000000E+00   -0.35057136E+03   -0.19865564E+05   -0.47348032E+02   -0.10134486E+00   -0.40229646E-01    0.00000000E+00    0.43797951E+04    0.23865310E+06    0.93287675E+02    0.20251163E+00   -0.53169032E+00
  0.0016   -0.20536473E+03   -0.20615675E+03   -0.39589424E+02   -0.13533341E-01   -0.57754764E-04    0.64039729E-04   -0.27377333E+03   -0.36437138E+03   -0.46776147E+04   -0.18380135E+01   -0.59564361E-02    0.84339654E-02    0.00000000E+00   -0.37381790E+03   -0.19858786E+05   -0.47344760E+02   -0.10133090E+00   -0.40236530E-01    0.00000000E+00    0.46712609E+04    0.23862557E+06    0.93281130E+02    0.20248369E+00   -0.53163358E+00
  0.0017   -0.21818583E+03   -0.21913573E+03   -0.44687494E+02   -0.15276667E-01   -0.65192368E-04    0.72286032E-04   -0.27365816E+03   -0.37592334E+03   -0.49693765E+04   -0.19527459E+01   -0.63279632E-02    0.89600260E-02    0.00000000E+00   -0.39704028E+03   -0.19851572E+05   -0.47341277E+02   -0.10131603E+00   -0.40243857E-01    0.00000000E+00    0.49626262E+04    0.23859627E+06    0.93274164E+02    0.20245396E+00   -0.53157318E+00
  0.0018   -0.23100436E+03   -0.23213181E+03   -0.50093227E+02   -0.17125348E-01   -0.73078904E-04    0.81029911E-04   -0.27353608E+03   -0.38817260E+03   -0.52610313E+04   -0.20674522E+01   -0.66993541E-02    0.94858937E-02    0.00000000E+00   -0.42023702E+03   -0.19843922E+05   -0.47337584E+02   -0.10130026E+00   -0.40251625E-01    0.00000000E+00    0.52538845E+04    0.23856520E+06    0.93266776E+02    0.20242242E+00   -0.53150913E+00
  0.0019   -0.24382015E+03   -0.24514598E+03   -0.55806394E+02   -0.19079331E-01   -0.81414049E-04    0.90270979E-04   -0.27340706E+03   -0.40111865E+03   -0.55525728E+04   -0.21821309E+01   -0.70706007E-02    0.10011557E-01    0.00000000E+00   -0.44340661E+03   -0.19835837E+05   -0.47333680E+02   -0.10128360E+00   -0.40259836E-01    0.00000000E+00    0.55450296E+04    0.23853236E+06    0.93258968E+02    0.20238909E+00   -0.53144143E+00
  0.0020   -0.25663307E+03   -0.25817926E+03   -0.61826748E+02   -0.21138559E-01   -0.90197462E-04    0.10000883E-03   -0.27327115E+03   -0.41476098E+03   -0.58439948E+04   -0.22967805E+01   -0.74416950E-02    0.10537005E-01    0.00000000E+00   -0.46654755E+03   -0.19827317E+05   -0.47329566E+02   -0.10126604E+00   -0.40268487E-01    0.00000000E+00    0.58360553E+04    0.23849775E+06    0.93250738E+02    0.20235396E+00   -0.53137008E+00
  0.0030   -0.38457079E+03   -0.38978065E+03   -0.13886265E+03   -0.47504896E-01   -0.20259821E-03    0.22460442E-03   -0.27153446E+03   -0.58934349E+03   -0.87502673E+04   -0.34413396E+01   -0.11142519E-01    0.15777155E-01    0.00000000E+00   -0.69605299E+03   -0.19718263E+05   -0.47276870E+02   -0.10104122E+00   -0.40379162E-01    0.00000000E+00    0.87383719E+04    0.23805462E+06    0.93145331E+02    0.20190426E+00   -0.53045654E+00
  0.0040   -0.51205584E+03   -0.52437689E+03   -0.24625239E+03   -0.84311905E-01   -0.35931537E-03    0.39826536E-03   -0.26912136E+03   -0.83276677E+03   -0.11637748E+05   -0.45813160E+01   -0.14819414E-01    0.20983422E-01    0.00000000E+00   -0.92106003E+03   -0.19566143E+05   -0.47203256E+02   -0.10072743E+00   -0.40533366E-01    0.00000000E+00    0.11621914E+05    0.23743604E+06    0.92998078E+02    0.20127660E+00   -0.52918116E+00
  0.0050   -0.63894049E+03   -0.66293437E+03   -0.38353889E+03   -0.13145436E+00   -0.55970979E-03    0.62022465E-03   -0.26604990E+03   -0.11440458E+04   -0.14500304E+05   -0.57152063E+01   -0.18464569E-01    0.26144748E-01    0.00000000E+00   -0.11401083E+04   -0.19371508E+05   -0.47108879E+02   -0.10032564E+00   -0.40730361E-01    0.00000000E+00    0.14480552E+05    0.23664377E+06    0.92809295E+02    0.20047291E+00   -0.52754747E+00
  0.0060   -0.76507970E+03   -0.80639241E+03   -0.55013939E+03   -0.18879789E+00   -0.80296640E-03    0.88950448E-03   -0.26234298E+03   -0.15219246E+04   -0.17331911E+05   -0.68415279E+01   -0.22070316E-01    0.31250272E-01    0.00000000E+00   -0.13517707E+04   -0.19135061E+05   -0.46993943E+02   -0.99837077E-01   -0.40969209E-01    0.00000000E+00    0.17308270E+05    0.23568008E+06    0.92579387E+02    0.19949563E+00   -0.52556001E+00
  0.0070   -0.89033174E+03   -0.95565694E+03   -0.74534902E+03   -0.25617960E+00   -0.10880992E-02    0.12049224E-02   -0.25802817E+03   -0.19648831E+04   -0.20126684E+05   -0.79588238E+01   -0.25629157E-01    0.36289381E-01    0.00000000E+00   -0.15546609E+04   -0.18857653E+05   -0.46858693E+02   -0.99263214E-01   -0.41248773E-01    0.00000000E+00    0.20099185E+05    0.23454772E+06    0.92308843E+02    0.19834775E+00   -0.52322427E+00
  0.0080   -0.10145588E+04   -0.11115944E+04   -0.96834521E+03   -0.33340894E+00   -0.14139574E-02    0.15650986E-02   -0.25313741E+03   -0.24711474E+04   -0.22878897E+05   -0.90656673E+01   -0.29133805E-01    0.41251753E-01    0.00000000E+00   -0.17474415E+04   -0.18540280E+05   -0.46703414E+02   -0.98605790E-01   -0.41567728E-01    0.00000000E+00    0.22847579E+05    0.23324991E+06    0.91998236E+02    0.19703271E+00   -0.52054666E+00
  0.0090   -0.11376275E+04   -0.12750260E+04   -0.12181928E+04   -0.42026860E+00   -0.17792321E-02    0.19684650E-02   -0.24770672E+03   -0.30386994E+04   -0.25583013E+05   -0.10160667E+02   -0.32577205E-01    0.46127402E-01    0.00000000E+00   -0.19288304E+04   -0.18184073E+05   -0.46528434E+02   -0.97866779E-01   -0.41924569E-01    0.00000000E+00    0.25547918E+05    0.23179030E+06    0.91648221E+02    0.19555448E+00   -0.51753449E+00
  0.0100   -0.12594095E+04   -0.14467222E+04   -0.14938495E+04   -0.51651562E+00   -0.21824642E-02    0.24132744E-02   -0.24177586E+03   -0.36652894E+04   -0.28233702E+05   -0.11242470E+02   -0.35952574E-01    0.50906720E-01    0.00000000E+00   -0.20976083E+04   -0.17790293E+05   -0.46334121E+02   -0.97048388E-01   -0.42317616E-01    0.00000000E+00    0.28194879E+05    0.23017299E+06    0.91259532E+02    0.19391746E+00   -0.51419595E+00
  0.0120   -0.14986282E+04   -0.18177069E+04   -0.21179264E+04   -0.73607866E+00   -0.30962683E-02    0.34194054E-02   -0.22858923E+03   -0.50855067E+04   -0.33354661E+05   -0.13361301E+02   -0.42473567E-01    0.60140050E-01    0.00000000E+00   -0.23928038E+04   -0.16895680E+05   -0.45889145E+02   -0.95183367E-01   -0.43204818E-01    0.00000000E+00    0.33308542E+05    0.22648363E+06    0.90369439E+02    0.19018688E+00   -0.50657644E+00
  0.0140   -0.17313063E+04   -0.22295178E+04   -0.28303562E+04   -0.98968859E+00   -0.41410482E-02    0.45663733E-02   -0.21395567E+03   -0.67097029E+04   -0.38204113E+05   -0.15412284E+02   -0.48648830E-01    0.68883838E-01    0.00000000E+00   -0.26247516E+04   -0.15868871E+05   -0.45372142E+02   -0.93032514E-01   -0.44212883E-01    0.00000000E+00    0.38150945E+05    0.22222229E+06    0.89335266E+02    0.18588454E+00   -0.49776902E+00
  0.0160   -0.19566422E+04   -0.26860383E+04   -0.36196707E+04   -0.12746118E+01   -0.53007162E-02    0.58349839E-02   -0.19828671E+03   -0.85130437E+04   -0.42748968E+05   -0.17386417E+02   -0.54436222E-01    0.77078418E-01    0.00000000E+00   -0.27865267E+04   -0.14723867E+05   -0.44787277E+02   -0.90620453E-01   -0.45323358E-01    0.00000000E+00    0.42689029E+05    0.21743476E+06    0.88165346E+02    0.18105970E+00   -0.48786532E+00
  0.0180   -0.21739502E+04   -0.31899745E+04   -0.44734228E+04   -0.15878420E+01   -0.65577907E-02    0.72044269E-02   -0.18201215E+03   -0.10468525E+05   -0.46961150E+05   -0.19275664E+02   -0.59799995E-01    0.84673170E-01    0.00000000E+00   -0.28726786E+04   -0.13475935E+05   -0.44139159E+02   -0.87974138E-01   -0.46516232E-01    0.00000000E+00    0.46894746E+05    0.21217125E+06    0.86868896E+02    0.17576627E+00   -0.47696588E+00
  0.0200   -0.23826659E+04   -0.37428000E+04   -0.53784743E+04   -0.19261552E+01   -0.78937912E-02    0.86527631E-02   -0.16556468E+03   -0.12547580E+05   -0.50817922E+05   -0.21073033E+02   -0.64711196E-01    0.91627099E-01    0.00000000E+00   -0.28793126E+04   -0.12141280E+05   -0.43432762E+02   -0.85122320E-01   -0.47770398E-01    0.00000000E+00    0.50745388E+05    0.20648540E+06    0.85455868E+02    0.17006175E+00   -0.46517823E+00
  0.0220   -0.25823475E+04   -0.43447359E+04   -0.63212909E+04   -0.22861675E+01   -0.92896465E-02    0.10157427E-01   -0.14936456E+03   -0.14720702E+05   -0.54302081E+05   -0.22772625E+02   -0.69147917E-01    0.97909183E-01    0.00000000E+00   -0.28041307E+04   -0.10736708E+05   -0.42673350E+02   -0.82094980E-01   -0.49064140E-01    0.00000000E+00    0.54223769E+05    0.20043330E+06    0.83936791E+02    0.16400611E+00   -0.45261495E+00
  0.0240   -0.27726747E+04   -0.49947677E+04   -0.72882376E+04   -0.26643933E+01   -0.10726102E-01    0.11695725E-01   -0.13380526E+03   -0.16958070E+05   -0.57402012E+05   -0.24369664E+02   -0.73095369E-01    0.10349848E+00    0.00000000E+00   -0.26464291E+04   -0.92792840E+04   -0.41866396E+02   -0.78922774E-01   -0.50375612E-01    0.00000000E+00    0.57318294E+05    0.19407244E+06    0.82322609E+02    0.15766067E+00   -0.43939159E+00
  0.0260   -0.29534437E+04   -0.56906964E+04   -0.82658648E+04   -0.30573037E+01   -0.12184115E-01    0.13245323E-01   -0.11924039E+03   -0.19230158E+05   -0.60111626E+05   -0.25860509E+02   -0.76545799E-01    0.10838402E+00    0.00000000E+00   -0.24070557E+04   -0.77859993E+04   -0.41017499E+02   -0.75636470E-01   -0.51683309E-01    0.00000000E+00    0.60022887E+05    0.18746071E+06    0.80624524E+02    0.15108697E+00   -0.42562469E+00
  0.0280   -0.31245589E+04   -0.64292216E+04   -0.92411774E+04   -0.34613817E+01   -0.13645230E-01    0.14784699E-01   -0.10597256E+03   -0.21508308E+05   -0.62430173E+05   -0.27242639E+02   -0.79498250E-01    0.11256444E+00    0.00000000E+00   -0.20883294E+04   -0.62734591E+04   -0.40132308E+02   -0.72266424E-01   -0.52966502E-01    0.00000000E+00    0.62336806E+05    0.18065543E+06    0.78853833E+02    0.14434572E+00   -0.41142989E+00
  0.0300   -0.32860232E+04   -0.72060532E+04   -0.10201881E+05   -0.38731757E+01   -0.15091916E-01    0.16293559E-01   -0.94244609E+02   -0.23765258E+05   -0.64361938E+05   -0.28514621E+02   -0.81958181E-01    0.11604747E+00    0.00000000E+00   -0.16939253E+04   -0.47575887E+04   -0.39216444E+02   -0.68842084E-01   -0.54205647E-01    0.00000000E+00    0.64264342E+05    0.17371245E+06    0.77021783E+02    0.13749583E+00   -0.39692013E+00
  0.0400   -0.39539313E+04   -0.11463755E+05   -0.14428988E+05   -0.59372541E+01   -0.21593934E-01    0.22795985E-01   -0.62470336E+02   -0.33927816E+05   -0.68665544E+05   -0.33240758E+02   -0.87438588E-01    0.12380685E+00    0.00000000E+00    0.12097097E+04    0.23912873E+04   -0.34363766E+02   -0.51822272E-01   -0.59178924E-01    0.00000000E+00    0.68552713E+05    0.13869020E+06    0.67314632E+02    0.10344951E+00   -0.32322258E+00
  0.0500   -0.44142334E+04   -0.15736671E+05   -0.17118971E+05   -0.77816066E+01   -0.26019031E-01    0.26646459E-01   -0.68167730E+02   -0.40867181E+05   -0.65975673E+05   -0.35500353E+02   -0.84013622E-01    0.11895659E+00    0.00000000E+00    0.49740432E+04    0.79641678E+04   -0.29470900E+02   -0.36743067E-01   -0.61244352E-01    0.00000000E+00    0.65856530E+05    0.10664647E+06    0.57526944E+02    0.73283782E-01   -0.25480769E+00
  0.0600   -0.47015913E+04   -0.19304920E+05   -0.18121892E+05   -0.92247986E+01   -0.28077857E-01    0.27673058E-01   -0.83705949E+02   -0.44102802E+05   -0.59345405E+05   -0.35856067E+02   -0.75571022E-01    0.10700156E+00    0.00000000E+00    0.86737545E+04    0.11537543E+05   -0.24932376E+02   -0.24787364E-01   -0.60281924E-01    0.00000000E+00    0.59226830E+05    0.80113163E+05    0.48447954E+02    0.49364949E-01   -0.19709840E+00
  0.0700   -0.48402312E+04   -0.21812993E+05   -0.17813731E+05   -0.10225680E+02   -0.28226920E-01    0.26575956E-01   -0.85779862E+02   -0.44328816E+05   -0.51257492E+05   -0.34916506E+02   -0.65272279E-01    0.92418327E-01    0.00000000E+00    0.11717814E+05    0.13365808E+05   -0.20937043E+02   -0.15939457E-01   -0.57058565E-01    0.00000000E+00    0.51144156E+05    0.59388458E+05    0.40455520E+02    0.31661977E-01   -0.15104306E+00
  0.0800   -0.48511051E+04   -0.23270145E+05   -0.16691454E+05   -0.10824357E+02   -0.27120893E-01    0.24229366E-01   -0.73566223E+02   -0.42572422E+05   -0.43154795E+05   -0.33184277E+02   -0.54954706E-01    0.77808436E-01    0.00000000E+00    0.13921892E+05    0.13942047E+05   -0.17531959E+02   -0.96484577E-02   -0.52540332E-01    0.00000000E+00    0.43049543E+05    0.43687799E+05    0.33643881E+02    0.19073330E-01   -0.11532957E+00
  0.0900   -0.47640605E+04   -0.23862982E+05   -0.15131095E+05   -0.11089783E+02   -0.25276095E-01    0.21273811E-01   -0.61375576E+02   -0.39658399E+05   -0.35701639E+05   -0.31026201E+02   -0.45464245E-01    0.64369711E-01    0.00000000E+00    0.15345842E+05    0.13697210E+05   -0.14690794E+02   -0.53228861E-02   -0.47461533E-01    0.00000000E+00    0.35605986E+05    0.32037504E+05    0.27960482E+02    0.10416191E-01   -0.88145273E-01
  0.1000   -0.46163906E+04   -0.23788634E+05   -0.13371082E+05   -0.11095030E+02   -0.23035843E-01    0.18099489E-01   -0.59213550E+02   -0.36135434E+05   -0.29199890E+05   -0.28699917E+02   -0.37185285E-01    0.52646429E-01    0.00000000E+00    0.16114079E+05    0.12936136E+05   -0.12354367E+02   -0.24782240E-02   -0.42275473E-01    0.00000000E+00    0.29114413E+05    0.23575720E+05    0.23287041E+02    0.47215859E-02   -0.67807705E-01
  0.1100   -0.44392796E+04   -0.23209434E+05   -0.11585931E+05   -0.10910694E+02   -0.20660706E-01    0.14982716E-01   -0.63459938E+02   -0.32408629E+05   -0.23781673E+05   -0.26378958E+02   -0.30286072E-01    0.42876822E-01    0.00000000E+00    0.16346014E+05    0.11891601E+05   -0.10448220E+02   -0.69675847E-03   -0.37280556E-01    0.00000000E+00    0.23706316E+05    0.17519370E+05    0.19474696E+02    0.11541055E-02   -0.52743188E-01
  0.1200   -0.42480632E+04   -0.22279837E+05   -0.99152752E+04   -0.10600225E+02   -0.18362950E-01    0.12140801E-01   -0.64513683E+02   -0.28801274E+05   -0.19411721E+05   -0.24165024E+02   -0.24721697E-01    0.34997300E-01    0.00000000E+00    0.16167989E+05    0.10754018E+05   -0.88942794E+01    0.39121515E-03   -0.32692878E-01    0.00000000E+00    0.19346058E+05    0.13154562E+05    0.16367339E+02   -0.10256779E-02   -0.41494899E-01
  0.1300   -0.40462525E+04   -0.21154761E+05   -0.84372786E+04   -0.10213136E+02   -0.16268987E-01    0.96877952E-02   -0.59034409E+02   -0.25508185E+05   -0.15907970E+05   -0.22103141E+02   -0.20260324E-01    0.28679593E-01    0.00000000E+00    0.15719179E+05    0.96491111E+04   -0.76227842E+01    0.10594970E-02   -0.28625415E-01    0.00000000E+00    0.15851408E+05    0.99321883E+04    0.13825475E+02   -0.23653998E-02   -0.32921182E-01
  0.1400   -0.38369300E+04   -0.19957116E+05   -0.71556775E+04   -0.97822213E+01   -0.14401378E-01    0.76126356E-02   -0.52302313E+02   -0.22569803E+05   -0.13057051E+05   -0.20206185E+02   -0.16630252E-01    0.23538985E-01    0.00000000E+00    0.15120052E+05    0.86232138E+04   -0.65791020E+01    0.14561539E-02   -0.25072647E-01    0.00000000E+00    0.13008950E+05    0.75264235E+04    0.11739852E+02   -0.31612359E-02   -0.26315827E-01
  0.1500   -0.36283530E+04   -0.18750802E+05   -0.60365559E+04   -0.93281831E+01   -0.12728166E-01    0.58429367E-02   -0.50221012E+02   -0.19941665E+05   -0.10722683E+05   -0.18476812E+02   -0.13657942E-01    0.19329750E-01    0.00000000E+00    0.14441607E+05    0.76749240E+04   -0.57216057E+01    0.16472749E-02   -0.21964169E-01    0.00000000E+00    0.10682388E+05    0.57623843E+04    0.10027225E+02   -0.35454077E-02   -0.21273038E-01
  0.1600   -0.34295021E+04   -0.17556181E+05   -0.50580198E+04   -0.88667562E+01   -0.11230008E-01    0.43306875E-02   -0.52222645E+02   -0.17592683E+05   -0.88452865E+04   -0.16914704E+02   -0.11267527E-01    0.15944467E-01    0.00000000E+00    0.13713306E+05    0.68033944E+04   -0.50154054E+01    0.16886807E-02   -0.19241555E-01    0.00000000E+00    0.88121425E+04    0.44928064E+04    0.86178150E+01   -0.36296009E-02   -0.17451451E-01
  0.1700   -0.32433983E+04   -0.16388677E+05   -0.42218980E+04   -0.84115847E+01   -0.99166318E-02    0.30717845E-02   -0.53124961E+02   -0.15532837E+05   -0.73665056E+04   -0.15512665E+02   -0.93846988E-02    0.13277915E-01    0.00000000E+00    0.12956650E+05    0.60243702E+04   -0.44294109E+01    0.16511306E-02   -0.16882484E-01    0.00000000E+00    0.73398817E+04    0.35534443E+04    0.74494369E+01   -0.35553777E-02   -0.14487336E-01
  0.1800   -0.30670454E+04   -0.15276357E+05   -0.35276622E+04   -0.79722949E+01   -0.87925856E-02    0.20600559E-02   -0.50133569E+02   -0.13766385E+05   -0.61883907E+04   -0.14254697E+02   -0.78847281E-02    0.11153485E-01    0.00000000E+00    0.12203526E+05    0.53494999E+04   -0.39381885E+01    0.15909488E-02   -0.14866467E-01    0.00000000E+00    0.61677116E+04    0.28123771E+04    0.64712161E+01   -0.34354275E-02   -0.12087537E-01
  0.1900   -0.28974460E+04   -0.14244379E+05   -0.29516581E+04   -0.75528027E+01   -0.78298673E-02    0.12507322E-02   -0.45800556E+02   -0.12251858E+05   -0.52104060E+04   -0.13121994E+02   -0.66395952E-02    0.93899070E-02    0.00000000E+00    0.11484112E+05    0.47669986E+04   -0.35238484E+01    0.15223222E-02   -0.13143063E-01    0.00000000E+00    0.51951630E+04    0.22167437E+04    0.56473631E+01   -0.32981606E-02   -0.10117840E-01
  0.2000   -0.27359003E+04   -0.13295355E+05   -0.24589329E+04   -0.71533596E+01   -0.69840987E-02    0.58066110E-03   -0.44057333E+02   -0.10923476E+05   -0.43824975E+04   -0.12100431E+02   -0.55855614E-02    0.78969296E-02    0.00000000E+00    0.10808346E+05    0.42511933E+04   -0.31741358E+01    0.14325675E-02   -0.11645974E-01    0.00000000E+00    0.43722309E+04    0.17655034E+04    0.49533562E+01   -0.31182439E-02   -0.85497094E-02
  0.2100   -0.25859261E+04   -0.12413926E+05   -0.20291640E+04   -0.67742992E+01   -0.62295775E-02    0.13023852E-04   -0.45178497E+02   -0.97411345E+04   -0.37022465E+04   -0.11181274E+02   -0.47195472E-02    0.66701925E-02    0.00000000E+00    0.10168107E+05    0.37867028E+04   -0.28784715E+01    0.13193747E-02   -0.10330190E-01    0.00000000E+00    0.36965273E+04    0.14441849E+04    0.43680229E+01   -0.28910879E-02   -0.73340363E-02
  0.2200   -0.24484225E+04   -0.11588714E+05   -0.16628013E+04   -0.64173476E+01   -0.55678098E-02   -0.45230127E-03   -0.45950381E+02   -0.87039661E+04   -0.31649306E+04   -0.10355934E+02   -0.40355387E-02    0.57011809E-02    0.00000000E+00    0.95565787E+04    0.33760472E+04   -0.26262172E+01    0.12033246E-02   -0.91828824E-02    0.00000000E+00    0.31633593E+04    0.12022639E+04    0.38700718E+01   -0.26578831E-02   -0.63565761E-02
  0.2300   -0.23204848E+04   -0.10823544E+05   -0.13626023E+04   -0.60837676E+01   -0.50029891E-02   -0.81102484E-03   -0.44106388E+02   -0.78162769E+04   -0.27332097E+04   -0.96125389E+01   -0.34859875E-02    0.49225684E-02    0.00000000E+00    0.89797476E+04    0.30241619E+04   -0.24082366E+01    0.11056249E-02   -0.81980281E-02    0.00000000E+00    0.27354286E+04    0.99079673E+03    0.34412142E+01   -0.24610713E-02   -0.55091981E-02
  0.2400   -0.21989317E+04   -0.10126465E+05   -0.11168807E+04   -0.57725042E+01   -0.45196587E-02   -0.10836422E-02   -0.41006838E+02   -0.70551556E+04   -0.23597864E+04   -0.89385286E+01   -0.30106660E-02    0.42490757E-02    0.00000000E+00    0.84478400E+04    0.27227657E+04   -0.22187032E+01    0.10252569E-02   -0.73511687E-02    0.00000000E+00    0.23654827E+04    0.80139984E+03    0.30697803E+01   -0.22986386E-02   -0.47640973E-02
  0.2500   -0.20836625E+04   -0.94939453E+04   -0.90508374E+03   -0.54809631E+01   -0.40902359E-02   -0.13057999E-02   -0.39481264E+02   -0.63801273E+04   -0.20258974E+04   -0.83251993E+01   -0.25856810E-02    0.36468710E-02    0.00000000E+00    0.79609375E+04    0.24544364E+04   -0.20543364E+01    0.94541043E-03   -0.66055162E-02    0.00000000E+00    0.20347887E+04    0.65483916E+03    0.27491916E+01   -0.21369863E-02   -0.41515597E-02
  0.2600   -0.19767504E+04   -0.89112270E+04   -0.71565828E+03   -0.52073212E+01   -0.36990174E-02   -0.14973375E-02   -0.40105296E+02   -0.57671166E+04   -0.17436712E+04   -0.77681235E+01   -0.22264769E-02    0.31378233E-02    0.00000000E+00    0.75082443E+04    0.22087791E+04   -0.19119642E+01    0.85804627E-03   -0.59371304E-02    0.00000000E+00    0.17554910E+04    0.55829156E+03    0.24730864E+01   -0.19600553E-02   -0.36776059E-02
  0.2700   -0.18789260E+04   -0.83668045E+04   -0.55192444E+03   -0.49514059E+01   -0.33501362E-02   -0.16521737E-02   -0.40731121E+02   -0.52204678E+04   -0.15226404E+04   -0.72632836E+01   -0.19451918E-02    0.27391202E-02    0.00000000E+00    0.70807004E+04    0.19886826E+04   -0.17874042E+01    0.77368667E-03   -0.53443763E-02    0.00000000E+00    0.15371360E+04    0.48805699E+03    0.22330818E+01   -0.17889093E-02   -0.32903874E-02
  0.2800   -0.17881501E+04   -0.78613232E+04   -0.41965853E+03   -0.47132868E+01   -0.30509851E-02   -0.17599307E-02   -0.39486070E+02   -0.47499192E+04   -0.13462295E+04   -0.68042052E+01   -0.17207190E-02    0.24208754E-02    0.00000000E+00    0.66796748E+04    0.17997740E+04   -0.16766994E+01    0.70597271E-03   -0.48309241E-02    0.00000000E+00    0.13631717E+04    0.41592275E+03    0.20212455E+01   -0.16508481E-02   -0.29304096E-02
  0.2900   -0.17018451E+04   -0.74003495E+04   -0.31395260E+03   -0.44916878E+01   -0.27946207E-02   -0.18287643E-02   -0.37100416E+02   -0.43453062E+04   -0.11863959E+04   -0.63835111E+01   -0.15173494E-02    0.21325266E-02    0.00000000E+00    0.63113049E+04    0.16382602E+04   -0.15776858E+01    0.65362621E-03   -0.43863831E-02    0.00000000E+00    0.12055821E+04    0.34017038E+03    0.18332311E+01   -0.15433315E-02   -0.25898453E-02
  0.3000   -0.16196068E+04   -0.69819624E+04   -0.22196050E+03   -0.42843042E+01   -0.25634335E-02   -0.18805853E-02   -0.35710371E+02   -0.39811255E+04   -0.10332069E+04   -0.59963253E+01   -0.13224348E-02    0.18561645E-02    0.00000000E+00    0.59753465E+04    0.14927344E+04   -0.14897066E+01    0.60321602E-03   -0.39890919E-02    0.00000000E+00    0.10544523E+04    0.28074292E+03    0.16677065E+01   -0.14395118E-02   -0.23032006E-02
  0.3100   -0.15429377E+04   -0.65955056E+04   -0.13625391E+03   -0.40894559E+01   -0.23470521E-02   -0.19278751E-02   -0.36006196E+02   -0.36417922E+04   -0.89968051E+03   -0.56408798E+01   -0.11525520E-02    0.16152613E-02    0.00000000E+00    0.56634005E+04    0.13561094E+04   -0.14119124E+01    0.54712504E-03   -0.36248642E-02    0.00000000E+00    0.92280696E+03    0.24812368E+03    0.15229544E+01   -0.13241687E-02   -0.20875063E-02
  0.3200   -0.14726313E+04   -0.62319921E+04   -0.60567981E+02   -0.39068471E+01   -0.21500725E-02   -0.19637387E-02   -0.36491999E+02   -0.33330330E+04   -0.79787284E+03   -0.53157270E+01   -0.10230530E-02    0.14315550E-02    0.00000000E+00    0.53678916E+04    0.12313259E+04   -0.13423732E+01    0.49226646E-03   -0.32958340E-02    0.00000000E+00    0.82270799E+03    0.22813068E+03    0.13950960E+01   -0.12111420E-02   -0.19129724E-02
  0.3300   -0.14073414E+04   -0.58917523E+04   -0.12203819E+01   -0.37365556E+01   -0.19805824E-02   -0.19768280E-02   -0.35591336E+02   -0.30659753E+04   -0.71937248E+03   -0.50173754E+01   -0.92322682E-03    0.12898795E-02    0.00000000E+00    0.50892940E+04    0.11240580E+04   -0.12789902E+01    0.44930869E-03   -0.30087884E-02    0.00000000E+00    0.74575722E+03    0.20039639E+03    0.12799150E+01   -0.11217817E-02   -0.17382892E-02
  0.3400   -0.13450372E+04   -0.55797845E+04    0.43565032E+02   -0.35777153E+01   -0.18358507E-02   -0.19698759E-02   -0.33661897E+02   -0.28366958E+04   -0.64461822E+03   -0.47412688E+01   -0.82816460E-03    0.11549648E-02    0.00000000E+00    0.48325196E+04    0.10329294E+04   -0.12208089E+01    0.41807635E-03   -0.27596692E-02    0.00000000E+00    0.67241069E+03    0.16353919E+03    0.11754843E+01   -0.10557489E-02   -0.15588674E-02
  0.3600   -0.12291083E+04   -0.50324236E+04    0.12154112E+03   -0.32879403E+01   -0.15762986E-02   -0.19502126E-02   -0.32431357E+02   -0.24275649E+04   -0.49552745E+03   -0.42464754E+01   -0.63855316E-03    0.88590735E-03    0.00000000E+00    0.43798963E+04    0.86983458E+03   -0.11203942E+01    0.35305734E-03   -0.23229367E-02    0.00000000E+00    0.52574722E+03    0.12219340E+03    0.99948526E+00   -0.91824810E-03   -0.12941688E-02
  0.3700   -0.11774802E+04   -0.47824985E+04    0.15710526E+03   -0.31555120E+01   -0.14576469E-02   -0.19409718E-02   -0.32794503E+02   -0.22413759E+04   -0.44391629E+03   -0.40270043E+01   -0.57294203E-03    0.79273985E-03    0.00000000E+00    0.41718463E+04    0.79498521E+03   -0.10770931E+01    0.31737980E-03   -0.21283446E-02    0.00000000E+00    0.47516064E+03    0.11879963E+03    0.92574511E+00   -0.84301927E-03   -0.12084992E-02
  0.3800   -0.11294848E+04   -0.45462811E+04    0.18338343E+03   -0.30315308E+01   -0.13554074E-02   -0.19195755E-02   -0.32109555E+02   -0.20798688E+04   -0.40704278E+03   -0.38241456E+01   -0.52609128E-03    0.72615145E-03    0.00000000E+00    0.39741051E+04    0.73067525E+03   -0.10367406E+01    0.29004945E-03   -0.19578292E-02    0.00000000E+00    0.43919457E+03    0.10763781E+03    0.85817597E+00   -0.78440353E-03   -0.11155448E-02
  0.3900   -0.10835033E+04   -0.43283150E+04    0.20061458E+03   -0.29154930E+01   -0.12690036E-02   -0.18861823E-02   -0.30497687E+02   -0.19422650E+04   -0.37000845E+03   -0.36348732E+01   -0.47902948E-03    0.65927935E-03    0.00000000E+00    0.37908883E+04    0.67679679E+03   -0.99881859E+00    0.27179223E-03   -0.18103326E-02    0.00000000E+00    0.40296285E+03    0.86658788E+02    0.79572385E+00   -0.74386210E-03   -0.10104627E-02
  0.4000   -0.10390292E+04   -0.41294102E+04    0.21530718E+03   -0.28061488E+01   -0.11894701E-02   -0.18518497E-02   -0.29277734E+02   -0.18158139E+04   -0.32642268E+03   -0.34572522E+01   -0.42361899E-03    0.58060083E-03    0.00000000E+00    0.36233245E+04    0.62748036E+03   -0.96367986E+00    0.25457710E-03   -0.16758286E-02    0.00000000E+00    0.36008333E+03    0.69054609E+02    0.73907686E+00   -0.70534160E-03   -0.91778397E-03
  0.4100   -0.99698374E+03   -0.39441869E+04    0.23209389E+03   -0.27024918E+01   -0.11103625E-02   -0.18243855E-02   -0.29177634E+02   -0.16911314E+04   -0.28509317E+03   -0.32912454E+01   -0.37107541E-03    0.50599667E-03    0.00000000E+00    0.34669703E+04    0.57829485E+03   -0.93156058E+00    0.23239441E-03   -0.15466951E-02    0.00000000E+00    0.31936539E+03    0.64643931E+02    0.68868995E+00   -0.65683105E-03   -0.85570424E-03
  0.4200   -0.95819266E+03   -0.37669655E+04    0.24850658E+03   -0.26044160E+01   -0.10347675E-02   -0.17992831E-02   -0.29438745E+02   -0.15723097E+04   -0.25667979E+03   -0.31371701E+01   -0.33497287E-03    0.45468712E-03    0.00000000E+00    0.33168356E+04    0.53115530E+03   -0.90188012E+00    0.20864666E-03   -0.14254208E-02    0.00000000E+00    0.29146936E+03    0.67068844E+02    0.64338474E+00   -0.60514372E-03   -0.81147700E-03
  0.4300   -0.92211397E+03   -0.35977658E+04    0.25923274E+03   -0.25122086E+01   -0.96960711E-03   -0.17671211E-02   -0.28900358E+02   -0.14690597E+04   -0.23902979E+03   -0.29939561E+01   -0.31257019E-03    0.42279063E-03    0.00000000E+00    0.31728541E+04    0.49073696E+03   -0.87370536E+00    0.19082531E-03   -0.13188976E-02    0.00000000E+00    0.27424808E+03    0.62948109E+02    0.60127815E+00   -0.56527064E-03   -0.75892673E-03
  0.4400   -0.88743570E+03   -0.34406334E+04    0.26368260E+03   -0.24256150E+01   -0.91549533E-03   -0.17266990E-02   -0.27526494E+02   -0.13823136E+04   -0.22027011E+03   -0.28594601E+01   -0.28874849E-03    0.38889930E-03    0.00000000E+00    0.30386730E+04    0.45763743E+03   -0.84668624E+00    0.18027854E-03   -0.12276156E-02    0.00000000E+00    0.25583799E+03    0.49545171E+02    0.56165349E+00   -0.53991568E-03   -0.69233843E-03
  0.4500   -0.85364200E+03   -0.32969781E+04    0.26684475E+03   -0.23437134E+01   -0.86558049E-03   -0.16865124E-02   -0.26375442E+02   -0.13023769E+04   -0.19439302E+03   -0.27322696E+01   -0.25585771E-03    0.34218077E-03    0.00000000E+00    0.29157878E+04    0.42737195E+03   -0.82120854E+00    0.17068267E-03   -0.11441015E-02    0.00000000E+00    0.23023829E+03    0.37429765E+02    0.52526606E+00   -0.51643844E-03   -0.63158887E-03
  0.4600   -0.82146021E+03   -0.31628838E+04    0.27278674E+03   -0.22657039E+01   -0.81424987E-03   -0.16534619E-02   -0.26157155E+02   -0.12211520E+04   -0.16824466E+03   -0.26125398E+01   -0.22261568E-03    0.29497893E-03    0.00000000E+00    0.28009424E+04    0.39609939E+03   -0.79761306E+00    0.15660648E-03   -0.10619696E-02    0.00000000E+00    0.20429641E+03    0.35693803E+02    0.49278158E+00   -0.48398310E-03   -0.59379295E-03
  0.4700   -0.79168438E+03   -0.30336034E+04    0.27973101E+03   -0.21915229E+01   -0.76373370E-03   -0.16243094E-02   -0.26336300E+02   -0.11416081E+04   -0.15140172E+03   -0.25008277E+01   -0.20121729E-03    0.26456103E-03    0.00000000E+00    0.26899449E+04    0.36518521E+03   -0.77555352E+00    0.14036842E-03   -0.98310200E-03    0.00000000E+00    0.18758891E+03    0.40085057E+02    0.46349183E+00   -0.44719319E-03   -0.57051247E-03
  0.4800   -0.76399994E+03   -0.29089297E+04    0.28300468E+03   -0.21214930E+01   -0.72015882E-03   -0.15908058E-02   -0.25905444E+02   -0.10723599E+04   -0.14319798E+03   -0.23965596E+01   -0.19081429E-03    0.24972573E-03    0.00000000E+00    0.25825167E+04    0.33873984E+03   -0.75431529E+00    0.12838241E-03   -0.91373042E-03    0.00000000E+00    0.17945357E+03    0.39290754E+02    0.43595226E+00   -0.41890298E-03   -0.53977863E-03
  0.4900   -0.73732921E+03   -0.27924021E+04    0.28153479E+03   -0.20555226E+01   -0.68484282E-03   -0.15509677E-02   -0.24721272E+02   -0.10153354E+04   -0.13394614E+03   -0.22981410E+01   -0.17907112E-03    0.23300615E-03    0.00000000E+00    0.24817990E+04    0.31777697E+03   -0.73361563E+00    0.12241451E-03   -0.85520731E-03    0.00000000E+00    0.17021078E+03    0.30035923E+02    0.40958241E+00   -0.40265062E-03   -0.49505434E-03
  0.5000   -0.71115482E+03   -0.26857575E+04    0.27922712E+03   -0.19929205E+01   -0.65243806E-03   -0.15114636E-02   -0.23637674E+02   -0.96299579E+03   -0.11787225E+03   -0.22044545E+01   -0.15863548E-03    0.20399143E-03    0.00000000E+00    0.23894863E+04    0.29880102E+03   -0.71381021E+00    0.11744755E-03   -0.80179590E-03    0.00000000E+00    0.15409263E+03    0.20789976E+02    0.38507908E+00   -0.38840724E-03   -0.45236636E-03
  0.5500   -0.59963325E+03   -0.22255614E+04    0.27276966E+03   -0.17215603E+01   -0.50682811E-03   -0.13459876E-02   -0.21064330E+02   -0.73019887E+03   -0.71846171E+02   -0.18102904E+01   -0.10011254E-03    0.12091790E-03    0.00000000E+00    0.19892297E+04    0.21387182E+03   -0.62781846E+00    0.83417899E-04   -0.57454596E-03    0.00000000E+00    0.10710193E+03    0.11488731E+02    0.28931948E+00   -0.29908550E-03   -0.33442989E-03
  0.6000   -0.51095442E+03   -0.18714096E+04    0.25764575E+03   -0.15078115E+01   -0.40406858E-03   -0.11967003E-02   -0.18663037E+02   -0.56547730E+03   -0.43482987E+02   -0.15096933E+01   -0.63964714E-04    0.69808093E-04    0.00000000E+00    0.16788165E+04    0.15651422E+03   -0.55589879E+00    0.61604807E-04   -0.41990182E-03    0.00000000E+00    0.76820577E+02    0.60554406E+01    0.22168730E+00   -0.23507093E-03   -0.25370013E-03
  0.6500   -0.43946187E+03   -0.15936182E+04    0.23906193E+03   -0.13365932E+01   -0.32943343E-03   -0.10648931E-02   -0.16442102E+02   -0.44584035E+03   -0.25784705E+02   -0.12763860E+01   -0.41297947E-04    0.38027154E-04    0.00000000E+00    0.14339040E+04    0.11706897E+03   -0.49395219E+00    0.47641564E-04   -0.31251412E-03    0.00000000E+00    0.56570698E+02    0.27960996E+01    0.17260428E+00   -0.18805403E-03   -0.19665606E-03
  0.7000   -0.38112892E+03   -0.13720552E+04    0.21969870E+03   -0.11972793E+01   -0.27380206E-03   -0.94969195E-03   -0.14407131E+02   -0.35700802E+03   -0.14728941E+02   -0.10925621E+01   -0.27007669E-04    0.18305036E-04    0.00000000E+00    0.12377192E+04    0.89518119E+02   -0.43959890E+00    0.38739269E-04   -0.23665786E-03    0.00000000E+00    0.42591618E+02    0.82750391E+00    0.13618630E+00   -0.15274645E-03   -0.15529222E-03
  0.7500   -0.33302971E+03   -0.11927227E+04    0.20091314E+03   -0.10822495E+01   -0.23134236E-03   -0.84943962E-03   -0.12559720E+02   -0.28979588E+03   -0.78986346E+01   -0.94580597E+00   -0.18033006E-04    0.62666698E-05    0.00000000E+00    0.10784388E+04    0.69999506E+02   -0.39139748E+00    0.33085872E-04   -0.18226342E-03    0.00000000E+00    0.32674362E+02   -0.34013587E+00    0.10867451E+00   -0.12569720E-03   -0.12465079E-03
  0.8000   -0.29299806E+03   -0.10456685E+04    0.18335427E+03   -0.98595286E+00   -0.19822182E-03   -0.76230025E-03   -0.10897298E+02   -0.23811198E+03   -0.37875626E+01   -0.82724720E+00   -0.12471797E-04   -0.81958796E-06    0.00000000E+00    0.94755410E+03    0.55974565E+02   -0.34842661E+00    0.29490906E-04   -0.14271149E-03    0.00000000E+00    0.25471995E+02   -0.99464654E+00    0.87583058E-01   -0.10460106E-03   -0.10154109E-03
  0.8500   -0.25940292E+03   -0.92367341E+03    0.16728808E+03   -0.90428976E+00   -0.17186212E-03   -0.68651389E-03   -0.94135903E+01   -0.19780413E+03   -0.14301882E+01   -0.73041643E+00   -0.91088208E-05   -0.47089326E-05    0.00000000E+00    0.83882733E+03    0.45743152E+02   -0.31005534E+00    0.27168839E-04   -0.11355723E-03    0.00000000E+00    0.20135075E+02   -0.13143304E+01    0.71216643E-01   -0.87884422E-04   -0.83840963E-04
  0.9000   -0.23099736E+03   -0.82140673E+03    0.15277394E+03   -0.83419597E+00   -0.15049300E-03   -0.62049289E-03   -0.80993636E+01   -0.16597366E+03   -0.19493147E+00   -0.65051366E+00   -0.71523132E-05   -0.65526182E-05    0.00000000E+00    0.74760924E+03    0.38150391E+02   -0.27581484E+00    0.25602846E-04   -0.91764548E-04    0.00000000E+00    0.16111224E+02   -0.14147292E+01    0.58387479E-01   -0.74451074E-04   -0.70098745E-04
  0.9500   -0.20681514E+03   -0.73486835E+03    0.13976224E+03   -0.77335661E+00   -0.13287689E-03   -0.56284705E-03   -0.69432573E+01   -0.14055415E+03    0.33646354E+00   -0.58392628E+00   -0.60802739E-05   -0.71153839E-05    0.00000000E+00    0.67038337E+03    0.32403738E+02   -0.24532694E+00    0.24456650E-04   -0.75231510E-04    0.00000000E+00    0.13031069E+02   -0.13733888E+01    0.48243627E-01   -0.63522619E-04   -0.59297471E-04
  1.0000   -0.18609848E+03   -0.66101316E+03    0.12814919E+03   -0.72000606E+00   -0.11813443E-03   -0.51237776E-03   -0.59325729E+01   -0.12004532E+03    0.44226053E+00   -0.52790307E+00   -0.55471190E-05   -0.69077070E-05    0.00000000E+00    0.60445509E+03    0.27955580E+02   -0.21826463E+00    0.23516090E-04   -0.62487576E-04    0.00000000E+00    0.10641294E+02   -0.12436190E+01    0.40161704E-01   -0.54536180E-04   -0.50710260E-04
  1.1000   -0.15277907E+03   -0.54247399E+03    0.10860546E+03   -0.63064140E+00   -0.94903188E-04   -0.42902138E-03   -0.42939963E+01   -0.89612550E+02    0.51607662E-01   -0.43956077E+00   -0.52650187E-05   -0.54237866E-05    0.00000000E+00    0.49858741E+03    0.21551145E+02   -0.17324906E+00    0.21781196E-04   -0.44519611E-04    0.00000000E+00    0.72727508E+01   -0.85608772E+00    0.28442161E-01   -0.40837060E-04   -0.38203357E-04
  1.2000   -0.12751735E+03   -0.45245202E+03    0.93109990E+02   -0.55845577E+00   -0.77478551E-04   -0.36392586E-03   -0.30782810E+01   -0.68730026E+02   -0.53909703E+00   -0.37359883E+00   -0.52904379E-05   -0.36319382E-05    0.00000000E+00    0.41809101E+03    0.17088242E+02   -0.13860396E+00    0.19905519E-04   -0.32665434E-04    0.00000000E+00    0.51010763E+01   -0.43309660E+00    0.20708655E-01   -0.31122412E-04   -0.29790016E-04
  1.3000   -0.10799218E+03   -0.38251298E+03    0.80746330E+02   -0.49870401E+00   -0.63988333E-04   -0.31239958E-03   -0.21896661E+01   -0.53942018E+02   -0.10113797E+01   -0.32269866E+00   -0.52375409E-05   -0.21260918E-05    0.00000000E+00    0.35540774E+03    0.13678011E+02   -0.11239196E+00    0.17810399E-04   -0.24269183E-04    0.00000000E+00    0.36382981E+01   -0.58376551E-01    0.15474881E-01   -0.24074539E-04   -0.23894947E-04
  1.4000   -0.92632902E+02   -0.32712447E+03    0.70776264E+02   -0.44833642E+00   -0.53312428E-04   -0.27105137E-03   -0.15474109E+01   -0.43166934E+02   -0.12790451E+01   -0.28225174E+00   -0.50033643E-05   -0.10684586E-05    0.00000000E+00    0.30558665E+03    0.10897472E+02   -0.92898763E-01    0.15572781E-04   -0.17952640E-04    0.00000000E+00    0.26094032E+01    0.23518046E+00    0.11839043E-01   -0.18872825E-04   -0.19596343E-04
  1.5000   -0.80353383E+02   -0.28253991E+03    0.62630996E+02   -0.40531655E+00   -0.44738501E-04   -0.23741901E-03   -0.10868585E+01   -0.35113588E+02   -0.13539940E+01   -0.24929371E+00   -0.46018047E-05   -0.43632316E-06    0.00000000E+00    0.26529029E+03    0.85466920E+01   -0.78648383E-01    0.13306567E-04   -0.12986819E-04    0.00000000E+00    0.18551773E+01    0.44078222E+00    0.92434286E-02   -0.14983320E-04   -0.16339360E-04
  1.6000   -0.70388491E+02   -0.24614942E+03    0.55882121E+02   -0.36822725E+00   -0.37785690E-04   -0.20970369E-03   -0.75811802E+00   -0.28959676E+02   -0.12820022E+01   -0.22187455E+00   -0.40854053E-05   -0.14140224E-06    0.00000000E+00    0.23220869E+03    0.65291704E+01   -0.68405639E-01    0.11113325E-04   -0.89732765E-05    0.00000000E+00    0.12820024E+01    0.56417548E+00    0.73381448E-02   -0.12046124E-04   -0.13781776E-04
  2.0000   -0.44706355E+02   -0.15189811E+03    0.37584054E+02   -0.26189751E+00   -0.20486638E-04   -0.13611173E-03   -0.14804661E+00   -0.14881930E+02   -0.41809224E+00   -0.14653268E+00   -0.18485882E-05   -0.56235250E-06    0.00000000E+00    0.14518802E+03    0.98560586E+00   -0.50232984E-01    0.41369579E-05    0.11048004E-05    0.00000000E+00   -0.29169518E-01    0.46938852E+00    0.31951344E-02   -0.57803334E-05   -0.72243790E-05
  2.5000   -0.28389892E+02   -0.93036893E+02    0.24716577E+02   -0.18735366E+00   -0.11212039E-04   -0.87251107E-04    0.55707262E-01   -0.77265338E+01    0.32245695E+00   -0.93738745E-01   -0.23732344E-06   -0.12293429E-05    0.00000000E+00    0.89228720E+02   -0.20809917E+01   -0.44380471E-01   -0.26973547E-06    0.61323109E-05    0.00000000E+00   -0.49678149E+00   -0.17618236E+00    0.10636713E-02   -0.32686886E-05   -0.27266741E-05
  3.0000   -0.19430831E+02   -0.62126767E+02    0.17024105E+02   -0.14733594E+00   -0.73552169E-05   -0.59728857E-04    0.11986694E+00   -0.45716500E+01    0.31771499E+00   -0.63282429E-01    0.56058482E-07   -0.92137267E-06    0.00000000E+00    0.59138815E+02   -0.30071942E+01   -0.37552982E-01   -0.18142412E-05    0.74372116E-05    0.00000000E+00   -0.29208363E+00   -0.63145296E+00    0.83947184E-04   -0.23547758E-05   -0.41214863E-06
  4.0000   -0.10311050E+02   -0.32935911E+02    0.89861488E+01   -0.11328698E+00   -0.43623939E-05   -0.32007743E-04    0.12070416E+00   -0.15557089E+01   -0.74580033E-01   -0.32497150E-01   -0.22515517E-06    0.42858355E-08    0.00000000E+00    0.30361346E+02   -0.28926391E+01   -0.11612299E-01   -0.20671183E-05    0.68319127E-05    0.00000000E+00    0.21546601E+00   -0.35717878E+00   -0.63516365E-03   -0.89077261E-06    0.20806651E-06
  5.0000   -0.59780331E+01   -0.20521311E+02    0.51043383E+01   -0.10209971E+00   -0.33600617E-05   -0.19063253E-04    0.13032565E+00   -0.41735017E+00    0.22620987E+00   -0.18903460E-01    0.22171667E-06   -0.47420443E-06    0.00000000E+00    0.18220993E+02   -0.20353558E+01    0.21569055E-01   -0.11498951E-05    0.51117550E-05    0.00000000E+00   -0.10068322E+00   -0.12006074E+00   -0.87262570E-03   -0.20692573E-06    0.16243394E-06
  6.0000   -0.36999362E+01   -0.14005589E+02    0.28501619E+01   -0.96923864E-01   -0.30722422E-05   -0.11840595E-04    0.18683790E+00   -0.29270170E+00    0.20197282E+00   -0.12294578E-01    0.21435857E-06   -0.40699873E-06    0.00000000E+00    0.12063349E+02   -0.10738487E+01    0.52900968E-01   -0.24370120E-08    0.33011942E-05    0.00000000E+00   -0.11487048E+00   -0.43867095E+00   -0.10139062E-02   -0.39473805E-06    0.95480686E-06
  7.0000   -0.24272367E+01   -0.10083786E+02    0.17211021E+01   -0.92565577E-01   -0.26177902E-05   -0.79126576E-05    0.19771901E+00   -0.27931436E-01   -0.38716342E-01   -0.88306256E-02   -0.81175072E-07    0.37933435E-07    0.00000000E+00    0.85145925E+01   -0.52274330E+00    0.78551458E-01    0.59431056E-06    0.22024990E-05    0.00000000E+00    0.91869035E-01   -0.33285670E+00   -0.10448375E-02   -0.18017180E-06    0.84384191E-06
  8.0000   -0.16405418E+01   -0.76862419E+01    0.10997129E+01   -0.87702726E-01   -0.21890069E-05   -0.55722079E-05    0.20154242E+00    0.15263729E+00    0.82139120E-01   -0.68242926E-02    0.79116391E-07   -0.17357969E-06    0.00000000E+00    0.64314984E+01   -0.18763262E+00    0.97829420E-01    0.91863129E-06    0.14958718E-05    0.00000000E+00   -0.53117618E-01   -0.22351430E+00   -0.10427353E-02   -0.19884057E-08    0.68563995E-06
  9.0000   -0.11606511E+01   -0.60080679E+01    0.64164213E+00   -0.82247515E-01   -0.19485221E-05   -0.39224957E-05    0.22559532E+00    0.69415401E-01    0.71618261E-01   -0.55931755E-02    0.70140092E-07   -0.15018920E-06    0.00000000E+00    0.50187211E+01    0.98473431E-01    0.11135472E+00    0.12085810E-05    0.90563336E-06    0.00000000E+00   -0.58308383E-01   -0.38653811E+00   -0.10514718E-02   -0.15978816E-06    0.10293732E-05
 10.0000   -0.86481210E+00   -0.47564437E+01    0.44139963E+00   -0.76417030E-01   -0.16137981E-05   -0.29717377E-05    0.22587040E+00    0.15160688E+00   -0.51885992E-01   -0.47798801E-02   -0.83756587E-07    0.75867561E-07    0.00000000E+00    0.39838000E+01    0.19455865E+00    0.12012024E+00    0.12432603E-05    0.64471225E-06    0.00000000E+00    0.55549044E-01   -0.32227397E+00   -0.10255365E-02   -0.65836643E-07    0.92561992E-06
 12.0000   -0.51501536E+00   -0.32248565E+01    0.20616926E+00   -0.64737987E-01   -0.11603257E-05   -0.17945931E-05    0.23568375E+00    0.15040706E+00    0.30022426E-01   -0.37060247E-02    0.25454201E-07   -0.66907995E-07    0.00000000E+00    0.27355441E+01    0.28379779E+00    0.12741060E+00    0.12186644E-05    0.34557745E-06    0.00000000E+00   -0.34817758E-01   -0.36175314E+00   -0.97583352E-03   -0.90132138E-07    0.10227797E-05
 16.0000   -0.26675451E+00   -0.16545737E+01    0.10765916E+00   -0.45220227E-01   -0.56620720E-06   -0.89741415E-06    0.23371502E+00    0.21426332E+00   -0.35193943E-01   -0.25116576E-02   -0.51903333E-07    0.56368726E-07    0.00000000E+00    0.14235653E+01    0.19207626E+00    0.12037126E+00    0.89553544E-06    0.30462432E-06    0.00000000E+00    0.28978403E-01   -0.30969601E+00   -0.84677258E-03   -0.15737738E-07    0.93702349E-06
 20.0000   -0.17222453E+00   -0.99956992E+00    0.83245127E-01   -0.32129182E-01   -0.29145640E-06   -0.54755505E-06    0.23004991E+00    0.23919012E+00    0.11861731E-01   -0.18023602E-02    0.10835715E-07   -0.25656191E-07    0.00000000E+00    0.84175918E+00    0.86010499E-01    0.10317876E+00    0.62930214E-06    0.36469600E-06    0.00000000E+00   -0.16130805E-01   -0.28366745E+00   -0.72893371E-03    0.15338549E-07    0.88802448E-06
 25.0000   -0.12061736E+00   -0.59541847E+00    0.51998945E-01   -0.22304200E-01   -0.15662207E-06   -0.31659371E-06    0.22782569E+00    0.22611445E+00   -0.18108780E-01   -0.12659545E-02   -0.25605790E-07    0.30104786E-07    0.00000000E+00    0.45964401E+00    0.29280366E-02    0.79217133E-01    0.41605138E-06    0.40704345E-06    0.00000000E+00    0.15446220E-01   -0.29346037E+00   -0.60568561E-03   -0.15476513E-08    0.90126561E-06
 30.0000   -0.85735723E-01   -0.41442237E+00    0.28540934E-01   -0.16799305E-01   -0.10328256E-06   -0.19108703E-06    0.22455364E+00    0.20947412E+00    0.25446325E-02   -0.92268571E-03    0.15581398E-08   -0.62702698E-08    0.00000000E+00    0.27582231E+00   -0.54609303E-01    0.56181141E-01    0.26401761E-06    0.43201986E-06    0.00000000E+00   -0.43228390E-02   -0.30098931E+00   -0.50039139E-03   -0.19664090E-07    0.90631149E-06
 40.0000   -0.46564499E-01   -0.24013548E+00    0.15418121E-01   -0.12230271E-01   -0.49897535E-07   -0.97330461E-07    0.21089701E+00    0.21397046E+00   -0.83432310E-02   -0.50710925E-03   -0.11443620E-07    0.14223831E-07    0.00000000E+00    0.86540248E-01   -0.14317590E+00    0.16882673E-01    0.29746197E-07    0.47021828E-06    0.00000000E+00    0.75045765E-02   -0.25868934E+00   -0.32530488E-03    0.32277448E-08    0.79907001E-06
 50.0000   -0.20421661E-01   -0.17219548E+00    0.24408621E-03   -0.11653737E-01   -0.45895838E-07   -0.46646754E-07    0.19622905E+00    0.19884644E+00    0.58887654E-02   -0.24425407E-03    0.71725962E-08   -0.10943838E-07    0.00000000E+00    0.51838786E-02   -0.17853803E+00   -0.11295206E-01   -0.10133727E-06    0.44792430E-06    0.00000000E+00   -0.61834965E-02   -0.23016166E+00   -0.19684967E-03    0.28600914E-08    0.71093865E-06
 60.0000   -0.44113654E-02   -0.12861864E+00   -0.14578654E-01   -0.12565725E-01   -0.57247661E-07   -0.12397304E-07    0.17992601E+00    0.17500117E+00   -0.11660557E-02   -0.65569236E-04   -0.14760749E-08    0.21112256E-08    0.00000000E+00   -0.42076212E-01   -0.17755309E+00   -0.28227006E-01   -0.15911896E-06    0.38711250E-06    0.00000000E+00    0.11738746E-02   -0.20450807E+00   -0.10629111E-03   -0.65643434E-08    0.62259250E-06
 70.0000    0.70384751E-02   -0.10240204E+00   -0.18044565E-01   -0.13673269E-01   -0.59009938E-07   -0.34969130E-08    0.16018191E+00    0.16391833E+00   -0.21945096E-02    0.56335003E-04   -0.25649614E-08    0.41863161E-08    0.00000000E+00   -0.63419679E-01   -0.16122143E+00   -0.35391426E-01   -0.17801087E-06    0.31797722E-06    0.00000000E+00    0.23471887E-02   -0.15731716E+00   -0.43782906E-04    0.45837139E-08    0.48856055E-06
 80.0000    0.15484517E-01   -0.86626386E-01   -0.23860238E-01   -0.14284353E-01   -0.65280889E-07    0.81237049E-08    0.14044123E+00    0.14030738E+00    0.41060015E-02    0.13531510E-03    0.55901911E-08   -0.70416766E-08    0.00000000E+00   -0.67927958E-01   -0.12638908E+00   -0.34938307E-01   -0.15681317E-06    0.23201527E-06    0.00000000E+00   -0.39056385E-02   -0.12138267E+00   -0.55773045E-05   -0.26821795E-09    0.37315828E-06
 90.0000    0.19821102E-01   -0.69453390E-01   -0.25723812E-01   -0.14107394E-01   -0.65801675E-07    0.13336093E-07    0.11988795E+00    0.11765465E+00   -0.20826473E-02    0.17956802E-03   -0.22241116E-08    0.41830281E-08    0.00000000E+00   -0.69015925E-01   -0.85710366E-01   -0.29078702E-01   -0.11790257E-06    0.14578024E-06    0.00000000E+00    0.22703645E-02   -0.82211070E-01    0.16369996E-04   -0.28865320E-08    0.25003090E-06
100.0000    0.22724008E-01   -0.58136676E-01   -0.21596907E-01   -0.13120717E-01   -0.57251492E-07    0.91900991E-08    0.98564942E-01    0.10187295E+00    0.34084512E-04    0.19995364E-03    0.49034364E-09    0.38548468E-09    0.00000000E+00   -0.62659837E-01   -0.46187607E-01   -0.19784846E-01   -0.74585533E-07    0.67507873E-07    0.00000000E+00    0.11942427E-03   -0.34622831E-01    0.27981255E-04    0.42079242E-08    0.11072299E-06
110.0000    0.23854085E-01   -0.48684788E-01   -0.20889809E-01   -0.11466265E-01   -0.52278414E-07    0.11987833E-07    0.78917507E-01    0.77275501E-01    0.27639784E-02    0.20217240E-03    0.39528275E-08   -0.45503864E-08    0.00000000E+00   -0.54030328E-01   -0.31374936E-02   -0.86887165E-02   -0.21921442E-07   -0.12269130E-07    0.00000000E+00   -0.26513938E-02    0.17097069E-03    0.31176695E-04   -0.20706249E-08   -0.25966060E-08
120.0000    0.22653486E-01   -0.37040461E-01   -0.16538308E-01   -0.93664774E-02   -0.41746835E-07    0.91322782E-08    0.59923795E-01    0.59212287E-01   -0.26613759E-02    0.19022869E-03   -0.29917093E-08    0.51958543E-08    0.00000000E+00   -0.47717126E-01    0.34460307E-01    0.29179065E-02    0.25257491E-07   -0.80757580E-07    0.00000000E+00    0.27326027E-02    0.38952525E-01    0.30834150E-04   -0.86715181E-09   -0.12070226E-06
130.0000    0.21150089E-01   -0.30563391E-01   -0.10714793E-01   -0.70727142E-02   -0.29010294E-07    0.39531263E-08    0.42488130E-01    0.45275001E-01    0.14794276E-02    0.16994975E-03    0.22302720E-08   -0.23210984E-08    0.00000000E+00   -0.37749351E-01    0.66667805E-01    0.14048835E-01    0.66213151E-07   -0.13888636E-06    0.00000000E+00   -0.14377337E-02    0.76927127E-01    0.28640305E-04    0.36000039E-08   -0.23306170E-06
140.0000    0.18200555E-01   -0.23304263E-01   -0.94723362E-02   -0.48293175E-02   -0.22629474E-07    0.65116011E-08    0.28307269E-01    0.25403197E-01    0.15051674E-02    0.14250709E-03    0.22024393E-08   -0.24281179E-08    0.00000000E+00   -0.29555465E-01    0.97579641E-01    0.23972154E-01    0.10664973E-06   -0.19354819E-06    0.00000000E+00   -0.14855044E-02    0.10012618E+00    0.24606840E-04   -0.36395032E-08   -0.31167169E-06
150.0000    0.13937915E-01   -0.14816695E-01   -0.42806339E-02   -0.28499658E-02   -0.11570949E-07    0.15981645E-08    0.15963761E-01    0.16858292E-01   -0.33029367E-02    0.10986286E-03   -0.39870967E-08    0.61741904E-08    0.00000000E+00   -0.23487640E-01    0.11864376E+00    0.32158138E-01    0.13359782E-06   -0.23140260E-06    0.00000000E+00    0.33072851E-02    0.12819999E+00    0.21800360E-04    0.12040409E-08   -0.39319555E-06
160.0000    0.10211966E-01   -0.11924220E-01   -0.10051844E-02   -0.13091826E-02   -0.40182381E-08   -0.92584843E-09    0.69983472E-02    0.93672920E-02    0.35091847E-02    0.75477646E-04    0.46163067E-08   -0.61794899E-08    0.00000000E+00   -0.13345597E-01    0.13447479E+00    0.38240110E-01    0.15395747E-06   -0.25974618E-06    0.00000000E+00   -0.35080523E-02    0.14742760E+00    0.19369819E-04    0.30850641E-08   -0.45046711E-06
170.0000    0.49921830E-02   -0.48951991E-02   -0.32973226E-02   -0.33408422E-03   -0.50986748E-08    0.50453406E-08    0.24207349E-02   -0.34172320E-02   -0.47233645E-03    0.37929979E-04   -0.52703998E-09    0.92607481E-09    0.00000000E+00   -0.74556845E-02    0.14793754E+00    0.41979192E-01    0.17207193E-06   -0.28304907E-06    0.00000000E+00    0.47068185E-03    0.14918272E+00    0.16752035E-04   -0.73648273E-08   -0.46631654E-06
179.9000   -0.67402479E-02    0.18160239E-01    0.18342898E-01    0.22240514E-05    0.24583832E-07   -0.31846994E-07    0.19783997E-04    0.30860676E-01   -0.47618873E-01   -0.51866798E-05   -0.60635819E-07    0.85860792E-07    0.00000000E+00   -0.17932244E-01    0.13568168E+00    0.43237567E-01    0.15302813E-06   -0.26438845E-06    0.00000000E+00    0.47598677E-01    0.19315777E+00    0.20474589E-04    0.39348672E-07   -0.55488965E-06
180.0000    0.00000000E+00    0.00000000E+00    0.00000000E+00    0.00000000E+00    0.00000000E+00    0.00000000E+00    0.00000000E+00    0.00000000E+00    0.00000000E+00    0.00000000E+00    0.00000000E+00    0.00000000E+00    0.00000000E+00    0.00000000E+00    0.40560903E-01    0.41388677E+01    0.10577523E-07   -0.11420567E-06    0.00000000E+00    0.00000000E+00    0.43922445E+00    0.44818821E+02    0.32425517E-06   -0.10269925E-05
