-128	51	0
-127.883	50.948	10
-127.767	50.8959	20
-127.651	50.8436	30
-127.535	50.7913	40
-127.42	50.7388	50
-127.305	50.6863	60
-127.19	50.6336	70
-127.075	50.5808	80
-126.961	50.5279	90
-126.846	50.4748	100
-126.732	50.4217	110
-126.619	50.3685	120
-126.505	50.3151	130
-126.392	50.2616	140
-126.279	50.208	150
-126.167	50.1544	160
-126.054	50.1006	170
-125.942	50.0467	180
-125.83	49.9926	190
-125.718	49.9385	200
-125.607	49.8843	210
-125.496	49.83	220
-125.385	49.7755	230
-125.274	49.721	240
-125.164	49.6663	250
-125.054	49.6116	260
-124.944	49.5567	270
-124.834	49.5018	280
-124.725	49.4467	290
-124.616	49.3915	300
-124.507	49.3362	310
-124.398	49.2809	320
-124.289	49.2254	330
-124.181	49.1698	340
-124.073	49.1141	350
-123.966	49.0584	360
-123.858	49.0025	370
-123.751	48.9465	380
-123.644	48.8904	390
-123.537	48.8343	400
-123.431	48.778	410
-123.324	48.7216	420
-123.218	48.6651	430
-123.113	48.6086	440
-123.007	48.5519	450
-122.902	48.4951	460
-122.797	48.4383	470
-122.692	48.3813	480
-122.587	48.3243	490
-122.483	48.2672	500
-122.379	48.2099	510
-122.275	48.1526	520
-122.171	48.0952	530
-122.068	48.0376	540
-122	48	546.537
