  0.0000    0.00000000E+00    0.00000000E+00    0.00000000E+00    0.00000000E+00    0.00000000E+00    0.00000000E+00    0.00000000E+00    0.00000000E+00    0.00000000E+00    0.00000000E+00    0.00000000E+00    0.00000000E+00    0.00000000E+00    0.00000000E+00   -0.83017403E+04   -0.30534669E+02   -0.41983744E-01   -0.16443937E-01    0.00000000E+00    0.00000000E+00    0.98750396E+05    0.60101050E+02    0.83838966E-01   -0.21996071E+00
  0.0003   -0.10219296E+02   -0.10219870E+02   -0.23802121E+00   -0.12657568E-03   -0.34714576E-06    0.38511225E-06   -0.16543146E+03   -0.16597562E+03   -0.23320062E+03   -0.14240552E+00   -0.29696530E-03    0.42046245E-03    0.00000000E+00   -0.18686205E+02   -0.83014037E+04   -0.30534417E+02   -0.41983051E-01   -0.16444279E-01    0.00000000E+00    0.23277053E+03    0.98749030E+05    0.60100545E+02    0.83837579E-01   -0.21995790E+00
  0.0004   -0.13625651E+02   -0.13627010E+02   -0.42314447E+00   -0.22502187E-03   -0.61714192E-06    0.68463669E-06   -0.16542724E+03   -0.16639461E+03   -0.31093093E+03   -0.18987280E+00   -0.39594962E-03    0.56061078E-03    0.00000000E+00   -0.24914165E+02   -0.83011420E+04   -0.30534220E+02   -0.41982512E-01   -0.16444546E-01    0.00000000E+00    0.31035748E+03    0.98747968E+05    0.60100152E+02    0.83836501E-01   -0.21995571E+00
  0.0005   -0.17031939E+02   -0.17034593E+02   -0.66115447E+00   -0.35159355E-03   -0.96427202E-06    0.10697301E-05   -0.16542181E+03   -0.16693331E+03   -0.38865848E+03   -0.23733904E+00   -0.49493042E-03    0.70075411E-03    0.00000000E+00   -0.31141462E+02   -0.83008054E+04   -0.30533968E+02   -0.41981819E-01   -0.16444888E-01    0.00000000E+00    0.38794166E+03    0.98746602E+05    0.60099646E+02    0.83835114E-01   -0.21995289E+00
  0.0006   -0.20438143E+02   -0.20442731E+02   -0.95204703E+00   -0.50628921E-03   -0.13885302E-05    0.15403855E-05   -0.16541517E+03   -0.16759170E+03   -0.46638256E+03   -0.28480396E+00   -0.59390680E-03    0.84089121E-03    0.00000000E+00   -0.37367928E+02   -0.83003940E+04   -0.30533659E+02   -0.41980971E-01   -0.16445306E-01    0.00000000E+00    0.46552239E+03    0.98744933E+05    0.60099029E+02    0.83833419E-01   -0.21994945E+00
  0.0007   -0.23844247E+02   -0.23851532E+02   -0.12958170E+01   -0.68910701E-03   -0.18899092E-05    0.20965943E-05   -0.16540732E+03   -0.16836977E+03   -0.54410249E+03   -0.33226731E+00   -0.69287790E-03    0.98102081E-03    0.00000000E+00   -0.43593399E+02   -0.82999079E+04   -0.30533294E+02   -0.41979970E-01   -0.16445800E-01    0.00000000E+00    0.54309897E+03    0.98742960E+05    0.60098299E+02    0.83831417E-01   -0.21994539E+00
  0.0008   -0.27250235E+02   -0.27261109E+02   -0.16924583E+01   -0.90004479E-03   -0.24684006E-05    0.27383461E-05   -0.16539827E+03   -0.16926751E+03   -0.62181757E+03   -0.37972883E+00   -0.79184283E-03    0.11211417E-02    0.00000000E+00   -0.49817708E+02   -0.82993470E+04   -0.30532873E+02   -0.41978815E-01   -0.16446371E-01    0.00000000E+00    0.62067072E+03    0.98740684E+05    0.60097457E+02    0.83829106E-01   -0.21994070E+00
  0.0009   -0.30656089E+02   -0.30671572E+02   -0.21419640E+01   -0.11391001E-02   -0.31239946E-05    0.34656294E-05   -0.16538802E+03   -0.17028491E+03   -0.69952712E+03   -0.42718825E+00   -0.89080071E-03    0.12612526E-02    0.00000000E+00   -0.56040689E+02   -0.82987114E+04   -0.30532396E+02   -0.41977506E-01   -0.16447017E-01    0.00000000E+00    0.69823693E+03    0.98738104E+05    0.60096503E+02    0.83826487E-01   -0.21993538E+00
  0.0010   -0.34061793E+02   -0.34083031E+02   -0.26443261E+01   -0.14062700E-02   -0.38566801E-05    0.42784307E-05   -0.16537656E+03   -0.17142194E+03   -0.77723043E+03   -0.47464530E+00   -0.98975066E-03    0.14013522E-02    0.00000000E+00   -0.62262177E+02   -0.82980010E+04   -0.30531863E+02   -0.41976043E-01   -0.16447739E-01    0.00000000E+00    0.77579692E+03    0.98735221E+05    0.60095437E+02    0.83823560E-01   -0.21992944E+00
  0.0012   -0.40872685E+02   -0.40909382E+02   -0.38075830E+01   -0.20249407E-02   -0.55532748E-05    0.61605264E-05   -0.16535002E+03   -0.17405482E+03   -0.93261562E+03   -0.56955129E+00   -0.11876232E-02    0.16815129E-02    0.00000000E+00   -0.74700009E+02   -0.82963560E+04   -0.30530628E+02   -0.41972654E-01   -0.16449412E-01    0.00000000E+00    0.93089549E+03    0.98728545E+05    0.60092967E+02    0.83816782E-01   -0.21991567E+00
  0.0014   -0.47682777E+02   -0.47741046E+02   -0.51821471E+01   -0.27560276E-02   -0.75580698E-05    0.83844954E-05   -0.16531867E+03   -0.17716600E+03   -0.10879676E+04   -0.66444470E+00   -0.13854535E-02    0.19616136E-02    0.00000000E+00   -0.87129877E+02   -0.82944121E+04   -0.30529169E+02   -0.41968651E-01   -0.16451389E-01    0.00000000E+00    0.10859609E+04    0.98720656E+05    0.60090049E+02    0.83808773E-01   -0.21989941E+00
  0.0015   -0.51087482E+02   -0.51159147E+02   -0.59486395E+01   -0.31637166E-02   -0.86760009E-05    0.96246324E-05   -0.16530118E+03   -0.17890088E+03   -0.11656294E+04   -0.71188603E+00   -0.14843506E-02    0.21016384E-02    0.00000000E+00   -0.93341411E+02   -0.82933281E+04   -0.30528356E+02   -0.41966418E-01   -0.16452491E-01    0.00000000E+00    0.11634794E+04    0.98716257E+05    0.60088421E+02    0.83804307E-01   -0.21989035E+00
  0.0016   -0.54491937E+02   -0.54578907E+02   -0.67679212E+01   -0.35994961E-02   -0.98709295E-05    0.10950175E-04   -0.16528250E+03   -0.18075526E+03   -0.12432808E+04   -0.75932343E+00   -0.15832345E-02    0.22416445E-02    0.00000000E+00   -0.99550457E+02   -0.82921695E+04   -0.30527486E+02   -0.41964032E-01   -0.16453669E-01    0.00000000E+00    0.12409876E+04    0.98711554E+05    0.60086682E+02    0.83799533E-01   -0.21988065E+00
  0.0017   -0.57896125E+02   -0.58000438E+02   -0.76399776E+01   -0.40633612E-02   -0.11142835E-04    0.12361098E-04   -0.16526261E+03   -0.18272909E+03   -0.13209212E+04   -0.80675664E+00   -0.16821043E-02    0.23816307E-02    0.00000000E+00   -0.10575685E+03   -0.82909362E+04   -0.30526560E+02   -0.41961491E-01   -0.16454923E-01    0.00000000E+00    0.13184847E+04    0.98706549E+05    0.60084830E+02    0.83794451E-01   -0.21987034E+00
  0.0018   -0.61300030E+02   -0.61423850E+02   -0.85647933E+01   -0.45553062E-02   -0.12491697E-04    0.13857376E-04   -0.16524152E+03   -0.18482236E+03   -0.13985498E+04   -0.85418539E+00   -0.17809591E-02    0.25215956E-02    0.00000000E+00   -0.11196042E+03   -0.82896282E+04   -0.30525578E+02   -0.41958797E-01   -0.16456252E-01    0.00000000E+00    0.13959701E+04    0.98701240E+05    0.60082866E+02    0.83789062E-01   -0.21985939E+00
  0.0019   -0.64703635E+02   -0.64849252E+02   -0.95423521E+01   -0.50753253E-02   -0.13917492E-04    0.15438983E-04   -0.16521923E+03   -0.18703501E+03   -0.14761659E+04   -0.90160942E+00   -0.18797980E-02    0.26615381E-02    0.00000000E+00   -0.11816101E+03   -0.82882457E+04   -0.30524541E+02   -0.41955949E-01   -0.16457658E-01    0.00000000E+00    0.14734430E+04    0.98695629E+05    0.60080790E+02    0.83783366E-01   -0.21984783E+00
  0.0020   -0.68106923E+02   -0.68276755E+02   -0.10572637E+02   -0.56234124E-02   -0.15420196E-04    0.17105888E-04   -0.16519574E+03   -0.18936702E+03   -0.15537690E+04   -0.94902848E+00   -0.19786203E-02    0.28014569E-02    0.00000000E+00   -0.12435845E+03   -0.82867886E+04   -0.30523447E+02   -0.41952948E-01   -0.16459139E-01    0.00000000E+00    0.15509029E+04    0.98689714E+05    0.60078602E+02    0.83777361E-01   -0.21983564E+00
  0.0030   -0.10211876E+03   -0.10269155E+03   -0.23770941E+02   -0.12646429E-01   -0.34670990E-04    0.38458886E-04   -0.16489499E+03   -0.21924201E+03   -0.23289249E+04   -0.14228878E+01   -0.29657293E-02    0.41990688E-02    0.00000000E+00   -0.18612331E+03   -0.82681199E+04   -0.30509428E+02   -0.41914489E-01   -0.16478113E-01    0.00000000E+00    0.23246282E+04    0.98613930E+05    0.60050560E+02    0.83700429E-01   -0.21967942E+00
  0.0040   -0.13608073E+03   -0.13743718E+03   -0.42215960E+02   -0.22466999E-01   -0.61576520E-04    0.68298354E-04   -0.16447524E+03   -0.26099680E+03   -0.31020103E+04   -0.18959622E+01   -0.39502017E-02    0.55929472E-02    0.00000000E+00   -0.24739201E+03   -0.82420232E+04   -0.30489819E+02   -0.41860716E-01   -0.16504625E-01    0.00000000E+00    0.30962857E+04    0.98507959E+05    0.60011337E+02    0.83592860E-01   -0.21946098E+00
  0.0050   -0.16997635E+03   -0.17262245E+03   -0.65875190E+02   -0.35073501E-01   -0.96091346E-04    0.10656973E-03   -0.16393778E+03   -0.31456140E+03   -0.38723407E+04   -0.23679918E+01   -0.49311660E-02    0.69818583E-02    0.00000000E+00   -0.30800093E+03   -0.82085374E+04   -0.30464637E+02   -0.41791695E-01   -0.16538621E-01    0.00000000E+00    0.38651920E+04    0.98371926E+05    0.59960967E+02    0.83454791E-01   -0.21918055E+00
  0.0060   -0.20378928E+03   -0.20835495E+03   -0.94706982E+02   -0.50451030E-01   -0.13815724E-03    0.15320312E-03   -0.16328424E+03   -0.37984611E+03   -0.46392370E+04   -0.28387181E+01   -0.59077573E-02    0.83645775E-02    0.00000000E+00   -0.36778799E+03   -0.81677129E+04   -0.30433905E+02   -0.41707515E-01   -0.16580035E-01    0.00000000E+00    0.46306689E+04    0.98205994E+05    0.59899495E+02    0.83286397E-01   -0.21883846E+00
  0.0070   -0.23750330E+03   -0.24474071E+03   -0.12866065E+03   -0.68581436E-01   -0.18770333E-03    0.20811345E-03   -0.16251664E+03   -0.45674177E+03   -0.54020262E+04   -0.33078846E+01   -0.68791188E-02    0.97398914E-02    0.00000000E+00   -0.42659301E+03   -0.81196107E+04   -0.30397650E+02   -0.41608281E-01   -0.16628785E-01    0.00000000E+00    0.53920443E+04    0.98010359E+05    0.59826975E+02    0.83087890E-01   -0.21843511E+00
  0.0080   -0.27110241E+03   -0.28188392E+03   -0.16767661E+03   -0.89443354E-01   -0.24464631E-03    0.27120073E-03   -0.16163732E+03   -0.54512003E+03   -0.61600430E+04   -0.37752367E+01   -0.78444031E-02    0.11106600E-01    0.00000000E+00   -0.48425804E+03   -0.80643028E+04   -0.30355904E+02   -0.41494119E-01   -0.16684774E-01    0.00000000E+00    0.61486539E+04    0.97785253E+05    0.59743472E+02    0.82859521E-01   -0.21797096E+00
  0.0090   -0.30457079E+03   -0.31988664E+03   -0.21168651E+03   -0.11301225E+00   -0.30889058E-03    0.34235028E-03   -0.16064896E+03   -0.64483365E+03   -0.69126307E+04   -0.42405227E+01   -0.88027741E-02    0.12463520E-01    0.00000000E+00   -0.54062780E+03   -0.80018716E+04   -0.30308704E+02   -0.41365173E-01   -0.16747894E-01    0.00000000E+00    0.68998418E+04    0.97530943E+05    0.59649059E+02    0.82601577E-01   -0.21744653E+00
  0.0100   -0.33789288E+03   -0.35884849E+03   -0.26061343E+03   -0.13926049E+00   -0.38032857E-03    0.42143304E-03   -0.15955456E+03   -0.75571689E+03   -0.76591425E+04   -0.47034936E+01   -0.97534082E-02    0.13809485E-01    0.00000000E+00   -0.59554992E+03   -0.79324100E+04   -0.30256091E+02   -0.41221604E-01   -0.16818019E-01    0.00000000E+00    0.76449621E+04    0.97247727E+05    0.59543819E+02    0.82314381E-01   -0.21686243E+00
  0.0120   -0.40403725E+03   -0.44003442E+03   -0.37286897E+03   -0.19966913E+00   -0.54429697E-03    0.60281208E-03   -0.15706126E+03   -0.10102392E+04   -0.91314080E+04   -0.56215102E+01   -0.11628243E-01    0.16463987E-01    0.00000000E+00   -0.70045883E+03   -0.77728178E+04   -0.30134816E+02   -0.40891333E-01   -0.16978724E-01    0.00000000E+00    0.91144731E+04    0.96595943E+05    0.59301238E+02    0.81653707E-01   -0.21551793E+00
  0.0140   -0.46941679E+03   -0.52618010E+03   -0.50366431E+03   -0.27038806E+00   -0.73546166E-03    0.81403142E-03   -0.15418750E+03   -0.13070074E+04   -0.10571906E+05   -0.65273649E+01   -0.13462627E-01    0.19061210E-01    0.00000000E+00   -0.79783824E+03   -0.75864681E+04   -0.29992504E+02   -0.40504949E-01   -0.17165634E-01    0.00000000E+00    0.10552261E+05    0.95832946E+05    0.59016575E+02    0.80880784E-01   -0.21394353E+00
  0.0160   -0.53391823E+03   -0.61796847E+03   -0.65209797E+03   -0.35109044E+00   -0.95256082E-03    0.10535795E-02   -0.15096771E+03   -0.16440768E+04   -0.11975933E+05   -0.74192032E+01   -0.15250568E-01    0.21592673E-01    0.00000000E+00   -0.88660993E+03   -0.73744527E+04   -0.29829646E+02   -0.40064360E-01   -0.17377297E-01    0.00000000E+00    0.11953627E+05    0.94962270E+05    0.58690816E+02    0.79999426E-01   -0.21214631E+00
  0.0180   -0.59743453E+03   -0.71601960E+03   -0.81715505E+03   -0.44140644E+00   -0.11941732E-02    0.13197554E-02   -0.14744012E+03   -0.20192563E+04   -0.13339044E+05   -0.82952469E+01   -0.16986408E-01    0.24050364E-01    0.00000000E+00   -0.96577335E+03   -0.71380029E+04   -0.29646802E+02   -0.39571718E-01   -0.17612079E-01    0.00000000E+00    0.13314136E+05    0.93987912E+05    0.58325080E+02    0.79013940E-01   -0.21013424E+00
  0.0200   -0.65986548E+03   -0.82088415E+03   -0.99771736E+03   -0.54092619E+00   -0.14587322E-02    0.16106855E-02   -0.14364617E+03   -0.24301298E+04   -0.14657086E+05   -0.91538033E+01   -0.18664856E-01    0.26426790E-01    0.00000000E+00   -0.10344139E+04   -0.68784781E+04   -0.29444593E+02   -0.39029404E-01   -0.17868179E-01    0.00000000E+00    0.14629637E+05    0.92914292E+05    0.57920609E+02    0.77929091E-01   -0.20791617E+00
  0.0220   -0.72111827E+03   -0.93303765E+03   -0.11925745E+04   -0.64920307E+00   -0.17445408E-02    0.19243433E-02   -0.13962989E+03   -0.28740798E+04   -0.15926218E+05   -0.99932733E+01   -0.20281024E-01    0.28715030E-01    0.00000000E+00   -0.10917104E+04   -0.65973530E+04   -0.29223698E+02   -0.38440010E-01   -0.18143648E-01    0.00000000E+00    0.15896297E+05    0.91746224E+05    0.57478761E+02    0.76750056E-01   -0.20550171E+00
  0.0240   -0.78110797E+03   -0.10528757E+04   -0.14004358E+04   -0.76575716E+00   -0.20497882E-02    0.22585687E-02   -0.13543721E+03   -0.33483119E+04   -0.17142938E+05   -0.10812158E+02   -0.21830452E-01    0.30908769E-01    0.00000000E+00   -0.11369411E+04   -0.62962048E+04   -0.28984850E+02   -0.37806307E-01   -0.18436410E-01    0.00000000E+00    0.17110619E+05    0.90488866E+05    0.57001000E+02    0.75482387E-01   -0.20290119E+00
  0.0260   -0.83975787E+03   -0.11807104E+04   -0.16199428E+04   -0.89007896E+00   -0.23725672E-02    0.26110899E-02   -0.13111529E+03   -0.38498817E+04   -0.18304101E+05   -0.11609067E+02   -0.23309135E-01    0.33002335E-01    0.00000000E+00   -0.11694893E+04   -0.59766981E+04   -0.28728827E+02   -0.37131235E-01   -0.18744281E-01    0.00000000E+00    0.18269464E+05    0.89147688E+05    0.56488887E+02    0.74131956E-01   -0.20012557E+00
  0.0280   -0.89699973E+03   -0.13167673E+04   -0.18496823E+04   -0.10216333E+01   -0.27108916E-02    0.29795452E-02   -0.12671182E+03   -0.43757216E+04   -0.19406933E+05   -0.12382720E+02   -0.24713540E-01    0.34990728E-01    0.00000000E+00   -0.11888467E+04   -0.56405707E+04   -0.28456452E+02   -0.36417866E-01   -0.19064988E-01    0.00000000E+00    0.19370061E+05    0.87728420E+05    0.55944067E+02    0.72704914E-01   -0.19718632E+00
  0.0300   -0.95277395E+03   -0.14611842E+04   -0.20881996E+04   -0.11598634E+01   -0.30627151E-02    0.33615058E-02   -0.12227428E+03   -0.49226695E+04   -0.20449045E+05   -0.13131955E+02   -0.26040624E-01    0.36869637E-01    0.00000000E+00   -0.11946165E+04   -0.52896181E+04   -0.28168586E+02   -0.35669389E-01   -0.19396196E-01    0.00000000E+00    0.20410026E+05    0.86237012E+05    0.55368260E+02    0.71207636E-01   -0.19409537E+00
  0.0400   -0.12081471E+04   -0.23073409E+04   -0.33603288E+04   -0.19306587E+01   -0.49508058E-02    0.53870446E-02   -0.10114076E+03   -0.78602956E+04   -0.24692597E+05   -0.16479716E+02   -0.31444676E-01    0.44520619E-01    0.00000000E+00   -0.10136443E+04   -0.33774267E+04   -0.26528885E+02   -0.31516593E-01   -0.21126142E-01    0.00000000E+00    0.24644275E+05    0.77915506E+05    0.52088431E+02    0.62900170E-01   -0.17680222E+00
  0.0500   -0.14226753E+04   -0.33343969E+04   -0.46328880E+04   -0.27794873E+01   -0.68665246E-02    0.73862780E-02   -0.85071291E+02   -0.10845590E+05   -0.27282763E+05   -0.19113084E+02   -0.34743333E-01    0.49190453E-01    0.00000000E+00   -0.49671985E+03   -0.13706087E+04   -0.24642488E+02   -0.26984794E-01   -0.22768199E-01    0.00000000E+00    0.27227704E+05    0.68728011E+05    0.48315164E+02    0.53834355E-01   -0.15760326E+00
  0.0600   -0.15973143E+04   -0.44746216E+04   -0.57520562E+04   -0.36360352E+01   -0.85895038E-02    0.91063525E-02   -0.76482712E+02   -0.13535419E+05   -0.28332085E+05   -0.21021163E+02   -0.36079904E-01    0.51082059E-01    0.00000000E+00    0.29238628E+03    0.52822641E+03   -0.22625849E+02   -0.22453978E-01   -0.24079035E-01    0.00000000E+00    0.28272889E+05    0.59399089E+05    0.44281407E+02    0.44770268E-01   -0.13796747E+00
  0.0700   -0.17355290E+04   -0.56377210E+04   -0.66161775E+04   -0.44427183E+01   -0.99702412E-02    0.10384033E-01   -0.74904211E+02   -0.15694971E+05   -0.28108037E+05   -0.22252795E+02   -0.35794985E-01    0.50677708E-01    0.00000000E+00    0.12534719E+04    0.21731206E+04   -0.20581228E+02   -0.18217137E-01   -0.24902613E-01    0.00000000E+00    0.28047120E+05    0.50501124E+05    0.40191729E+02    0.36294002E-01   -0.11906968E+00
  0.0800   -0.18414521E+04   -0.67341043E+04   -0.71835006E+04   -0.51595680E+01   -0.10941657E-01    0.11157953E-01   -0.77646175E+02   -0.17216532E+05   -0.26950893E+05   -0.22896124E+02   -0.34321874E-01    0.48590935E-01    0.00000000E+00    0.22769293E+04    0.34867800E+04   -0.18588437E+02   -0.14456325E-01   -0.25183195E-01    0.00000000E+00    0.26890347E+05    0.42407643E+05    0.36205803E+02    0.28769760E-01   -0.10169481E+00
  0.0900   -0.19186337E+04   -0.76937891E+04   -0.74640048E+04   -0.57646218E+01   -0.11508819E-01    0.11453745E-01   -0.81223393E+02   -0.18104773E+05   -0.25197132E+05   -0.23057109E+02   -0.32089037E-01    0.45428432E-01    0.00000000E+00    0.32672895E+04    0.44545885E+04   -0.16702453E+02   -0.11247775E-01   -0.24952049E-01    0.00000000E+00    0.25138661E+05    0.35298733E+05    0.32433622E+02    0.22350089E-01   -0.86244349E-01
  0.1000   -0.19696977E+04   -0.84761379E+04   -0.75012181E+04   -0.62509259E+01   -0.11724746E-01    0.11352302E-01   -0.82859577E+02   -0.18440267E+05   -0.23126860E+05   -0.22841941E+02   -0.29453156E-01    0.41695245E-01    0.00000000E+00    0.41574335E+04    0.51064649E+04   -0.14955765E+02   -0.85874644E-02   -0.24297198E-01    0.00000000E+00    0.23071777E+05    0.29203771E+05    0.28940207E+02    0.17027008E-01   -0.72816643E-01
  0.1100   -0.19967678E+04   -0.90695624E+04   -0.73518662E+04   -0.66219186E+01   -0.11662885E-01    0.10954691E-01   -0.81439228E+02   -0.18337248E+05   -0.20942244E+05   -0.22345962E+02   -0.26671667E-01    0.37755892E-01    0.00000000E+00    0.49117623E+04    0.54948211E+04   -0.13363417E+02   -0.64244531E-02   -0.23328941E-01    0.00000000E+00    0.20891512E+05    0.24059304E+05    0.25755679E+02    0.12698684E-01   -0.61318323E-01
  0.1200   -0.20022097E+04   -0.94839145E+04   -0.70699992E+04   -0.68869050E+01   -0.11395316E-01    0.10355113E-01   -0.77587546E+02   -0.17909495E+05   -0.18772464E+05   -0.21649096E+02   -0.23909065E-01    0.33843297E-01    0.00000000E+00    0.55205823E+04    0.56759988E+04   -0.11928582E+02   -0.46903618E-02   -0.22152232E-01    0.00000000E+00    0.18726752E+05    0.19761467E+05    0.22886416E+02    0.92283945E-02   -0.51566576E-01
  0.1300   -0.19891716E+04   -0.97401591E+04   -0.66988984E+04   -0.70577237E+01   -0.10981288E-01    0.96274721E-02   -0.72982427E+02   -0.17251666E+05   -0.16693502E+05   -0.20815962E+02   -0.21262103E-01    0.30094457E-01    0.00000000E+00    0.59902890E+04    0.56993125E+04   -0.10647171E+02   -0.33181463E-02   -0.20851740E-01    0.00000000E+00    0.16653241E+05    0.16200518E+05    0.20324264E+02    0.64820739E-02   -0.43357849E-01
  0.1400   -0.19615991E+04   -0.98616524E+04   -0.62703012E+04   -0.71468971E+01   -0.10465585E-01    0.88246210E-02   -0.69330485E+02   -0.16435721E+05   -0.14749939E+05   -0.19898156E+02   -0.18787551E-01    0.26589753E-01    0.00000000E+00    0.63340349E+04    0.56039108E+04   -0.95108645E+01   -0.22492711E-02   -0.19489367E-01    0.00000000E+00    0.14715368E+05    0.13275428E+05    0.18052605E+02    0.43426662E-02   -0.36498392E-01
  0.1500   -0.19237245E+04   -0.98694431E+04   -0.58078721E+04   -0.71669089E+01   -0.98826979E-02    0.79848727E-02   -0.67529738E+02   -0.15516637E+05   -0.12969995E+05   -0.18936657E+02   -0.16521342E-01    0.23380072E-01    0.00000000E+00    0.65658614E+04    0.54207543E+04   -0.85087822E+01   -0.14329388E-02   -0.18109565E-01    0.00000000E+00    0.12941202E+05    0.10894508E+05    0.16049693E+02    0.27085845E-02   -0.30807716E-01
  0.1600   -0.18793137E+04   -0.97816060E+04   -0.53312268E+04   -0.71299800E+01   -0.92618674E-02    0.71393325E-02   -0.67378364E+02   -0.14540050E+05   -0.11371362E+05   -0.17963389E+02   -0.14486005E-01    0.20497309E-01    0.00000000E+00    0.66988527E+04    0.51760340E+04   -0.76284012E+01   -0.82270027E-03   -0.16746459E-01    0.00000000E+00    0.11348314E+05    0.89710889E+04    0.14290495E+02    0.14869326E-02   -0.26112085E-01
  0.1700   -0.18310602E+04   -0.96148497E+04   -0.48579769E+04   -0.70478214E+01   -0.86296039E-02    0.63156711E-02   -0.67877598E+02   -0.13546512E+05   -0.99606987E+04   -0.17001995E+02   -0.12690019E-01    0.17953474E-01    0.00000000E+00    0.67459237E+04    0.48932447E+04   -0.68563110E+01   -0.37460590E-03   -0.15428380E-01    0.00000000E+00    0.99432746E+04    0.74214495E+04    0.12748201E+02    0.58980887E-03   -0.22241836E-01
  0.1800   -0.17804102E+04   -0.93861647E+04   -0.44032659E+04   -0.69311718E+01   -0.80089352E-02    0.55374488E-02   -0.67883471E+02   -0.12570965E+05   -0.87319306E+04   -0.16068490E+02   -0.11125649E-01    0.15737613E-01    0.00000000E+00    0.67211153E+04    0.45930081E+04   -0.61790790E+01   -0.48336551E-04   -0.14178451E-01    0.00000000E+00    0.87199483E+04    0.61675399E+04    0.11395949E+02   -0.63430364E-04   -0.19037497E-01
  0.1900   -0.17278618E+04   -0.91130218E+04   -0.39779559E+04   -0.67892460E+01   -0.74169050E-02    0.48210381E-02   -0.66726869E+02   -0.11639441E+05   -0.76673753E+04   -0.15172364E+02   -0.97703768E-02    0.13817844E-01    0.00000000E+00    0.66397903E+04    0.42914824E+04   -0.55841523E+01    0.18982464E-03   -0.13012664E-01    0.00000000E+00    0.76606154E+04    0.51426407E+04    0.10208639E+02   -0.54022626E-03   -0.16361252E-01
  0.2000   -0.16735462E+04   -0.88119629E+04   -0.35872454E+04   -0.66293651E+01   -0.68626851E-02    0.41732605E-02   -0.64491756E+02   -0.10766373E+05   -0.67426800E+04   -0.14318289E+02   -0.85931930E-02    0.12150258E-01    0.00000000E+00    0.65173364E+04    0.39989700E+04   -0.50605367E+01    0.36450913E-03   -0.11938083E-01    0.00000000E+00    0.67409035E+04    0.42960080E+04    0.91642823E+01   -0.88985035E-03   -0.14106262E-01
  0.2100   -0.16177758E+04   -0.84965390E+04   -0.32309578E+04   -0.64569717E+01   -0.63479472E-02    0.35919010E-02   -0.61857804E+02   -0.99550242E+04   -0.59336196E+04   -0.13508078E+02   -0.75632493E-02    0.10691176E-01    0.00000000E+00    0.63671156E+04    0.37199880E+04   -0.45990346E+01    0.49110230E-03   -0.10953218E-01    0.00000000E+00    0.59365789E+04    0.35933870E+04    0.82444844E+01   -0.11430826E-02   -0.12197923E-01
  0.2200   -0.15613044E+04   -0.81758990E+04   -0.29055600E+04   -0.62760283E+01   -0.58695729E-02    0.30692085E-02   -0.59649996E+02   -0.92012917E+04   -0.52215608E+04   -0.12742335E+02   -0.66568180E-02    0.94070010E-02    0.00000000E+00    0.61988615E+04    0.34550059E+04   -0.41920209E+01    0.57819086E-03   -0.10050928E-01    0.00000000E+00    0.52290042E+04    0.30129229E+04    0.74339926E+01   -0.13171057E-02   -0.10586183E-01
  0.2300   -0.15052186E+04   -0.78548640E+04   -0.26069166E+04   -0.60896007E+01   -0.54233641E-02    0.25966587E-02   -0.58371332E+02   -0.84990613E+04   -0.45952470E+04   -0.12021347E+02   -0.58595651E-02    0.82774370E-02    0.00000000E+00    0.60184003E+04    0.32030276E+04   -0.38329488E+01    0.63136747E-03   -0.92225550E-02    0.00000000E+00    0.46069201E+04    0.25386443E+04    0.67197101E+01   -0.14231148E-02   -0.92331018E-02
  0.2400   -0.14505822E+04   -0.75354144E+04   -0.23324255E+04   -0.59003578E+01   -0.50069370E-02    0.21686305E-02   -0.57968913E+02   -0.78445160E+04   -0.40486968E+04   -0.11345164E+02   -0.51638738E-02    0.72916995E-02    0.00000000E+00    0.58287597E+04    0.29637607E+04   -0.35158733E+01    0.65649175E-03   -0.84613406E-02    0.00000000E+00    0.40643437E+04    0.21548191E+04    0.60897424E+01   -0.14728386E-02   -0.81020104E-02
  0.2500   -0.13980668E+04   -0.72187466E+04   -0.20816282E+04   -0.57107952E+01   -0.46205768E-02    0.17834278E-02   -0.57929753E+02   -0.72375722E+04   -0.35770561E+04   -0.10713202E+02   -0.45635627E-02    0.64410363E-02    0.00000000E+00    0.56319661E+04    0.27384481E+04   -0.32352153E+01    0.66099569E-03   -0.77636760E-02    0.00000000E+00    0.35964219E+04    0.18436461E+04    0.55329259E+01   -0.14811509E-02   -0.71530177E-02
  0.2600   -0.13477835E+04   -0.69068292E+04   -0.18552919E+04   -0.55231617E+01   -0.42660438E-02    0.14416505E-02   -0.57615575E+02   -0.66803398E+04   -0.31730584E+04   -0.10123841E+02   -0.40493785E-02    0.57123456E-02    0.00000000E+00    0.54305411E+04    0.25292495E+04   -0.29858191E+01    0.65303621E-03   -0.71280484E-02    0.00000000E+00    0.31958933E+04    0.15866490E+04    0.50389426E+01   -0.14643751E-02   -0.63456058E-02
  0.2700   -0.12993938E+04   -0.66027748E+04   -0.16537727E+04   -0.53392316E+01   -0.39444097E-02    0.11433230E-02   -0.56627832E+02   -0.61740907E+04   -0.28260215E+04   -0.95744076E+01   -0.36077187E-02    0.50863671E-02    0.00000000E+00    0.52279901E+04    0.23378448E+04   -0.27631803E+01    0.63947757E-03   -0.65527619E-02    0.00000000E+00    0.28520850E+04    0.13680957E+04    0.45987771E+01   -0.14362492E-02   -0.56451136E-02
  0.2800   -0.12524203E+04   -0.63100659E+04   -0.14757455E+04   -0.51601236E+01   -0.36543763E-02    0.88566628E-03   -0.55000751E+02   -0.57168127E+04   -0.25236156E+04   -0.90616106E+01   -0.32228827E-02    0.45408695E-02    0.00000000E+00    0.50282187E+04    0.21642533E+04   -0.25636430E+01    0.62418146E-03   -0.60340141E-02    0.00000000E+00    0.25526789E+04    0.11778996E+04    0.42051099E+01   -0.14045054E-02   -0.50282429E-02
  0.2900   -0.12065738E+04   -0.60312908E+04   -0.13180314E+04   -0.49863134E+01   -0.33920614E-02    0.66278324E-03   -0.53135126E+02   -0.53028065E+04   -0.22550255E+04   -0.85822136E+01   -0.28810984E-02    0.40563525E-02    0.00000000E+00    0.48344121E+04    0.20065969E+04   -0.23844065E+01    0.60769837E-03   -0.55654769E-02    0.00000000E+00    0.22868716E+04    0.10121123E+04    0.38523316E+01   -0.13702532E-02   -0.44839561E-02
  0.3000   -0.11619220E+04   -0.57672363E+04   -0.11765420E+04   -0.48178528E+01   -0.31522765E-02    0.46728466E-03   -0.51536048E+02   -0.49244291E+04   -0.20134849E+04   -0.81335834E+01   -0.25737496E-02    0.36206160E-02    0.00000000E+00    0.46481451E+04    0.18618995E+04   -0.22233151E+01    0.58850515E-03   -0.51395172E-02    0.00000000E+00    0.20479066E+04    0.87074938E+03    0.35361221E+01   -0.13304544E-02   -0.40092627E-02
  0.3100   -0.11188267E+04   -0.55168801E+04   -0.10477100E+04   -0.46546812E+01   -0.29304576E-02    0.29275937E-03   -0.50518988E+02   -0.45748295E+04   -0.17967275E+04   -0.77138523E+01   -0.22979504E-02    0.32295741E-02    0.00000000E+00    0.44692684E+04    0.17273970E+04   -0.20785346E+01    0.56501211E-03   -0.47492213E-02    0.00000000E+00    0.18335250E+04    0.75428343E+03    0.32528045E+01   -0.12819374E-02   -0.36024452E-02
  0.3200   -0.10777119E+04   -0.52782527E+04   -0.92955425E+03   -0.44968711E+01   -0.27241074E-02    0.13561057E-03   -0.50050174E+02   -0.42500526E+04   -0.16052395E+04   -0.73216637E+01   -0.20543198E-02    0.28841034E-02    0.00000000E+00    0.42966074E+04    0.16015853E+04   -0.19482798E+01    0.53718304E-03   -0.43899983E-02    0.00000000E+00    0.16442187E+04    0.66080079E+03    0.29987990E+01   -0.12246373E-02   -0.32575513E-02
  0.3300   -0.10388072E+04   -0.50496383E+04   -0.82181330E+03   -0.43446934E+01   -0.25329873E-02   -0.47279212E-05   -0.49797364E+02   -0.39493910E+04   -0.14394646E+04   -0.69557008E+01   -0.18434229E-02    0.25850039E-02    0.00000000E+00    0.41290362E+04    0.14844492E+04   -0.18307148E+01    0.50693009E-03   -0.40598891E-02    0.00000000E+00    0.14804372E+04    0.58527242E+03    0.27704247E+01   -0.11623858E-02   -0.29629414E-02
  0.3400   -0.10020171E+04   -0.48304324E+04   -0.72515476E+03   -0.41985003E+01   -0.23580704E-02   -0.12717515E-03   -0.49343492E+02   -0.36739549E+04   -0.12976100E+04   -0.66143010E+01   -0.16629765E-02    0.23290430E-02    0.00000000E+00    0.39663094E+04    0.13768291E+04   -0.17240439E+01    0.47721300E-03   -0.37585193E-02    0.00000000E+00    0.13403951E+04    0.52106796E+03    0.25640806E+01   -0.11011096E-02   -0.27041440E-02
  0.3600   -0.93325628E+03   -0.44231344E+04   -0.56563313E+03   -0.39247176E+01   -0.20577711E-02   -0.31763467E-03   -0.47085880E+02   -0.31994679E+04   -0.10665170E+04   -0.59966436E+01   -0.13690571E-02    0.19120185E-02    0.00000000E+00    0.36590927E+04    0.11917338E+04   -0.15374996E+01    0.42761931E-03   -0.32386784E-02    0.00000000E+00    0.11124209E+04    0.40719694E+03    0.22056739E+01   -0.99797596E-03   -0.22506930E-02
  0.3700   -0.90057113E+03   -0.42368905E+04   -0.50016696E+03   -0.37967588E+01   -0.19289459E-02   -0.39021222E-03   -0.45593175E+02   -0.29953268E+04   -0.96669243E+03   -0.57160548E+01   -0.12421039E-02    0.17318675E-02    0.00000000E+00    0.35169219E+04    0.11124095E+04   -0.14556506E+01    0.40747496E-03   -0.30147862E-02    0.00000000E+00    0.10139221E+04    0.35575980E+03    0.20496405E+01   -0.95559585E-03   -0.20500696E-02
  0.3800   -0.86890613E+03   -0.40621606E+04   -0.44116586E+03   -0.36741702E+01   -0.18102310E-02   -0.45301060E-03   -0.44299890E+02   -0.28072536E+04   -0.87349843E+03   -0.54520797E+01   -0.11235849E-02    0.15636807E-02    0.00000000E+00    0.33827821E+04    0.10393367E+04   -0.13806248E+01    0.38800890E-03   -0.28094481E-02    0.00000000E+00    0.92190855E+03    0.31090944E+03    0.19074559E+01   -0.91450147E-03   -0.18709958E-02
  0.3900   -0.83846610E+03   -0.38975579E+04   -0.38665176E+03   -0.35565214E+01   -0.16989577E-02   -0.50944669E-03   -0.43419628E+02   -0.26312756E+04   -0.78747205E+03   -0.52037660E+01   -0.10141841E-02    0.14084265E-02    0.00000000E+00    0.32557515E+04    0.97076341E+03   -0.13119507E+01    0.36749276E-03   -0.26190028E-02    0.00000000E+00    0.83692307E+03    0.27483149E+03    0.17781672E+01   -0.87124180E-03   -0.17167444E-02
  0.4000   -0.80950965E+03   -0.37412413E+04   -0.33579256E+03   -0.34435712E+01   -0.15939829E-02   -0.56093717E-03   -0.42919161E+02   -0.24655675E+04   -0.71061534E+03   -0.49705074E+01   -0.91645080E-03    0.12697147E-02    0.00000000E+00    0.31344128E+04    0.90591674E+03   -0.12490538E+01    0.34555251E-03   -0.24414461E-02    0.00000000E+00    0.76097217E+03    0.24747165E+03    0.16606152E+01   -0.82507439E-03   -0.15864061E-02
  0.4100   -0.78216430E+03   -0.35917372E+04   -0.28892643E+03   -0.33352847E+01   -0.14957253E-02   -0.60686042E-03   -0.42555672E+02   -0.23105459E+04   -0.64443988E+03   -0.47516879E+01   -0.83230998E-03    0.11502707E-02    0.00000000E+00    0.30175880E+04    0.84507860E+03   -0.11912209E+01    0.32330234E-03   -0.22765314E-02    0.00000000E+00    0.69557210E+03    0.22628659E+03    0.15533636E+01   -0.77823308E-03   -0.14743902E-02
  0.4200   -0.75633008E+03   -0.34484949E+04   -0.24694800E+03   -0.32317246E+01   -0.14053466E-02   -0.64562584E-03   -0.42030729E+02   -0.21677380E+04   -0.58853070E+03   -0.45464125E+01   -0.76123328E-03    0.10493462E-02    0.00000000E+00    0.29048706E+04    0.78907090E+03   -0.11376939E+01    0.30259102E-03   -0.21249384E-02    0.00000000E+00    0.64031366E+03    0.20753004E+03    0.14548860E+01   -0.73442072E-03   -0.13728745E-02
  0.4300   -0.73172043E+03   -0.33118774E+04   -0.21045219E+03   -0.31328936E+01   -0.13236056E-02   -0.67616199E-03   -0.41165010E+02   -0.20381576E+04   -0.54040884E+03   -0.43534691E+01   -0.70006413E-03    0.96247131E-03    0.00000000E+00    0.27966682E+04    0.73848892E+03   -0.10878223E+01    0.28486571E-03   -0.19870512E-02    0.00000000E+00    0.59272495E+03    0.18820487E+03    0.13638716E+01   -0.69653679E-03   -0.12755378E-02
  0.4400   -0.70800769E+03   -0.31826351E+04   -0.17914346E+03   -0.30386206E+01   -0.12500668E-02   -0.69894266E-03   -0.39992750E+02   -0.19211576E+04   -0.49666862E+03   -0.41715233E+01   -0.64446590E-03    0.88350536E-03    0.00000000E+00    0.26937681E+04    0.69314279E+03   -0.10411773E+01    0.27034154E-03   -0.18620708E-02    0.00000000E+00    0.54940785E+03    0.16749236E+03    0.12794528E+01   -0.66501640E-03   -0.11802966E-02
  0.4500   -0.68498335E+03   -0.30612016E+04   -0.15182962E+03   -0.29485582E+01   -0.11830915E-02   -0.71599677E-03   -0.38727547E+02   -0.18143815E+04   -0.45463272E+03   -0.39994142E+01   -0.59102945E-03    0.80762090E-03    0.00000000E+00    0.25967126E+04    0.65201440E+03   -0.99755910E+00    0.25793903E-03   -0.17479442E-02    0.00000000E+00    0.50769205E+03    0.14685827E+03    0.12012204E+01   -0.63770527E-03   -0.10895060E-02
  0.4600   -0.66264062E+03   -0.29472316E+04   -0.12696136E+03   -0.28622841E+01   -0.11205600E-02   -0.72997100E-03   -0.37627706E+02   -0.17147627E+04   -0.41352282E+03   -0.38363683E+01   -0.53876380E-03    0.73341439E-03    0.00000000E+00    0.25053604E+04    0.61371747E+03   -0.95689638E+00    0.24597529E-03   -0.16420898E-02    0.00000000E+00    0.46680489E+03    0.12885729E+03    0.11290216E+01   -0.61124201E-03   -0.10076637E-02
  0.4700   -0.64113737E+03   -0.28396318E+04   -0.10336639E+03   -0.27794426E+01   -0.10608561E-02   -0.74285556E-03   -0.36844771E+02   -0.16199179E+04   -0.37449206E+03   -0.36820095E+01   -0.48913746E-03    0.66296492E-03    0.00000000E+00    0.24188779E+04    0.57715889E+03   -0.91910032E+00    0.23315870E-03   -0.15424361E-02    0.00000000E+00    0.42790379E+03    0.11541066E+03    0.10626695E+01   -0.58304770E-03   -0.93810170E-03
  0.4800   -0.62066810E+03   -0.27370350E+04   -0.80737895E+02   -0.26998419E+01   -0.10035225E-02   -0.75513721E-03   -0.36343093E+02   -0.15290957E+04   -0.33956887E+03   -0.35361707E+01   -0.44473356E-03    0.59992972E-03    0.00000000E+00    0.23361369E+04    0.54200249E+03   -0.88395833E+00    0.21929095E-03   -0.14481473E-02    0.00000000E+00    0.39302074E+03    0.10658709E+03    0.10017292E+01   -0.55272991E-03   -0.88063870E-03
  0.4900   -0.60132421E+03   -0.26384154E+04   -0.59607772E+02   -0.26234535E+01   -0.94922716E-03   -0.76584742E-03   -0.35932071E+02   -0.14431553E+04   -0.31018950E+03   -0.33986243E+01   -0.40738114E-03    0.54689830E-03    0.00000000E+00    0.22562643E+04    0.50867718E+03   -0.85112405E+00    0.20528779E-03   -0.13596271E-02    0.00000000E+00    0.36359579E+03    0.10055912E+03    0.94549865E+00   -0.52212420E-03   -0.83148831E-03
  0.5000   -0.58302314E+03   -0.25434795E+04   -0.40850021E+02   -0.25503206E+01   -0.89909855E-03   -0.77342591E-03   -0.35385595E+02   -0.13636435E+04   -0.28619327E+03   -0.32688926E+01   -0.37687572E-03    0.50358075E-03    0.00000000E+00    0.21790136E+04    0.47795167E+03   -0.82020143E+00    0.19254950E-03   -0.12778402E-02    0.00000000E+00    0.33947298E+03    0.94684079E+02    0.89317647E+00   -0.49403512E-03   -0.78532502E-03
  0.5500   -0.50063384E+03   -0.21368803E+04    0.19719825E+02   -0.22290994E+01   -0.70642609E-03   -0.76709295E-03   -0.30803047E+02   -0.10556259E+04   -0.18714633E+03   -0.27127893E+01   -0.25089507E-03    0.32484940E-03    0.00000000E+00    0.18450990E+04    0.36170952E+03   -0.68784623E+00    0.15271918E-03   -0.96005849E-03    0.00000000E+00    0.23877167E+03    0.52590071E+02    0.67704435E+00   -0.40124147E-03   -0.56303167E-03
  0.6000   -0.43373385E+03   -0.18137814E+04    0.59755307E+02   -0.19657278E+01   -0.56039622E-03   -0.74422985E-03   -0.27725847E+02   -0.82307035E+03   -0.12751378E+03   -0.22821498E+01   -0.17493593E-03    0.21735257E-03    0.00000000E+00    0.15765093E+04    0.27472303E+03   -0.58678598E+00    0.11716696E-03   -0.72800201E-03    0.00000000E+00    0.17615227E+03    0.37971457E+02    0.52433674E+00   -0.31717493E-03   -0.43399184E-03
  0.6500   -0.37739280E+03   -0.15593797E+04    0.80969756E+02   -0.17489068E+01   -0.45492290E-03   -0.70402150E-03   -0.24554618E+02   -0.65486541E+03   -0.79668572E+02   -0.19416759E+01   -0.11384261E-03    0.13125298E-03    0.00000000E+00    0.13630074E+04    0.21371430E+03   -0.50575454E+00    0.94127246E-04   -0.56335200E-03    0.00000000E+00    0.12445208E+03    0.24721552E+02    0.41156995E+00   -0.25863282E-03   -0.33468720E-03
  0.7000   -0.33128842E+03   -0.13496002E+04    0.90082937E+02   -0.15686124E+01   -0.37797599E-03   -0.65511075E-03   -0.21106401E+02   -0.53192210E+03   -0.55913498E+02   -0.16719917E+01   -0.83305927E-04    0.88708602E-04    0.00000000E+00    0.11853341E+04    0.17062854E+03   -0.43905632E+00    0.79797304E-04   -0.44513117E-03    0.00000000E+00    0.96335427E+02    0.11919569E+02    0.32653676E+00   -0.21825787E-03   -0.25492771E-03
  0.7500   -0.29248408E+03   -0.11785928E+04    0.97184162E+02   -0.14161298E+01   -0.31367797E-03   -0.61265923E-03   -0.18873644E+02   -0.43074112E+03   -0.38125338E+02   -0.14541518E+01   -0.60272096E-04    0.57018224E-04    0.00000000E+00    0.10397354E+04    0.13523238E+03   -0.38404547E+00    0.64294134E-04   -0.35174018E-03    0.00000000E+00    0.73985647E+02    0.11699632E+02    0.26327068E+00   -0.17645942E-03   -0.21245264E-03
  0.8000   -0.25920387E+03   -0.10387234E+04    0.96858768E+02   -0.12871739E+01   -0.26742690E-03   -0.56540710E-03   -0.16209667E+02   -0.35804795E+03   -0.22454581E+02   -0.12760211E+01   -0.39861673E-04    0.29218502E-04    0.00000000E+00    0.91998537E+03    0.11122648E+03   -0.33674716E+00    0.56767426E-04   -0.28541418E-03    0.00000000E+00    0.53780012E+02    0.49921353E+01    0.21328739E+00   -0.15164874E-03   -0.16700675E-03
  0.8500   -0.23163533E+03   -0.91872313E+03    0.94976591E+02   -0.11764487E+01   -0.22988942E-03   -0.52207922E-03   -0.13890976E+02   -0.29985533E+03   -0.18427612E+02   -0.11307270E+01   -0.34225692E-04    0.22465754E-04    0.00000000E+00    0.81676636E+03    0.92304457E+02   -0.29634194E+00    0.50231569E-04   -0.23373757E-03    0.00000000E+00    0.45400720E+02    0.16570226E+01    0.17454713E+00   -0.12991023E-03   -0.13500796E-03
  0.9000   -0.20758406E+03   -0.81960631E+03    0.93673589E+02   -0.10803015E+01   -0.19705240E-03   -0.48523359E-03   -0.12293658E+02   -0.25012265E+03   -0.11274237E+02   -0.10091042E+01   -0.24573862E-04    0.10110653E-04    0.00000000E+00    0.73131256E+03    0.75998375E+02   -0.26179220E+00    0.42741144E-04   -0.19106331E-03    0.00000000E+00    0.34196013E+02    0.35073008E+01    0.14469665E+00   -0.10736316E-03   -0.11815316E-03
  0.9500   -0.18688095E+03   -0.73509607E+03    0.88515493E+02   -0.99699494E+00   -0.17393154E-03   -0.44624415E-03   -0.10268067E+02   -0.21546021E+03   -0.68446149E+01   -0.90728511E+00   -0.18370883E-04    0.26861647E-05    0.00000000E+00    0.65816270E+03    0.65619420E+02   -0.23127626E+00    0.40467498E-04   -0.16140672E-03    0.00000000E+00    0.26077315E+02   -0.11630336E+01    0.11992378E+00   -0.96324418E-04   -0.92746415E-04
  1.0000   -0.16941045E+03   -0.66097316E+03    0.85131198E+02   -0.92340659E+00   -0.15224194E-03   -0.41414297E-03   -0.88702227E+01   -0.18381860E+03   -0.75474854E+01   -0.82185444E+00   -0.18696637E-04    0.45227498E-05    0.00000000E+00    0.59386337E+03    0.55649657E+02   -0.20512597E+00    0.36033699E-04   -0.13516914E-03    0.00000000E+00    0.23483054E+02   -0.34972288E+00    0.10081760E+00   -0.81986339E-04   -0.80910437E-04
  1.1000   -0.14029015E+03   -0.54415323E+03    0.76274067E+02   -0.80061792E+00   -0.12080772E-03   -0.35546032E-03   -0.63076970E+01   -0.13961706E+03   -0.35632919E+01   -0.68515848E+00   -0.12502691E-04   -0.15404372E-05    0.00000000E+00    0.49218457E+03    0.42393382E+02   -0.16222120E+00    0.31305744E-04   -0.99114958E-04    0.00000000E+00    0.14098909E+02   -0.25423272E+01    0.72281299E-01   -0.64350674E-04   -0.56529357E-04
  1.2000   -0.11796312E+03   -0.45480051E+03    0.69347428E+02   -0.70189022E+00   -0.96142140E-04   -0.30948535E-03   -0.46671269E+01   -0.10667397E+03   -0.17182219E+01   -0.58247869E+00   -0.91007085E-05   -0.38147017E-05    0.00000000E+00    0.41408522E+03    0.32077720E+02   -0.13005309E+00    0.25782527E-04   -0.72902657E-04    0.00000000E+00    0.83035467E+01   -0.78632503E+00    0.53742692E-01   -0.48214902E-04   -0.45795820E-04
  1.3000   -0.10073852E+03   -0.38410770E+03    0.62789925E+02   -0.62116009E+00   -0.77888558E-04   -0.27105800E-03   -0.34001454E+01   -0.83559203E+02   -0.30643277E+01   -0.50335927E+00   -0.98606152E-05   -0.43339442E-06    0.00000000E+00    0.35198284E+03    0.24735644E+02   -0.10588225E+00    0.21477944E-04   -0.54619782E-04    0.00000000E+00    0.68899650E+01    0.24751609E+00    0.41017705E-01   -0.36881026E-04   -0.37642494E-04
  1.4000   -0.86970362E+02   -0.32828644E+03    0.55998319E+02   -0.55422085E+00   -0.65147931E-04   -0.23742341E-03   -0.22805537E+01   -0.68479717E+02   -0.35803970E+01   -0.44023837E+00   -0.96735752E-05    0.13413016E-05    0.00000000E+00    0.30266023E+03    0.20050295E+02   -0.87738087E-01    0.19085063E-04   -0.42598467E-04    0.00000000E+00    0.55610431E+01   -0.11856227E+01    0.31718876E-01   -0.31074453E-04   -0.27426956E-04
  1.5000   -0.75692115E+02   -0.28406450E+03    0.50491977E+02   -0.49775775E+00   -0.54665054E-04   -0.21000060E-03   -0.15520087E+01   -0.56528953E+02   -0.21184659E+01   -0.38843092E+00   -0.70776824E-05   -0.56034900E-06    0.00000000E+00    0.26334811E+03    0.16070197E+02   -0.74470008E-01    0.16392372E-04   -0.33046626E-04    0.00000000E+00    0.29212058E+01   -0.14999616E+01    0.25130204E-01   -0.25822085E-04   -0.21207543E-04
  1.6000   -0.66568498E+02   -0.24756966E+03    0.46457626E+02   -0.44955797E+00   -0.45301302E-04   -0.18822541E-03   -0.11831430E+01   -0.45918262E+02   -0.16857526E+01   -0.34549613E+00   -0.58953721E-05   -0.70925522E-06    0.00000000E+00    0.23069909E+03    0.12193184E+02   -0.64984789E-01    0.12939509E-04   -0.24572090E-04    0.00000000E+00    0.17753900E+01    0.86971254E-02    0.20543377E-01   -0.19774335E-04   -0.19801091E-04
  2.0000   -0.42830656E+02   -0.15257809E+03    0.32889301E+02   -0.31478646E+00   -0.24360310E-04   -0.12554227E-03   -0.29584186E+00   -0.23756691E+02   -0.10813490E+01   -0.22800083E+00   -0.34153968E-05   -0.88691393E-07    0.00000000E+00    0.14427403E+03    0.37901190E+01   -0.47261052E-01    0.50662400E-05   -0.65938342E-05    0.00000000E+00    0.52071121E+00    0.27163808E+00    0.99731159E-02   -0.96503367E-05   -0.10486015E-04
  2.5000   -0.27528329E+02   -0.93103594E+02    0.22350689E+02   -0.22209230E+00   -0.13241363E-04   -0.82001919E-04   -0.30914398E-01   -0.12195623E+02   -0.88471038E+00   -0.14604801E+00   -0.21410267E-05    0.58073177E-06    0.00000000E+00    0.88502878E+02   -0.61291049E+00   -0.40698974E-01    0.30350786E-06    0.21890903E-05    0.00000000E+00    0.69042307E+00   -0.16285105E+00    0.44378632E-02   -0.51298741E-05   -0.46288726E-05
  3.0000   -0.18899527E+02   -0.62403178E+02    0.15663480E+02   -0.17191337E+00   -0.85593600E-05   -0.56747119E-04    0.40576644E-01   -0.70829302E+01    0.92748823E-01   -0.98597012E-01   -0.43124492E-06   -0.71658112E-06    0.00000000E+00    0.58951620E+02   -0.21081888E+01   -0.33507638E-01   -0.13931871E-05    0.50925294E-05    0.00000000E+00   -0.15540533E-01   -0.61120775E+00    0.18180000E-02   -0.34244889E-05   -0.15441448E-05
  4.0000   -0.10089073E+02   -0.33157844E+02    0.84947360E+01   -0.12708426E+00   -0.47838893E-05   -0.30917436E-04    0.42005137E-01   -0.24175321E+01    0.62344552E-01   -0.50708641E-01   -0.12715185E-06   -0.31895113E-06    0.00000000E+00    0.30414168E+02   -0.25383950E+01   -0.80108220E-02   -0.19206324E-05    0.58885879E-05    0.00000000E+00    0.16498248E+00   -0.21123095E+00   -0.24119404E-03   -0.11884087E-05   -0.53856936E-06
  5.0000   -0.58744640E+01   -0.20658254E+02    0.47969865E+01   -0.11056594E+00   -0.36594991E-05   -0.18417141E-04    0.91440898E-01   -0.96485303E+00    0.36667364E+00   -0.29542029E-01    0.36167104E-06   -0.76637845E-06    0.00000000E+00    0.18291335E+02   -0.17844051E+01    0.24254619E-01   -0.96811648E-06    0.45214989E-05    0.00000000E+00   -0.16994417E+00   -0.23167216E+00   -0.10241068E-02   -0.57751274E-06    0.13521279E-06
  6.0000   -0.36635402E+01   -0.14021672E+02    0.27177062E+01   -0.10239887E+00   -0.31890080E-05   -0.11549868E-04    0.15305818E+00   -0.53474747E+00    0.15005614E+00   -0.19259058E-01    0.12335751E-06   -0.33828123E-06    0.00000000E+00    0.12059841E+02   -0.96299934E+00    0.54708671E-01    0.53224674E-07    0.30158345E-05    0.00000000E+00   -0.14679576E-01   -0.43934339E+00   -0.13915087E-02   -0.53662812E-06    0.81498552E-06
  7.0000   -0.23978521E+01   -0.10141639E+02    0.16887964E+01   -0.96243370E-01   -0.26253897E-05   -0.78208708E-05    0.16660076E+00   -0.95369449E-01    0.51491260E-01   -0.13810749E-01    0.15364723E-07   -0.14304505E-06    0.00000000E+00    0.85598984E+01   -0.49715489E+00    0.79665737E-01    0.56475555E-06    0.20942228E-05    0.00000000E+00    0.30983985E-01   -0.24273657E+00   -0.15055729E-02   -0.16553086E-06    0.58123366E-06
  8.0000   -0.16236662E+01   -0.77226999E+01    0.10196838E+01   -0.90280132E-01   -0.22740052E-05   -0.54110014E-05    0.19459631E+00   -0.12248041E-01    0.14258314E+00   -0.10669094E-01    0.14155622E-06   -0.29709226E-06    0.00000000E+00    0.64618086E+01   -0.11851248E+00    0.98467275E-01    0.97781150E-06    0.13424080E-05    0.00000000E+00   -0.97576271E-01   -0.31522399E+00   -0.15741678E-02   -0.16887262E-06    0.80089510E-06
  9.0000   -0.11614725E+01   -0.59849642E+01    0.62323089E+00   -0.84106892E-01   -0.19586968E-05   -0.38760293E-05    0.21445267E+00    0.18945407E-01    0.28228383E-02   -0.87587503E-02   -0.29400930E-07   -0.38085223E-07    0.00000000E+00    0.49977908E+01    0.11236579E+00    0.11165543E+00    0.11989877E-05    0.85330109E-06    0.00000000E+00    0.17767347E-01   -0.37307975E+00   -0.15929665E-02   -0.18730434E-06    0.96045317E-06
 10.0000   -0.85517362E+00   -0.47858453E+01    0.45280311E+00   -0.77799796E-01   -0.15887655E-05   -0.29817872E-05    0.21374461E+00    0.15754574E+00    0.85833857E-02   -0.74570312E-02   -0.16744035E-07   -0.43150307E-07    0.00000000E+00    0.40095253E+01    0.18187147E+00    0.12019477E+00    0.12026018E-05    0.64308512E-06    0.00000000E+00   -0.28382025E-02   -0.26104692E+00   -0.15575822E-02   -0.26679610E-07    0.77641560E-06
 12.0000   -0.51953406E+00   -0.32001725E+01    0.21043655E+00   -0.65587312E-01   -0.11498648E-05   -0.17972603E-05    0.23068302E+00    0.14592035E+00   -0.32300068E-01   -0.57937910E-02   -0.61090402E-07    0.38278823E-07    0.00000000E+00    0.27133738E+01    0.27767299E+00    0.12725932E+00    0.11973094E-05    0.34306513E-06    0.00000000E+00    0.24868798E-01   -0.33579984E+00   -0.14985180E-02   -0.78886717E-07    0.95418139E-06
 16.0000   -0.26116478E+00   -0.16760977E+01    0.11425807E+00   -0.45654266E-01   -0.55606454E-06   -0.90757267E-06    0.23153266E+00    0.22059190E+00    0.13382858E-01   -0.39049627E-02    0.59801079E-08   -0.35191454E-07    0.00000000E+00    0.14421318E+01    0.18478451E+00    0.12011957E+00    0.87947870E-06    0.31100022E-06    0.00000000E+00   -0.22962191E-01   -0.28884044E+00   -0.13068761E-02    0.80334040E-10    0.88868064E-06
 20.0000   -0.17373469E+00   -0.99180868E+00    0.63723742E-01   -0.32424249E-01   -0.31728247E-06   -0.51332474E-06    0.23408925E+00    0.19970826E+00   -0.78891564E-02   -0.28109820E-02   -0.16704602E-07    0.75659155E-08    0.00000000E+00    0.83466248E+00    0.10262274E+00    0.10295949E+00    0.65138884E-06    0.33567613E-06    0.00000000E+00    0.12644971E-02   -0.32582576E+00   -0.11370334E-02   -0.37979499E-07    0.96440394E-06
 25.0000   -0.11755116E+00   -0.60778177E+00    0.46344630E-01   -0.22520475E-01   -0.16424293E-06   -0.30681941E-06    0.22912867E+00    0.21486794E+00    0.99628123E-02   -0.19663582E-02    0.87163149E-08   -0.21933681E-07    0.00000000E+00    0.47050340E+00    0.75253279E-02    0.79053824E-01    0.42134937E-06    0.39819815E-06    0.00000000E+00   -0.14074816E-01   -0.30486162E+00   -0.94201547E-03   -0.17204810E-07    0.92068371E-06
 30.0000   -0.85222755E-01   -0.41626460E+00    0.37480120E-01   -0.16976419E-01   -0.91468939E-07   -0.20677428E-06    0.22283641E+00    0.22664359E+00    0.61718479E-02   -0.14360675E-02    0.52375083E-08   -0.13749812E-07    0.00000000E+00    0.27751461E+00   -0.62859426E-01    0.56070783E-01    0.25063743E-06    0.44402069E-06    0.00000000E+00   -0.89313629E-02   -0.27914582E+00   -0.77354797E-03    0.41358699E-08    0.86291128E-06
 40.0000   -0.46411330E-01   -0.24070665E+00    0.12371576E-01   -0.12374751E-01   -0.54210091E-07   -0.92270503E-07    0.21170967E+00    0.20887634E+00   -0.73787966E-02   -0.78937426E-03   -0.10672461E-07    0.12027965E-07    0.00000000E+00    0.87220277E-01   -0.14046824E+00    0.16861323E-01    0.33297764E-07    0.46543990E-06    0.00000000E+00    0.60750898E-02   -0.26497062E+00   -0.50643897E-03   -0.46752573E-08    0.81049098E-06
 50.0000   -0.20510085E-01   -0.17187943E+00   -0.20096723E-02   -0.11778556E-01   -0.49144481E-07   -0.42961845E-07    0.19686981E+00    0.19530031E+00    0.49904070E-02   -0.38050242E-03    0.58468960E-08   -0.95057923E-08    0.00000000E+00    0.51435730E-02   -0.17643517E+00   -0.11262036E-01   -0.98444015E-07    0.44434823E-06    0.00000000E+00   -0.54500107E-02   -0.23477086E+00   -0.30653789E-03   -0.27332199E-08    0.71952526E-06
 60.0000   -0.45919072E-02   -0.12798738E+00   -0.11023041E-01   -0.12672518E-01   -0.52688247E-07   -0.18776522E-07    0.17934227E+00    0.18241304E+00   -0.26463225E-02   -0.10246696E-03   -0.33563021E-08    0.47849507E-08    0.00000000E+00   -0.42363803E-01   -0.18061853E+00   -0.28167882E-01   -0.16383081E-06    0.39183128E-06    0.00000000E+00    0.26566960E-02   -0.19579447E+00   -0.16358229E-03    0.34583798E-08    0.60580835E-06
 70.0000    0.73453353E-02   -0.10386676E+00   -0.21494647E-01   -0.13764232E-01   -0.63808883E-07    0.23181114E-08    0.16106541E+00    0.15798738E+00    0.13513814E-02    0.88201827E-04    0.20779123E-08   -0.20795318E-08    0.00000000E+00   -0.61853122E-01   -0.15803132E+00   -0.35324794E-01   -0.17328110E-06    0.31289278E-06    0.00000000E+00   -0.11125304E-02   -0.16492395E+00   -0.69144624E-04   -0.41930797E-08    0.50318556E-06
 80.0000    0.15148347E-01   -0.85368250E-01   -0.22431697E-01   -0.14358206E-01   -0.63509471E-07    0.55003020E-08    0.14029221E+00    0.14352258E+00    0.13077423E-02    0.20999556E-03    0.22281769E-08   -0.17950139E-08    0.00000000E+00   -0.68771298E-01   -0.12759716E+00   -0.34879286E-01   -0.15862866E-06    0.23391636E-06    0.00000000E+00   -0.99900994E-03   -0.11779405E+00   -0.79479267E-05    0.39636746E-08    0.36635002E-06
 90.0000    0.19831333E-01   -0.69657270E-01   -0.25578352E-01   -0.14166472E-01   -0.65719316E-07    0.12970951E-07    0.11999623E+00    0.11834711E+00   -0.14134961E-02    0.27952594E-03   -0.11338864E-08    0.32146497E-08    0.00000000E+00   -0.68586201E-01   -0.85813219E-01   -0.29033783E-01   -0.11804099E-06    0.14595824E-06    0.00000000E+00    0.17047861E-02   -0.81667038E-01    0.25614384E-04   -0.21662058E-08    0.24907755E-06
100.0000    0.22960339E-01   -0.59286596E-01   -0.22848108E-01   -0.13166449E-01   -0.59014308E-07    0.11276528E-07    0.98950822E-01    0.99830453E-01    0.29353893E-02    0.31168209E-03    0.44335804E-08   -0.45969690E-08    0.00000000E+00   -0.61416811E-01   -0.45085751E-01   -0.19757806E-01   -0.72905855E-07    0.65797759E-07    0.00000000E+00   -0.26958455E-02   -0.37372003E-01    0.43068505E-04    0.11118539E-08    0.11608458E-06
110.0000    0.23336904E-01   -0.46611828E-01   -0.19800345E-01   -0.11500138E-01   -0.50881494E-07    0.10033080E-07    0.78794256E-01    0.79584248E-01   -0.19227060E-02    0.31377406E-03   -0.17739498E-08    0.41411400E-08    0.00000000E+00   -0.55654704E-01   -0.41722773E-02   -0.86807408E-02   -0.23431869E-07   -0.10596108E-07    0.00000000E+00    0.20936313E-02    0.27931892E-02    0.48874694E-04    0.10390254E-08   -0.75540540E-08
120.0000    0.23082946E-01   -0.38972435E-01   -0.17002661E-01   -0.93909407E-02   -0.42413723E-07    0.98939465E-08    0.60106017E-01    0.58509694E-01    0.20561687E-02    0.29691091E-03    0.32366995E-08   -0.30889805E-08    0.00000000E+00   -0.45833716E-01    0.34775934E-01    0.29083122E-02    0.25777607E-07   -0.81208472E-07    0.00000000E+00   -0.19432958E-02    0.37949092E-01    0.47698111E-04   -0.19734293E-08   -0.11872154E-06
130.0000    0.20933889E-01   -0.29730396E-01   -0.10924406E-01   -0.70891549E-02   -0.29321184E-07    0.42870967E-08    0.42599109E-01    0.44994092E-01   -0.33014291E-03    0.26417197E-03    0.11889044E-09    0.11345553E-08    0.00000000E+00   -0.38332616E-01    0.66722411E-01    0.14023230E-01    0.66350945E-07   -0.13891656E-06    0.00000000E+00    0.39289144E-03    0.76488174E-01    0.44342882E-04    0.31293704E-08   -0.23218192E-06
140.0000    0.17979285E-01   -0.22429565E-01   -0.92777311E-02   -0.48396948E-02   -0.22387014E-07    0.61553699E-08    0.28315437E-01    0.25841315E-01   -0.42891305E-03    0.22144441E-03   -0.10127028E-09    0.12182550E-08    0.00000000E+00   -0.30203793E-01    0.97244553E-01    0.23933375E-01    0.10621105E-06   -0.19295600E-06    0.00000000E+00    0.45745694E-03    0.10060997E+00    0.38192439E-04   -0.30594186E-08   -0.31257996E-06
150.0000    0.14463804E-01   -0.17105465E-01   -0.37724288E-02   -0.28555375E-02   -0.10900055E-07    0.70559605E-09    0.15889098E-01    0.17854749E-01    0.21741863E-02    0.17198892E-03    0.31091625E-08   -0.35795915E-08    0.00000000E+00   -0.21374918E-01    0.11800448E+00    0.32108743E-01    0.13271113E-06   -0.23032259E-06    0.00000000E+00   -0.21644090E-02    0.12940334E+00    0.33923761E-04    0.26037448E-08   -0.39549787E-06
160.0000    0.95362401E-02   -0.90765131E-02   -0.25592036E-02   -0.13119002E-02   -0.61053387E-08    0.17678981E-08    0.73511361E-02    0.64284285E-02   -0.31237773E-02    0.11626930E-03   -0.37477056E-08    0.58624083E-08    0.00000000E+00   -0.15794081E-01    0.13566878E+00    0.38183593E-01    0.15582139E-06   -0.26155550E-06    0.00000000E+00    0.31207589E-02    0.14384359E+00    0.29335547E-04   -0.10692230E-08   -0.44359541E-06
170.0000    0.54848831E-02   -0.70186926E-02   -0.11218782E-02   -0.33447522E-03   -0.21841011E-08    0.12672900E-08    0.19726841E-02    0.70076524E-03    0.45494951E-02    0.59949463E-04    0.59091313E-08   -0.80871181E-08    0.00000000E+00   -0.55522718E-02    0.14577756E+00    0.41917747E-01    0.16891660E-06   -0.27955935E-06    0.00000000E+00   -0.45489662E-02    0.15424793E+00    0.26684573E-04   -0.15112073E-08   -0.47604573E-06
179.9000    0.20295174E-02   -0.17455686E-01    0.99203928E-02    0.18652237E-05    0.13294409E-07   -0.17225085E-07   -0.66941229E-02    0.23391571E-01    0.36917895E-01    0.73081634E-05    0.47011734E-07   -0.66563960E-07    0.00000000E+00    0.13775083E-01    0.13577634E+00    0.43173924E-01    0.15325456E-06   -0.26445322E-06    0.00000000E+00   -0.36893596E-01    0.19237107E+00    0.31504304E-04    0.38428831E-07   -0.55338926E-06
180.0000    0.00000000E+00    0.00000000E+00    0.00000000E+00    0.00000000E+00    0.00000000E+00    0.00000000E+00    0.00000000E+00    0.00000000E+00    0.00000000E+00    0.00000000E+00    0.00000000E+00    0.00000000E+00    0.00000000E+00    0.00000000E+00    0.79188423E-01    0.80804513E+01    0.68526979E-07   -0.17509146E-06    0.00000000E+00    0.00000000E+00    0.33871358E+00    0.34562610E+02    0.20788920E-06   -0.83414285E-06
