  0.0000    0.00000000E+00    0.00000000E+00    0.00000000E+00    0.00000000E+00    0.00000000E+00    0.00000000E+00    0.00000000E+00    0.00000000E+00    0.00000000E+00    0.00000000E+00    0.00000000E+00    0.00000000E+00    0.00000000E+00    0.00000000E+00   -0.39984651E+08   -0.20967728E+04   -0.20508231E+03   -0.82071931E+02    0.00000000E+00    0.00000000E+00    0.48353065E+09    0.41949615E+04    0.41017270E+03   -0.10773804E+04
  0.0003   -0.33892433E+07   -0.42984034E+07   -0.53511126E+07   -0.41495685E+02   -0.78305294E+01    0.86318480E+01   -0.25553180E+06   -0.12553968E+08   -0.74940766E+08   -0.67060384E+03   -0.95428243E+02    0.13512253E+03    0.00000000E+00   -0.52139028E+07   -0.32334702E+08   -0.20128748E+04   -0.18917456E+03   -0.89698787E+02    0.00000000E+00    0.74938345E+08    0.45208892E+09    0.40271643E+04    0.37835708E+03   -0.10124674E+04
  0.0004   -0.44018587E+07   -0.64603913E+07   -0.90509875E+07   -0.71362735E+02   -0.13273535E+02    0.14571286E+02   -0.18456186E+06   -0.21031653E+08   -0.95061675E+08   -0.86714629E+03   -0.12104985E+03    0.17140170E+03    0.00000000E+00   -0.58205278E+07   -0.26945936E+08   -0.19512664E+04   -0.17778443E+03   -0.94886868E+02    0.00000000E+00    0.95058530E+08    0.42945804E+09    0.39039467E+04    0.35557673E+03   -0.96562523E+03
  0.0005   -0.53267395E+07   -0.91192711E+07   -0.13274058E+08   -0.10691906E+03   -0.19522138E+02    0.21314707E+02   -0.11219502E+06   -0.30773176E+08   -0.11155562E+09   -0.10428343E+04   -0.14205295E+03    0.20114124E+03    0.00000000E+00   -0.56167860E+07   -0.20670934E+08   -0.18764047E+04   -0.16429166E+03   -0.10069877E+03    0.00000000E+00    0.11155184E+09    0.40250476E+09    0.37542222E+04    0.32859110E+03   -0.90969071E+03
  0.0006   -0.61554309E+07   -0.12262517E+08   -0.17709198E+08   -0.14640893E+03   -0.26137144E+02    0.28344142E+02   -0.47586223E+05   -0.41097894E+08   -0.12410655E+09   -0.11950094E+04   -0.15803508E+03    0.22377129E+03    0.00000000E+00   -0.45725169E+07   -0.13898418E+08   -0.17910419E+04   -0.14939354E+03   -0.10663589E+03    0.00000000E+00    0.12410222E+09    0.37253605E+09    0.35834953E+04    0.29879474E+03   -0.84729012E+03
  0.0007   -0.68853509E+07   -0.15818096E+08   -0.22057915E+08   -0.18804126E+03   -0.32694583E+02    0.35165272E+02    0.22379633E+04   -0.51346965E+08   -0.13267941E+09   -0.13223033E+04   -0.16895160E+03    0.23922864E+03    0.00000000E+00   -0.27360081E+07   -0.70096277E+07   -0.16980549E+04   -0.13378698E+03   -0.11222228E+03    0.00000000E+00    0.13267461E+09    0.34086788E+09    0.33975197E+04    0.26758148E+03   -0.78107814E+03
  0.0008   -0.75186555E+07   -0.19666693E+08   -0.26062839E+08   -0.23012546E+03   -0.38825308E+02    0.41355455E+02    0.33493960E+05   -0.60944393E+08   -0.13748814E+09   -0.14245647E+04   -0.17507496E+03    0.24789906E+03    0.00000000E+00   -0.22150955E+06   -0.34476512E+06   -0.16002542E+04   -0.11811175E+03   -0.11705110E+03    0.00000000E+00    0.13748297E+09    0.30872139E+09    0.32019166E+04    0.23623087E+03   -0.71353200E+03
  0.0009   -0.80607046E+07   -0.23659394E+08   -0.29527856E+08   -0.27117950E+03   -0.44243288E+02    0.46597393E+02    0.45909338E+05   -0.69441213E+08   -0.13894019E+09   -0.15026873E+04   -0.17692398E+03    0.25051720E+03    0.00000000E+00    0.28102348E+07    0.58221716E+07   -0.15002211E+04   -0.10290648E+03   -0.12081804E+03    0.00000000E+00    0.13893474E+09    0.27714121E+09    0.30018485E+04    0.20582017E+03   -0.64678818E+03
  0.0010   -0.85184080E+07   -0.27637602E+08   -0.32328141E+08   -0.31000191E+03   -0.48760138E+02    0.50695451E+02    0.42443698E+05   -0.76538597E+08   -0.13756856E+09   -0.15583759E+04   -0.17517736E+03    0.24804406E+03    0.00000000E+00    0.61747368E+07    0.11297210E+08   -0.14001937E+04   -0.88582671E+02   -0.12333786E+03    0.00000000E+00    0.13756291E+09    0.24694591E+09    0.28017918E+04    0.17717239E+03   -0.58254192E+03
  0.0012   -0.92082289E+07   -0.34977030E+08   -0.35780890E+08   -0.37770323E+03   -0.54815248E+02    0.55262517E+02    0.94872022E+04   -0.86081230E+08   -0.12869876E+09   -0.16117506E+04   -0.16388273E+03    0.23205132E+03    0.00000000E+00    0.13177053E+08    0.19801345E+08   -0.12070452E+04   -0.63557239E+02   -0.12447489E+03    0.00000000E+00    0.12869292E+09    0.19277583E+09    0.24154903E+04    0.12712119E+03   -0.46594211E+03
  0.0014   -0.96331623E+07   -0.40830163E+08   -0.36641043E+08   -0.42959580E+03   -0.57181718E+02    0.55542258E+02   -0.20437623E+05   -0.89827499E+08   -0.11522531E+09   -0.16049374E+04   -0.14672587E+03    0.20775791E+03    0.00000000E+00    0.19586121E+08    0.25086245E+08   -0.10305030E+04   -0.43851635E+02   -0.12102797E+03    0.00000000E+00    0.11521950E+09    0.14823913E+09    0.20624011E+04    0.87709636E+02   -0.36833917E+03
  0.0015   -0.97561748E+07   -0.43082881E+08   -0.36311797E+08   -0.44948933E+03   -0.57249767E+02    0.54461301E+02   -0.25261362E+05   -0.89939008E+08   -0.10780054E+09   -0.15850868E+04   -0.13727129E+03    0.19437061E+03    0.00000000E+00    0.22343714E+08    0.26694600E+08   -0.94993469E+03   -0.35881768E+02   -0.11800611E+03    0.00000000E+00    0.10779479E+09    0.12952094E+09    0.19012620E+04    0.71769733E+02   -0.32669368E+03
  0.0016   -0.98242915E+07   -0.44886961E+08   -0.35604831E+08   -0.46556902E+03   -0.56743406E+02    0.52792724E+02   -0.22745922E+05   -0.89141030E+08   -0.10028662E+09   -0.15570969E+04   -0.12770321E+03    0.18082258E+03    0.00000000E+00    0.24754365E+08    0.27740465E+08   -0.87477531E+03   -0.29025709E+02   -0.11436759E+03    0.00000000E+00    0.10028098E+09    0.11296837E+09    0.17509407E+04    0.58057445E+02   -0.28948297E+03
  0.0017   -0.98418135E+07   -0.46269001E+08   -0.34606117E+08   -0.47809299E+03   -0.55778434E+02    0.50685213E+02   -0.14833942E+05   -0.87617378E+08   -0.92861612E+08   -0.15227484E+04   -0.11824833E+03    0.16743486E+03    0.00000000E+00    0.26814714E+08    0.28316796E+08   -0.80502085E+03   -0.23164794E+02   -0.11027972E+03    0.00000000E+00    0.92856094E+08    0.98394733E+08    0.16114292E+04    0.46335451E+02   -0.25637005E+03
  0.0018   -0.98140975E+07   -0.47266001E+08   -0.33387291E+08   -0.48735080E+03   -0.54453162E+02    0.48260839E+02   -0.45324874E+04   -0.85525470E+08   -0.85646378E+08   -0.14835678E+04   -0.10906058E+03    0.15442537E+03    0.00000000E+00    0.28537748E+08    0.28505947E+08   -0.74056027E+03   -0.18185999E+02   -0.10588284E+03    0.00000000E+00    0.85641001E+08    0.85613980E+08    0.14825053E+04    0.36377700E+02   -0.22700858E+03
  0.0019   -0.97475176E+07   -0.47918132E+08   -0.32005680E+08   -0.49364374E+03   -0.52847972E+02    0.45615585E+02    0.50512112E+04   -0.82994660E+08   -0.78723464E+08   -0.14408593E+04   -0.10024506E+03    0.14194296E+03    0.00000000E+00    0.29944925E+08    0.28377659E+08   -0.68121079E+03   -0.13987080E+02   -0.10128925E+03    0.00000000E+00    0.78718242E+08    0.74451454E+08    0.13638037E+04    0.27979707E+02   -0.20106573E+03
  0.0020   -0.96491552E+07   -0.48263834E+08   -0.30506867E+08   -0.49727365E+03   -0.51028304E+02    0.42824245E+02    0.11424964E+05   -0.80130217E+08   -0.72151409E+08   -0.13957335E+04   -0.91876325E+02    0.13009316E+03    0.00000000E+00    0.31060396E+08    0.27990316E+08   -0.62673862E+03   -0.10476513E+02   -0.96587046E+02    0.00000000E+00    0.72146351E+08    0.64745413E+08    0.12548566E+04    0.20958422E+02   -0.17822696E+03
  0.0030   -0.79949101E+07   -0.41550124E+08   -0.15613919E+08   -0.44758829E+03   -0.30846487E+02    0.17188801E+02    0.89261345E+03   -0.48442935E+08   -0.29128425E+08   -0.95201418E+03   -0.37091620E+02    0.52520235E+02    0.00000000E+00    0.31228847E+08    0.18733220E+08   -0.28467733E+03    0.28783986E+01   -0.54753232E+02    0.00000000E+00    0.29124975E+08    0.17443566E+08    0.57070679E+03   -0.57526492E+01   -0.59416737E+02
  0.0040   -0.62343365E+07   -0.30860384E+08   -0.70368580E+07   -0.35584476E+03   -0.17676990E+02    0.39714822E+01   -0.33796469E+04   -0.27763552E+08   -0.12533873E+08   -0.64390804E+03   -0.15960412E+02    0.22599298E+02    0.00000000E+00    0.24706053E+08    0.11099679E+08   -0.14413161E+03    0.34893867E+01   -0.30658111E+02    0.00000000E+00    0.12531539E+08    0.56660857E+07    0.28958982E+03   -0.69754654E+01   -0.24406839E+02
  0.0050   -0.48608388E+07   -0.22619472E+08   -0.29562642E+07   -0.27788515E+03   -0.10570945E+02   -0.14761753E+01   -0.42185711E+04   -0.16604085E+08   -0.59867776E+07   -0.45252027E+03   -0.76234566E+01    0.10794506E+02    0.00000000E+00    0.18773711E+08    0.67391858E+07   -0.80779746E+02    0.25943395E+01   -0.18138362E+02    0.00000000E+00    0.59851377E+07    0.21949893E+07    0.16286308E+03   -0.51859490E+01   -0.11938702E+02
  0.0060   -0.38484775E+07   -0.16904057E+08   -0.10359731E+07   -0.21919272E+03   -0.66878213E+01   -0.35007122E+01   -0.31185989E+04   -0.10504550E+08   -0.31378344E+07   -0.33145910E+03   -0.39956627E+01    0.56576968E+01    0.00000000E+00    0.14375031E+08    0.42989762E+07   -0.49067525E+02    0.18188871E+01   -0.11406656E+02    0.00000000E+00    0.31366332E+07    0.97121033E+06    0.99417987E+02   -0.36354586E+01   -0.66233290E+01
  0.0070   -0.31035164E+07   -0.12959145E+08   -0.11870723E+06   -0.17583482E+03   -0.44576072E+01   -0.40924116E+01   -0.12851514E+04   -0.70002705E+07   -0.17773107E+07   -0.25171290E+03   -0.22631960E+01    0.32045940E+01    0.00000000E+00    0.11219414E+08    0.28798283E+07   -0.31712242E+02    0.12882739E+01   -0.75713454E+01    0.00000000E+00    0.17763986E+07    0.46794063E+06    0.64688830E+02   -0.25745411E+01   -0.40141324E+01
  0.0080   -0.25476546E+07   -0.10180183E+08    0.32145766E+06   -0.14352647E+03   -0.31056217E+01   -0.40945670E+01    0.34735339E+03   -0.48754749E+07   -0.10773189E+07   -0.19699386E+03   -0.13718389E+01    0.19424683E+01    0.00000000E+00    0.89373542E+07    0.20129693E+07   -0.21507346E+02    0.93527758E+00   -0.52575020E+01    0.00000000E+00    0.10766051E+07    0.23611795E+06    0.44262191E+02   -0.18687866E+01   -0.25951893E+01
  0.0090   -0.21252042E+07   -0.81719423E+07    0.52789193E+06   -0.11904864E+03   -0.22430986E+01   -0.38671265E+01    0.12329422E+04   -0.35201255E+07   -0.69463468E+06   -0.15805730E+03   -0.88453554E+00    0.12524665E+01    0.00000000E+00    0.72557903E+07    0.14571283E+07   -0.15153390E+02    0.69519678E+00   -0.37875711E+01    0.00000000E+00    0.69406192E+06    0.12341487E+06    0.31538907E+02   -0.13888136E+01   -0.17684921E+01
  0.0100   -0.17978867E+07   -0.66847990E+07    0.61693815E+06   -0.10016449E+03   -0.16670903E+01   -0.35650636E+01    0.12585417E+04   -0.26155970E+07   -0.47266444E+06   -0.12946508E+03   -0.60188255E+00    0.85224129E+00    0.00000000E+00    0.59914419E+07    0.10845999E+07   -0.11010295E+02    0.52597497E+00   -0.28107317E+01    0.00000000E+00    0.47219529E+06    0.69647571E+05    0.23238601E+02   -0.10505229E+01   -0.12647895E+01
  0.0120   -0.13319201E+07   -0.46914591E+07    0.64206454E+06   -0.73522062E+02   -0.98241984E+00   -0.29576930E+01   -0.13553177E+03   -0.15419144E+07   -0.24191313E+06   -0.91232272E+02   -0.30804792E+00    0.43618335E+00    0.00000000E+00    0.42677447E+07    0.64038936E+06   -0.62365402E+01    0.31229558E+00   -0.16578239E+01    0.00000000E+00    0.24158253E+06    0.36660718E+05    0.13665940E+02   -0.62339649E+00   -0.73618100E+00
  0.0140   -0.10231935E+07   -0.34662050E+07    0.58979717E+06   -0.56138760E+02   -0.62313054E+00   -0.24376062E+01   -0.92141565E+03   -0.97859109E+06   -0.12657026E+06   -0.67597303E+02   -0.16117235E+00    0.22821347E+00    0.00000000E+00    0.31885185E+07    0.40679549E+06   -0.37636579E+01    0.19753133E+00   -0.10539506E+01    0.00000000E+00    0.12632531E+06    0.25579868E+05    0.86982850E+01   -0.39403583E+00   -0.47273077E+00
  0.0160   -0.80955513E+06   -0.26609518E+07    0.51660370E+06   -0.44230915E+02   -0.42462463E+00   -0.20139250E+01   -0.20234986E+03   -0.66624027E+06   -0.68123919E+05   -0.52033708E+02   -0.86747818E-01    0.12283134E+00    0.00000000E+00    0.24690898E+07    0.27761395E+06   -0.23471245E+01    0.13795882E+00   -0.71610386E+00    0.00000000E+00    0.67935368E+05    0.92493982E+04    0.58458571E+01   -0.27501764E+00   -0.30347286E+00
  0.0180   -0.65694665E+06   -0.21009455E+07    0.44755086E+06   -0.35728371E+02   -0.30426799E+00   -0.16811314E+01    0.50663609E+03   -0.47660785E+06   -0.45712004E+05   -0.41285742E+02   -0.58208876E-01    0.82421368E-01    0.00000000E+00    0.19632844E+07    0.19912582E+06   -0.14851656E+01    0.10208227E+00   -0.51051638E+00    0.00000000E+00    0.45562402E+05   -0.15122330E+04    0.41045917E+01   -0.20336365E+00   -0.19871135E+00
  0.0200   -0.54393398E+06   -0.16980504E+07    0.39159503E+06   -0.29441976E+02   -0.22152403E+00   -0.14262427E+01    0.18323821E+03   -0.34705931E+06   -0.35701271E+05   -0.33550842E+02   -0.45461386E-01    0.64371436E-01    0.00000000E+00    0.15962133E+07    0.14502958E+06   -0.94356448E+00    0.73644475E-01   -0.37253034E+00    0.00000000E+00    0.35579698E+05    0.78095021E+03    0.30056807E+01   -0.14656761E+00   -0.14897016E+00
  0.0220   -0.45709615E+06   -0.14024776E+07    0.34515070E+06   -0.24670389E+02   -0.16377715E+00   -0.12256126E+01   -0.39233618E+03   -0.25700678E+06   -0.23420058E+05   -0.27781425E+02   -0.29822698E-01    0.42227709E-01    0.00000000E+00    0.13248219E+07    0.10727162E+06   -0.58556624E+00    0.52455782E-01   -0.27755892E+00    0.00000000E+00    0.23319392E+05    0.58860269E+04    0.22753340E+01   -0.10425546E+00   -0.12236347E+00
  0.0240   -0.38905236E+06   -0.11790275E+07    0.30301601E+06   -0.20975054E+02   -0.12690771E+00   -0.10591183E+01   -0.27201809E+03   -0.19903620E+06   -0.12051137E+05   -0.23368820E+02   -0.15345717E-01    0.21728885E-01    0.00000000E+00    0.11182407E+07    0.83214976E+05   -0.33090069E+00    0.41068735E-01   -0.21493716E+00    0.00000000E+00    0.11966461E+05    0.36044537E+04    0.17527965E+01   -0.81535843E-01   -0.92624729E-01
  0.0260   -0.33546827E+06   -0.10032118E+07    0.26583099E+06   -0.18055520E+02   -0.10274038E+00   -0.92055351E+00    0.20512213E+03   -0.16064936E+06   -0.86388578E+04   -0.19937328E+02   -0.11000583E-01    0.15576346E-01    0.00000000E+00    0.95487551E+06    0.67445151E+05   -0.14499837E+00    0.35137509E-01   -0.17235346E+00    0.00000000E+00    0.85666163E+04   -0.19076479E+04    0.13687615E+01   -0.69719540E-01   -0.63850775E-01
  0.0280   -0.29260595E+06   -0.86221636E+06    0.23626519E+06   -0.15701355E+02   -0.82720750E-01   -0.80957645E+00    0.22601913E+03   -0.12922589E+06   -0.10050941E+05   -0.17217907E+02   -0.12798709E-01    0.18122411E-01    0.00000000E+00    0.82335098E+06    0.54324869E+05   -0.14017068E-01    0.28507389E-01   -0.13861982E+00    0.00000000E+00    0.99885544E+04   -0.20558921E+04    0.10954110E+01   -0.56498912E-01   -0.50174083E-01
  0.0300   -0.25723420E+06   -0.74980272E+06    0.21290642E+06   -0.13774501E+02   -0.65265022E-01   -0.72025889E+00   -0.14582180E+03   -0.10221624E+06   -0.85323517E+04   -0.15012355E+02   -0.10864956E-01    0.15384313E-01    0.00000000E+00    0.71801078E+06    0.42867055E+05    0.78638303E-01    0.21146166E-01   -0.11073176E+00    0.00000000E+00    0.84779567E+04    0.19276230E+04    0.89944681E+00   -0.41810816E-01   -0.47741033E-01
  0.0400   -0.14908548E+06   -0.41992353E+06    0.13101655E+06   -0.79545984E+01   -0.26979796E-01   -0.43004437E+00   -0.18457399E+03   -0.42241871E+05   -0.21280652E+04   -0.84613268E+01   -0.27098516E-02    0.38370137E-02    0.00000000E+00    0.40606417E+06    0.17792179E+05    0.31490218E+00    0.83270712E-02   -0.46409503E-01    0.00000000E+00    0.20974087E+04    0.20197986E+04    0.38203174E+00   -0.16293043E-01   -0.22506833E-01
  0.0500   -0.97068744E+05   -0.26811328E+06    0.87872876E+05   -0.51792490E+01   -0.13936397E-01   -0.28427204E+00   -0.91564987E+02   -0.21730937E+05    0.14182950E+03   -0.54184274E+01    0.18059111E-03   -0.25573886E-03    0.00000000E+00    0.26080865E+06    0.92410263E+04    0.39092767E+00    0.43789634E-02   -0.24050501E-01    0.00000000E+00   -0.16146004E+03    0.93438260E+03    0.19473758E+00   -0.84692036E-02   -0.11343776E-01
  0.0600   -0.68203139E+05   -0.18575494E+06    0.62572040E+05   -0.36442364E+01   -0.85553119E-02   -0.20105445E+00    0.15567761E+02   -0.13216462E+05    0.54122878E+03   -0.37643277E+01    0.68918928E-03   -0.97586865E-03    0.00000000E+00    0.18142797E+06    0.57082423E+04    0.41862745E+00    0.30210921E-02   -0.14539974E-01    0.00000000E+00   -0.55486584E+03   -0.23408879E+03    0.11032523E+00   -0.58017423E-02   -0.50815821E-02
  0.0700   -0.50582074E+05   -0.13600106E+06    0.46721809E+05   -0.27068656E+01   -0.57793942E-02   -0.14951624E+00    0.66771743E+02   -0.88363535E+04    0.77419690E+02   -0.27676492E+01    0.98580999E-04   -0.13959604E-03    0.00000000E+00    0.13324275E+06    0.38795024E+04    0.42767447E+00    0.22910056E-02   -0.96440512E-02    0.00000000E+00   -0.87445506E+02   -0.77027413E+03    0.67576435E-01   -0.43760662E-02   -0.20063640E-02
  0.0800   -0.39033271E+05   -0.10371162E+06    0.36352599E+05   -0.20923469E+01   -0.39322144E-02   -0.11576881E+00    0.51250407E+02   -0.59735578E+04   -0.45501339E+03   -0.21209061E+01   -0.57941390E-03    0.82040755E-03    0.00000000E+00    0.10185833E+06    0.26569001E+04    0.42835456E+00    0.15925924E-02   -0.65812015E-02    0.00000000E+00    0.44733085E+03   -0.57894594E+03    0.44781063E-01   -0.30051273E-02   -0.12240348E-02
  0.0900   -0.31022615E+05   -0.81722309E+05    0.29258528E+05   -0.16676780E+01   -0.25647445E-02   -0.92576853E-01    0.24697954E+01   -0.38921622E+04   -0.59968812E+03   -0.16767181E+01   -0.76363937E-03    0.10812652E-02    0.00000000E+00    0.80412850E+05    0.17488443E+04    0.42523986E+00    0.92020270E-03   -0.44600121E-02    0.00000000E+00    0.59361490E+03   -0.34834520E+02    0.32051867E-01   -0.16804714E-02   -0.15733051E-02
  0.1000   -0.25215279E+05   -0.66182413E+05    0.24104165E+05   -0.13622671E+01   -0.16483499E-02   -0.75803371E-01   -0.35488228E+02   -0.25047491E+04   -0.33384760E+03   -0.13579295E+01   -0.42512043E-03    0.60194173E-03    0.00000000E+00    0.65205860E+05    0.11392952E+04    0.42072063E+00    0.44931119E-03   -0.30556624E-02    0.00000000E+00    0.32892936E+03    0.38086459E+03    0.24095222E-01   -0.75479426E-03   -0.19265014E-02
  0.1100   -0.20873582E+05   -0.54790765E+05    0.20115858E+05   -0.11356596E+01   -0.11772620E-02   -0.63062493E-01   -0.38567430E+02   -0.17792355E+04    0.65792774E+02   -0.11214800E+01    0.83770525E-04   -0.11863701E-03    0.00000000E+00    0.54027392E+05    0.82545491E+03    0.41596651E+00    0.27673126E-03   -0.22627314E-02    0.00000000E+00   -0.69854397E+02    0.41072298E+03    0.18203818E-01   -0.42281790E-03   -0.16863826E-02
  0.1200   -0.17563473E+05   -0.46106555E+05    0.16916740E+05   -0.96305895E+00   -0.10240007E-02   -0.53067339E-01   -0.13135758E+02   -0.15224443E+04    0.29307557E+03   -0.94180920E+00    0.37319214E-03   -0.52843731E-03    0.00000000E+00    0.45494640E+05    0.72264180E+03    0.41132094E+00    0.33050754E-03   -0.18926567E-02    0.00000000E+00   -0.29648629E+03    0.12999155E+03    0.13417399E-01   -0.54134578E-03   -0.94125699E-03
  0.1300   -0.15001323E+05   -0.39254819E+05    0.14362345E+05   -0.82845470E+00   -0.98037269E-03   -0.45165266E-01    0.15822831E+02   -0.14328303E+04    0.23128688E+03   -0.80258444E+00    0.29451533E-03   -0.41702492E-03    0.00000000E+00    0.38763451E+05    0.69224189E+03    0.40668080E+00    0.43463068E-03   -0.16950100E-02    0.00000000E+00   -0.23419324E+03   -0.18554182E+03    0.97331957E-02   -0.75888982E-03   -0.18808153E-03
  0.1400   -0.12980709E+05   -0.33743151E+05    0.12380429E+05   -0.72121879E+00   -0.87804844E-03   -0.38965695E-01    0.26325991E+02   -0.12683275E+04   -0.63612558E+01   -0.69259163E+00   -0.81019149E-05    0.11468108E-04    0.00000000E+00    0.33350896E+05    0.62230862E+03    0.40187897E+00    0.44054136E-03   -0.14739538E-02    0.00000000E+00    0.38533493E+01   -0.29634778E+03    0.73228352E-02   -0.77867288E-03    0.13302331E-03
  0.1500   -0.11346784E+05   -0.29297486E+05    0.10868048E+05   -0.63425555E+00   -0.67432225E-03   -0.34109222E-01    0.14359798E+02   -0.96610922E+03   -0.20410603E+03   -0.60386237E+00   -0.25990636E-03    0.36801361E-03    0.00000000E+00    0.28981475E+05    0.48469127E+03    0.39692569E+00    0.31811971E-03   -0.11730040E-02    0.00000000E+00    0.20191954E+03   -0.16118170E+03    0.60360805E-02   -0.54073673E-03   -0.44870864E-04
  0.1600   -0.99915820E+04   -0.25724220E+05    0.96760819E+04   -0.56280509E+00   -0.44250004E-03   -0.30210387E-01   -0.67759703E+01   -0.62819050E+03   -0.21846990E+03   -0.53085539E+00   -0.27819905E-03    0.39391050E-03    0.00000000E+00    0.25460317E+05    0.32850483E+03    0.39202306E+00    0.14877296E-03   -0.86185248E-03    0.00000000E+00    0.21654787E+03    0.72282585E+02    0.53640876E-02   -0.20807366E-03   -0.43044671E-03
  0.1700   -0.88498179E+04   -0.22833289E+05    0.86589747E+04   -0.50355813E+00   -0.28687862E-03   -0.26925696E-01   -0.19394362E+02   -0.40082623E+03   -0.69148281E+02   -0.46992672E+00   -0.88054831E-04    0.12467572E-03    0.00000000E+00    0.22602242E+05    0.22335745E+03    0.38741049E+00    0.42010325E-04   -0.64513549E-03    0.00000000E+00    0.67446954E+02    0.21015822E+03    0.47420191E-02    0.11816125E-06   -0.64642101E-03
  0.1800   -0.78862410E+04   -0.20432751E+05    0.77326211E+04   -0.45402901E+00   -0.25368000E-03   -0.24042626E-01   -0.15251082E+02   -0.34847166E+03    0.10426403E+03   -0.41874040E+00    0.13276826E-03   -0.18799378E-03    0.00000000E+00    0.20225050E+05    0.19999176E+03    0.38319370E+00    0.47468747E-04   -0.56779392E-03    0.00000000E+00   -0.10577995E+03    0.16347545E+03    0.38872242E-02   -0.15532598E-04   -0.51845503E-03
  0.1900   -0.70777965E+04   -0.18366294E+05    0.68907882E+04   -0.41220888E+00   -0.30163782E-03   -0.21500735E-01   -0.12779127E+00   -0.41218024E+03    0.16624120E+03   -0.37564029E+00    0.21168899E-03   -0.29974209E-03    0.00000000E+00    0.18181279E+05    0.23077254E+03    0.37929149E+00    0.12626085E-03   -0.58369705E-03    0.00000000E+00   -0.16760101E+03   -0.28496312E+01    0.29021897E-02   -0.17735838E-03   -0.16859166E-03
  0.2000   -0.63997958E+04   -0.16546419E+05    0.61704863E+04   -0.37646040E+00   -0.34352425E-03   -0.19326656E-01    0.12717698E+02   -0.46827268E+03    0.86619408E+02   -0.33918532E+00    0.11029642E-03   -0.15618300E-03    0.00000000E+00    0.16386500E+05    0.25746992E+03    0.37552432E+00    0.19296823E-03   -0.59912257E-03    0.00000000E+00   -0.87847187E+02   -0.14287418E+03    0.20953457E-02   -0.31457739E-03    0.12496646E-03
  0.2100   -0.58226474E+04   -0.14950893E+05    0.55968300E+04   -0.34553317E+00   -0.31673750E-03   -0.17535050E-01    0.13708239E+02   -0.42805062E+03   -0.52188184E+02   -0.30799459E+00   -0.66458915E-04    0.94094908E-04    0.00000000E+00    0.14815481E+05    0.23836316E+03    0.37176049E+00    0.18642571E-03   -0.54688428E-03    0.00000000E+00    0.51073373E+02   -0.15212822E+03    0.16865778E-02   -0.30494607E-03    0.16306729E-03
  0.2200   -0.53179928E+04   -0.13584723E+05    0.51495927E+04   -0.31856133E+00   -0.22582168E-03   -0.16068235E-01    0.37238935E+01   -0.29782616E+03   -0.13387831E+03   -0.28085838E+00   -0.17048074E-03    0.24138788E-03    0.00000000E+00    0.13468164E+05    0.17656664E+03    0.36800381E+00    0.11229241E-03   -0.43090427E-03    0.00000000E+00    0.13286178E+03   -0.41290410E+02    0.16310417E-02   -0.15981414E-03   -0.32786669E-04
  0.2300   -0.48669125E+04   -0.12437065E+05    0.47723051E+04   -0.29497268E+00   -0.12867887E-03   -0.14810390E-01   -0.79910253E+01   -0.15931830E+03   -0.10188831E+03   -0.25691523E+00   -0.12974312E-03    0.18371016E-03    0.00000000E+00    0.12331380E+05    0.11075008E+03    0.36436601E+00    0.29246352E-04   -0.31146963E-03    0.00000000E+00    0.10095849E+03    0.87592817E+02    0.16727341E-02    0.34109938E-05   -0.26606306E-03
  0.2400   -0.44627178E+04   -0.11463618E+05    0.44104888E+04   -0.27433666E+00   -0.84134767E-04   -0.13652739E-01   -0.12033027E+02   -0.95550716E+02    0.48405093E+01   -0.23569751E+00    0.61615608E-05   -0.87299763E-05    0.00000000E+00    0.11363150E+05    0.80147215E+02    0.36096015E+00   -0.33776106E-05   -0.24994572E-03    0.00000000E+00   -0.56934877E+01    0.13149907E+03    0.15574270E-02    0.66038915E-04   -0.33851011E-03
  0.2500   -0.41061750E+04   -0.10602737E+05    0.40455742E+04   -0.25623734E+00   -0.10565075E-03   -0.12551618E-01   -0.61328878E+01   -0.12541828E+03    0.93865702E+02   -0.21698792E+00    0.11952449E-03   -0.16924772E-03    0.00000000E+00    0.10506789E+05    0.93681837E+02    0.35780660E+00    0.28218435E-04   -0.25998813E-03    0.00000000E+00   -0.94650926E+02    0.66201837E+02    0.12193852E-02    0.43704971E-06   -0.20322894E-03
  0.2600   -0.37972235E+04   -0.98074222E+04    0.36985944E+04   -0.24023791E+00   -0.15574525E-03   -0.11534249E-01    0.39354742E+01   -0.19584980E+03    0.97409919E+02   -0.20059108E+00    0.12403931E-03   -0.17563648E-03    0.00000000E+00    0.97190054E+04    0.12629713E+03    0.35482209E+00    0.86834336E-04   -0.30171122E-03    0.00000000E+00   -0.98135766E+02   -0.44333518E+02    0.80317004E-03   -0.11902595E-03    0.17363462E-04
  0.2700   -0.35295901E+04   -0.90656908E+04    0.34039973E+04   -0.22593349E+00   -0.18063724E-03   -0.10652831E-01    0.97810946E+01   -0.23078402E+03    0.22345772E+02   -0.18618521E+00    0.28452883E-04   -0.40292547E-04    0.00000000E+00    0.89877454E+04    0.14209833E+03    0.35189056E+00    0.11896518E-03   -0.31819184E-03    0.00000000E+00   -0.23019453E+02   -0.10791802E+03    0.52137929E-03   -0.18535229E-03    0.14665104E-03
  0.2800   -0.32918479E+04   -0.83941426E+04    0.31769157E+04   -0.21302626E+00   -0.15376283E-03   -0.99273536E-02    0.72484475E+01   -0.19267074E+03   -0.63430642E+02   -0.17334313E+00   -0.80771238E-04    0.11436933E-03    0.00000000E+00    0.83264065E+04    0.12338846E+03    0.34895204E+00    0.98320802E-04   -0.28127641E-03    0.00000000E+00    0.62803463E+02   -0.79329207E+02    0.47667951E-03   -0.14598089E-03    0.98070668E-04
  0.2900   -0.30731825E+04   -0.78120476E+04    0.29997893E+04   -0.20135103E+00   -0.93440117E-04   -0.93221122E-02   -0.77513569E+00   -0.10740328E+03   -0.90747896E+02   -0.16167707E+00   -0.11555925E-03    0.16362121E-03    0.00000000E+00    0.77509127E+04    0.82423988E+02    0.34603850E+00    0.43440919E-04   -0.21013154E-03    0.00000000E+00    0.90162959E+02    0.92423129E+01    0.58956764E-03   -0.38003488E-04   -0.66436910E-04
  0.3000   -0.28687148E+04   -0.73177374E+04    0.28365652E+04   -0.19082792E+00   -0.43622757E-04   -0.87701457E-02   -0.73571594E+01   -0.37094749E+02   -0.43678021E+02   -0.15097159E+00   -0.55619660E-04    0.78753156E-04    0.00000000E+00    0.72588653E+04    0.48545919E+02    0.34323438E+00   -0.15797483E-05   -0.15092836E-03    0.00000000E+00    0.43131848E+02    0.81484877E+02    0.67717430E-03    0.50376732E-04   -0.20030661E-03
  0.3100   -0.26801418E+04   -0.68851657E+04    0.26604649E+04   -0.18137981E+00   -0.36520444E-04   -0.82212814E-02   -0.73904149E+01   -0.27239408E+02    0.33217232E+02   -0.14119621E+00    0.42296466E-04   -0.59894359E-04    0.00000000E+00    0.68265086E+04    0.43229553E+02    0.34060041E+00   -0.44588688E-05   -0.13745200E-03    0.00000000E+00   -0.33728010E+02    0.81523033E+02    0.60532903E-03    0.54578591E-04   -0.19622214E-03
  0.3200   -0.25115560E+04   -0.64810853E+04    0.24721404E+04   -0.17287756E+00   -0.68142837E-04   -0.76735346E-02   -0.14537169E+01   -0.72153448E+02    0.75939615E+02   -0.13239326E+00    0.96699746E-04   -0.13692393E-03    0.00000000E+00    0.64238772E+04    0.63777986E+02    0.33812376E+00    0.30853760E-04   -0.16535540E-03    0.00000000E+00   -0.76418521E+02    0.16099591E+02    0.38834943E-03   -0.17505321E-04   -0.67034748E-04
  0.3300   -0.23641095E+04   -0.60871776E+04    0.22948002E+04   -0.16514922E+00   -0.10472379E-03   -0.71645391E-02    0.51787031E+01   -0.12408887E+03    0.53558652E+02   -0.12453757E+00    0.68200475E-04   -0.96569511E-04    0.00000000E+00    0.60342929E+04    0.87639464E+02    0.33573123E+00    0.70648581E-04   -0.19896898E-03    0.00000000E+00   -0.54009115E+02   -0.56618147E+02    0.16222725E-03   -0.98466512E-04    0.75715828E-04
  0.3400   -0.22337739E+04   -0.57090861E+04    0.21522150E+04   -0.15803706E+00   -0.11213354E-03   -0.67332941E-02    0.71500602E+01   -0.13479913E+03   -0.10238586E+02   -0.11747738E+00   -0.13038038E-04    0.18460360E-04    0.00000000E+00    0.56622944E+04    0.92039599E+02    0.33334928E+00    0.80875903E-04   -0.20227841E-03    0.00000000E+00    0.98136859E+01   -0.77861391E+02    0.64627861E-04   -0.12021051E-03    0.11932540E-03
  0.3600   -0.19984767E+04   -0.50722555E+04    0.19652009E+04   -0.14536982E+00   -0.40074547E-04   -0.60858973E-02   -0.28165024E+01   -0.33505927E+02   -0.58634427E+02   -0.10491546E+00   -0.74666117E-04    0.10571919E-03    0.00000000E+00    0.50329421E+04    0.42962652E+02    0.32860448E+00    0.13603946E-04   -0.11856808E-03    0.00000000E+00    0.58255002E+02    0.32179643E+02    0.24640396E-03    0.11971773E-04   -0.87026973E-04
  0.3700   -0.18877835E+04   -0.48217223E+04    0.18772463E+04   -0.13980519E+00   -0.15799156E-04   -0.57910349E-02   -0.60760840E+01    0.48107646E+00   -0.97511246E+01   -0.99201963E-01   -0.12415978E-04    0.17582773E-04    0.00000000E+00    0.47821410E+04    0.26334159E+02    0.32634774E+00   -0.86080965E-05   -0.89623559E-04    0.00000000E+00    0.93923828E+01    0.67864226E+02    0.29837237E-03    0.55306230E-04   -0.15347400E-03
  0.3800   -0.17848946E+04   -0.45939718E+04    0.17723461E+04   -0.13473773E+00   -0.25275073E-04   -0.54777918E-02   -0.40893452E+01   -0.13246085E+02    0.42915474E+02   -0.93913913E-01    0.54649943E-04   -0.77376942E-04    0.00000000E+00    0.45537162E+04    0.32255736E+02    0.32421689E+00    0.27233207E-05   -0.96509519E-04    0.00000000E+00   -0.43255073E+02    0.45827718E+02    0.21772947E-03    0.31613707E-04   -0.10937252E-03
  0.3900   -0.16932576E+04   -0.43687261E+04    0.16592549E+04   -0.13009801E+00   -0.55650949E-04   -0.51602492E-02    0.11461136E+01   -0.56509274E+02    0.56725145E+02   -0.89118015E-01    0.72232157E-04   -0.10227935E-03    0.00000000E+00    0.43295554E+04    0.52134362E+02    0.32218290E+00    0.34749269E-04   -0.12563897E-03    0.00000000E+00   -0.57047381E+02   -0.11758341E+02    0.56424310E-04   -0.33414133E-04    0.27596990E-05
  0.4000   -0.16129855E+04   -0.41406042E+04    0.15584489E+04   -0.12579013E+00   -0.78506267E-04   -0.48729809E-02    0.51734114E+01   -0.89127656E+02    0.23492230E+02   -0.84796853E-01    0.29913871E-04   -0.42358570E-04    0.00000000E+00    0.41047275E+04    0.66994400E+02    0.32018517E+00    0.59066252E-04   -0.14703801E-03    0.00000000E+00   -0.23798827E+02   -0.55844653E+02   -0.70063883E-04   -0.82973692E-04    0.88829038E-04
  0.4100   -0.15404269E+04   -0.39207992E+04    0.14842477E+04   -0.12173984E+00   -0.73787651E-04   -0.46399869E-02    0.48375452E+01   -0.82764585E+02   -0.26525173E+02   -0.80837800E-01   -0.33777705E-04    0.47825401E-04    0.00000000E+00    0.38889424E+04    0.63460822E+02    0.31818044E+00    0.55660063E-04   -0.13957336E-03    0.00000000E+00    0.26232907E+02   -0.51873669E+02   -0.80552750E-04   -0.77048517E-04    0.82537719E-04
  0.4200   -0.14708556E+04   -0.37255319E+04    0.14332569E+04   -0.11792550E+00   -0.45288104E-04   -0.44546172E-02    0.72545240E+00   -0.42791825E+02   -0.51742411E+02   -0.77102811E-01   -0.65888780E-04    0.93293650E-04    0.00000000E+00    0.36963520E+04    0.44078013E+02    0.31617427E+00    0.28363107E-04   -0.10724026E-03    0.00000000E+00    0.51463665E+02   -0.64841999E+01    0.90380946E-05   -0.23288218E-04   -0.33399656E-05
  0.4300   -0.14018916E+04   -0.35614597E+04    0.13879174E+04   -0.11436770E+00   -0.15870209E-04   -0.42857151E-02   -0.35730924E+01   -0.15333876E+01   -0.33503601E+02   -0.73516934E-01   -0.42663485E-04    0.60408337E-04    0.00000000E+00    0.35326772E+04    0.24112818E+02    0.31421128E+00    0.62717163E-07   -0.74118925E-04    0.00000000E+00    0.33237833E+02    0.40766126E+02    0.10485000E-03    0.32510663E-04   -0.92903884E-04
  0.4400   -0.13348478E+04   -0.34199326E+04    0.13312380E+04   -0.11108856E+00   -0.77158990E-05   -0.41031898E-02   -0.45657209E+01    0.96674095E+01    0.10493825E+02   -0.70102667E-01    0.13361546E-04   -0.18922078E-04    0.00000000E+00    0.33901494E+04    0.18362053E+02    0.31233471E+00   -0.70607548E-05   -0.63550511E-04    0.00000000E+00   -0.10747235E+02    0.51546097E+02    0.11618924E-03    0.45993361E-04   -0.11258512E-03
  0.4500   -0.12730590E+04   -0.32840763E+04    0.12601025E+04   -0.10807486E+00   -0.24464985E-04   -0.39010949E-02   -0.16662933E+01   -0.14330413E+02    0.42939498E+02   -0.66935963E-01    0.54678910E-04   -0.77421885E-04    0.00000000E+00    0.32537683E+04    0.29245959E+02    0.31055009E+00    0.10626813E-04   -0.79346630E-04    0.00000000E+00   -0.43181447E+02    0.19564261E+02    0.28005220E-04    0.98883258E-05   -0.50299951E-04
  0.4600   -0.12187346E+04   -0.31421259E+04    0.11865484E+04   -0.10527435E+00   -0.49513628E-04   -0.36998588E-02    0.25256696E+01   -0.50041371E+02    0.38320141E+02   -0.64064439E-01    0.48797048E-04   -0.69092573E-04    0.00000000E+00    0.31130643E+04    0.45669284E+02    0.30882178E+00    0.36514430E-04   -0.10398439E-03    0.00000000E+00   -0.38551696E+02   -0.26487778E+02   -0.92052685E-04   -0.42585590E-04    0.38902473E-04
  0.4700   -0.11709598E+04   -0.29958541E+04    0.11267787E+04   -0.10262532E+00   -0.60715413E-04   -0.35271828E-02    0.45322693E+01   -0.66167663E+02    0.27563380E+01   -0.61455392E-01    0.35108420E-05   -0.49688667E-05    0.00000000E+00    0.29695250E+04    0.52853340E+02    0.30710293E+00    0.48471128E-04   -0.11412901E-03    0.00000000E+00   -0.29784512E+01   -0.48385395E+02   -0.15382627E-03   -0.67165518E-04    0.81689252E-04
  0.4800   -0.11263772E+04   -0.28576118E+04    0.10875484E+04   -0.10009378E+00   -0.48637705E-04   -0.33944152E-02    0.28649668E+01   -0.49381195E+02   -0.32961462E+02   -0.59013805E-01   -0.41973201E-04    0.59430762E-04    0.00000000E+00    0.28339732E+04    0.44509181E+02    0.30537285E+00    0.37086544E-04   -0.99843287E-04    0.00000000E+00    0.32748184E+02   -0.29876958E+02   -0.11912433E-03   -0.45038838E-04    0.46875835E-04
  0.4900   -0.10818248E+04   -0.27390803E+04    0.10610644E+04   -0.97687073E-01   -0.23383522E-04   -0.32876845E-02   -0.89518854E+00   -0.13971088E+02   -0.39823352E+02   -0.56650753E-01   -0.50711134E-04    0.71803023E-04    0.00000000E+00    0.27166386E+04    0.27388682E+02    0.30365073E+00    0.12481734E-04   -0.71777905E-04    0.00000000E+00    0.39618625E+02    0.11539757E+02   -0.29382403E-04    0.35542270E-05   -0.31947143E-04
  0.5000   -0.10366768E+04   -0.26413180E+04    0.10319833E+04   -0.95434550E-01   -0.52090472E-05   -0.31800439E-02   -0.35656420E+01    0.11427274E+02   -0.13980172E+02   -0.54344148E-01   -0.17803538E-04    0.25205624E-04    0.00000000E+00    0.26183806E+04    0.15013991E+02    0.30197657E+00   -0.50770590E-05   -0.51266702E-04    0.00000000E+00    0.13783793E+02    0.40849142E+02    0.32575860E-04    0.38083860E-04   -0.87586078E-04
  0.5500   -0.85927342E+03   -0.21755419E+04    0.83325970E+03   -0.86160665E-01   -0.30910794E-04   -0.25943844E-02    0.12560587E+01   -0.26227999E+02   -0.33000853E+02   -0.44967579E-01   -0.42025915E-04    0.59499233E-04    0.00000000E+00    0.21568248E+04    0.31041241E+02    0.29430273E+00    0.23013526E-04   -0.72482992E-04    0.00000000E+00    0.32838403E+02   -0.12006877E+02   -0.11883520E-03   -0.20724277E-04    0.16214161E-04
  0.6000   -0.71869217E+03   -0.18447997E+04    0.69044932E+03   -0.79083796E-01   -0.39173290E-04   -0.21632993E-02    0.31165975E+01   -0.39102701E+02    0.80325447E+01   -0.37691599E-01    0.10228363E-04   -0.14483279E-04    0.00000000E+00    0.18265076E+04    0.35625030E+02    0.28726404E+00    0.32959341E-04   -0.76638931E-04    0.00000000E+00   -0.81686715E+01   -0.32509292E+02   -0.18263209E-03   -0.42803394E-04    0.57209495E-04
  0.6500   -0.61060953E+03   -0.15814699E+04    0.60286175E+03   -0.73512939E-01   -0.13964256E-04   -0.18686323E-02   -0.41356228E+00   -0.45239337E+01    0.26186831E+02   -0.32064934E-01    0.33345116E-04   -0.47217101E-04    0.00000000E+00    0.15642139E+04    0.18000449E+02    0.28072226E+00    0.89501086E-05   -0.46427195E-04    0.00000000E+00   -0.26302603E+02    0.63492811E+01   -0.99369352E-04    0.33630563E-05   -0.16170127E-04
  0.7000   -0.52930545E+03   -0.13533244E+04    0.52833979E+03   -0.69108238E-01   -0.64932228E-06   -0.16260551E-02   -0.21627038E+01    0.13366982E+02   -0.44608304E+01   -0.27717430E-01   -0.56819495E-05    0.80415282E-05    0.00000000E+00    0.13391502E+04    0.84178434E+01    0.27468742E+00   -0.34959902E-05   -0.29392981E-04    0.00000000E+00    0.43607819E+01    0.25733332E+02   -0.57911943E-04    0.26669766E-04   -0.52497288E-04
  0.7500   -0.46290816E+03   -0.11724783E+04    0.44871898E+03   -0.65610455E-01   -0.16017730E-04   -0.13964748E-02    0.52091406E+00   -0.91862809E+01   -0.21535621E+02   -0.24190211E-01   -0.27424483E-04    0.38828567E-04    0.00000000E+00    0.11604123E+04    0.18074363E+02    0.26912800E+00    0.12526841E-04   -0.43077853E-04    0.00000000E+00    0.21448329E+02   -0.36988166E+01   -0.12910539E-03   -0.67504239E-05    0.46287640E-05
  0.8000   -0.40480356E+03   -0.10403330E+04    0.38608024E+03   -0.62743444E-01   -0.25190330E-04   -0.12129431E-02    0.21744228E+01   -0.22902433E+02    0.19326117E+01   -0.21206108E-01    0.24612475E-05   -0.34843166E-05    0.00000000E+00    0.10281381E+04    0.23677430E+02    0.26391956E+00    0.22214132E-04   -0.50628063E-04    0.00000000E+00   -0.20091141E+01   -0.21904439E+02   -0.17209845E-03   -0.27324353E-04    0.40063342E-04
  0.8500   -0.35698314E+03   -0.92930787E+03    0.35047230E+03   -0.60325404E-01   -0.10924198E-04   -0.10891312E-02    0.11014443E+00   -0.34077938E+01    0.17956782E+02   -0.18741856E-01    0.22865616E-04   -0.32377348E-04    0.00000000E+00    0.91720115E+03    0.13693503E+02    0.25898315E+00    0.83475551E-05   -0.33779688E-04    0.00000000E+00   -0.18024375E+02    0.80183357E+00   -0.11740659E-03   -0.65319927E-06   -0.31199922E-05
  0.9000   -0.32006153E+03   -0.82278679E+03    0.31976699E+03   -0.58304117E-01   -0.11957465E-06   -0.98386357E-03   -0.14344499E+01    0.11264013E+02   -0.24990012E+00   -0.16758992E-01   -0.31920582E-06    0.44959695E-06    0.00000000E+00    0.81235031E+03    0.60659851E+01    0.25433731E+00   -0.21491533E-05   -0.20810793E-04    0.00000000E+00    0.18947490E+00    0.17858405E+02   -0.75304198E-04    0.19402134E-04   -0.35538180E-04
  0.9500   -0.28876078E+03   -0.73278657E+03    0.27990319E+03   -0.56634118E-01   -0.95703843E-05   -0.87067579E-03    0.17896441E+00   -0.26412327E+01   -0.15247722E+02   -0.15079840E-01   -0.19416181E-04    0.27492524E-04    0.00000000E+00    0.72375154E+03    0.12003843E+02    0.24998589E+00    0.75503422E-05   -0.29378763E-04    0.00000000E+00    0.15193365E+02    0.16208394E+00   -0.11492168E-03   -0.83934499E-06   -0.13379865E-05
  1.0000   -0.25932800E+03   -0.66740706E+03    0.24550379E+03   -0.55211916E-01   -0.18124617E-04   -0.77340233E-03    0.16294926E+01   -0.15231781E+02   -0.10175243E+01   -0.13575952E-01   -0.12961291E-05    0.18342234E-05    0.00000000E+00    0.65822999E+03    0.17383606E+02    0.24585988E+00    0.16311627E-04   -0.37167996E-04    0.00000000E+00    0.96860232E+00   -0.15801240E+02   -0.15020566E-03   -0.19119362E-04    0.29492206E-04
  1.1000   -0.21403724E+03   -0.55381986E+03    0.21374042E+03   -0.52870089E-01   -0.36146276E-06   -0.65792106E-03   -0.98362691E+00    0.90074747E+01    0.18986759E+01   -0.11211776E-01    0.24172770E-05   -0.34238856E-05    0.00000000E+00    0.54545396E+03    0.49531134E+01    0.23813316E+00   -0.11443052E-05   -0.16382262E-04    0.00000000E+00   -0.19390565E+01    0.12970320E+02   -0.77069771E-04    0.14484549E-04   -0.25417863E-04
  1.2000   -0.18024508E+03   -0.46451368E+03    0.16945245E+03   -0.51152914E-01   -0.13827872E-04   -0.53513818E-03    0.12694147E+01   -0.10761140E+02   -0.25808756E+01   -0.94310573E-02   -0.32867120E-05    0.46531972E-05    0.00000000E+00    0.45712996E+03    0.13463600E+02    0.23115090E+00    0.12535438E-04   -0.28884522E-04    0.00000000E+00    0.25469262E+01   -0.11782322E+02   -0.13034007E-03   -0.13963257E-04    0.22284351E-04
  1.3000   -0.15303555E+03   -0.39882331E+03    0.15255012E+03   -0.49776854E-01   -0.76419792E-06   -0.47007551E-03   -0.67311668E+00    0.70782700E+01    0.30563180E+01   -0.80215008E-02    0.38927913E-05   -0.55097880E-05    0.00000000E+00    0.39178424E+03    0.43396536E+01    0.22468649E+00   -0.37267230E-06   -0.13723357E-04    0.00000000E+00   -0.30851779E+01    0.95965841E+01   -0.74844139E-04    0.10933405E-04   -0.18589911E-04
  1.4000   -0.13253447E+03   -0.34200095E+03    0.12383647E+03   -0.48734627E-01   -0.10909371E-04   -0.39188486E-03    0.10106356E+01   -0.78030409E+01   -0.34236734E+01   -0.69315573E-02   -0.43601234E-05    0.61726028E-05    0.00000000E+00    0.33580428E+03    0.10765043E+02    0.21875676E+00    0.98857543E-05   -0.23232256E-04    0.00000000E+00    0.33987473E+01   -0.89013523E+01   -0.11387992E-03   -0.10372154E-04    0.17012324E-04
  1.5000   -0.11476581E+03   -0.30135078E+03    0.11404032E+03   -0.47864507E-01   -0.11754865E-05   -0.35201370E-03   -0.44394960E+00    0.54831660E+01    0.36675671E+01   -0.60202091E-02    0.46696399E-05   -0.66134107E-05    0.00000000E+00    0.29524285E+03    0.39691222E+01    0.21320667E+00    0.24076432E-06   -0.11970002E-04    0.00000000E+00   -0.36892031E+01    0.71026063E+01   -0.71758419E-04    0.82353309E-05   -0.13615412E-04
  1.6000   -0.10155218E+03   -0.26239103E+03    0.94408046E+02   -0.47190938E-01   -0.87795726E-05   -0.29922027E-03    0.81411373E+00   -0.56792718E+01   -0.38472096E+01   -0.53089578E-02   -0.48990329E-05    0.69366770E-05    0.00000000E+00    0.25703685E+03    0.87824670E+01    0.20805797E+00    0.79108487E-05   -0.19107885E-04    0.00000000E+00    0.38281381E+01   -0.67176636E+01   -0.10040566E-03   -0.76996088E-05    0.12966881E-04
  2.0000   -0.65083249E+02   -0.16866845E+03    0.60119528E+02   -0.45435362E-01   -0.58619001E-05   -0.19081603E-03    0.53461981E+00   -0.28096858E+01   -0.39890368E+01   -0.33998786E-02   -0.50795985E-05    0.71924343E-05    0.00000000E+00    0.16442567E+03    0.60539023E+01    0.19027317E+00    0.51527840E-05   -0.13471684E-04    0.00000000E+00    0.39768496E+01   -0.36180562E+01   -0.80060832E-04   -0.39684190E-05    0.71623142E-05
  2.5000   -0.40995190E+02   -0.11164170E+03    0.39214460E+02   -0.44395322E-01   -0.26240799E-05   -0.12326502E-03    0.15853122E+00    0.75470486E+00    0.34851318E+01   -0.21584168E-02    0.44383159E-05   -0.62834833E-05    0.00000000E+00    0.10787708E+03    0.32738662E+01    0.17263092E+00    0.20049499E-05   -0.80669034E-05    0.00000000E+00   -0.34928492E+01    0.52934305E+00   -0.58805760E-04    0.90413577E-06   -0.72435643E-06
  3.0000   -0.28938595E+02   -0.76165076E+02    0.26859479E+02   -0.43909524E-01   -0.22214563E-05   -0.84853035E-04    0.18013149E+00    0.64538533E+00   -0.26575859E+01   -0.15105751E-02   -0.33838997E-05    0.47920041E-05    0.00000000E+00    0.73262709E+02    0.25970635E+01    0.15835309E+00    0.16474047E-05   -0.63423056E-05    0.00000000E+00    0.26521978E+01    0.30460619E+00   -0.51193115E-04    0.67726885E-06   -0.25983384E-06
  4.0000   -0.16173637E+02   -0.44023393E+02    0.15241766E+02   -0.43579106E-01   -0.95457693E-06   -0.47844958E-04    0.82958760E-01    0.15849334E+01   -0.85543391E+00   -0.84589158E-03   -0.10897146E-05    0.15419766E-05    0.00000000E+00    0.41713591E+02    0.12507127E+01    0.13613039E+00    0.42741631E-06   -0.34203263E-05    0.00000000E+00    0.85243077E+00    0.13804330E+01   -0.37912181E-04    0.19465953E-05   -0.23002241E-05
  5.0000   -0.10230312E+02   -0.29184602E+02    0.95536241E+01   -0.43574552E-01   -0.80477342E-06   -0.30195926E-04    0.11883547E+00    0.12846826E+01    0.43219760E+00   -0.53708518E-03    0.55020529E-06   -0.77942476E-06    0.00000000E+00    0.27215235E+02    0.85818174E+00    0.11922225E+00    0.30254521E-06   -0.23375995E-05    0.00000000E+00   -0.43409632E+00    0.98812623E+00   -0.32028604E-04    0.15021869E-05   -0.15377242E-05
  6.0000   -0.70310384E+01   -0.20940378E+02    0.61965289E+01   -0.43681884E-01   -0.10929129E-05   -0.20156163E-04    0.20310440E+00    0.53541574E+00    0.89750128E+00   -0.36996231E-03    0.11434892E-05   -0.16176197E-05    0.00000000E+00    0.19216109E+02    0.86098037E+00    0.10567504E+00    0.60832181E-06   -0.20404327E-05    0.00000000E+00   -0.89880336E+00    0.61643851E-01   -0.29497752E-04    0.43278217E-06    0.24313855E-06
  7.0000   -0.51558117E+01   -0.15704144E+02    0.41048046E+01   -0.43828348E-01   -0.13640329E-05   -0.13992219E-04    0.27328818E+00   -0.92643679E-01    0.67380472E+00   -0.27053106E-03    0.85771772E-06   -0.12152021E-05    0.00000000E+00    0.14182200E+02    0.91067815E+00    0.94445998E-01    0.89325649E-06   -0.19083903E-05    0.00000000E+00   -0.67475339E+00   -0.71094764E+00   -0.27831852E-04   -0.45975690E-06    0.17274310E-05
  8.0000   -0.39796225E+01   -0.12107449E+02    0.28612030E+01   -0.43984261E-01   -0.13917546E-05   -0.10194074E-04    0.29817725E+00   -0.31585675E+00    0.14045627E+00   -0.20701387E-03    0.17863249E-06   -0.25347282E-06    0.00000000E+00    0.10755330E+02    0.83388423E+00    0.84912570E-01    0.93259936E-06   -0.16327955E-05    0.00000000E+00   -0.14117973E+00   -0.98607176E+00   -0.25779807E-04   -0.77779747E-06    0.22557932E-05
  9.0000   -0.31828393E+01   -0.95833777E+01    0.21894533E+01   -0.44136253E-01   -0.11715351E-05   -0.79072572E-05    0.27943107E+00   -0.14802727E+00   -0.30823136E+00   -0.16369323E-03   -0.39291487E-06    0.55534046E-06    0.00000000E+00    0.83649833E+01    0.61528353E+00    0.76673347E-01    0.72220654E-06   -0.11706764E-05    0.00000000E+00    0.30766110E+00   -0.78186834E+00   -0.23145550E-04   -0.54155145E-06    0.18638197E-05
 10.0000   -0.25954265E+01   -0.78391812E+01    0.18371631E+01   -0.44278055E-01   -0.84481626E-06   -0.64967385E-05    0.24062517E+00    0.19920596E+00   -0.44623389E+00   -0.13223684E-03   -0.56833897E-06    0.80447288E-06    0.00000000E+00    0.67167265E+01    0.34176947E+00    0.69454492E-01    0.40450779E-06   -0.64692552E-06    0.00000000E+00    0.44577449E+00   -0.35758791E+00   -0.20376748E-04   -0.50974969E-07    0.10491228E-05
 12.0000   -0.17670135E+01   -0.58097093E+01    0.13358072E+01   -0.44520643E-01   -0.48036878E-06   -0.45898997E-05    0.20190015E+00    0.54138141E+00    0.17896523E-01   -0.89608462E-04    0.22738560E-07   -0.32319022E-07    0.00000000E+00    0.47977209E+01    0.20222181E-01    0.57347938E-01    0.55729232E-07   -0.64830962E-08    0.00000000E+00   -0.18206105E-01    0.61797939E-01   -0.16634702E-04    0.43362345E-06    0.24350579E-06
 16.0000   -0.99927255E+00   -0.34954047E+01    0.42652363E+00   -0.44818278E-01   -0.67761945E-06   -0.19897939E-05    0.25507721E+00    0.44049684E-01   -0.72498397E-01   -0.48699084E-04   -0.92445516E-07    0.13059146E-06    0.00000000E+00    0.26556523E+01    0.66393020E-01    0.39437324E-01    0.27885885E-06    0.74604701E-07    0.00000000E+00    0.72331711E-01   -0.54062900E+00   -0.14423479E-04   -0.26837052E-06    0.13948422E-05
 20.0000   -0.62198132E+00   -0.24686655E+01    0.31030742E+00   -0.44865881E-01   -0.36679202E-06   -0.13214342E-05    0.21835887E+00    0.34932599E+00    0.91896906E-01   -0.29255584E-04    0.11687590E-06   -0.16583943E-06    0.00000000E+00    0.17221843E+01   -0.18062072E+00    0.26785374E-01   -0.10201824E-07    0.54546701E-06    0.00000000E+00   -0.91996442E-01   -0.15959353E+00   -0.11180205E-04    0.16698092E-06    0.65796086E-06
 25.0000   -0.40853227E+00   -0.16471421E+01    0.94794473E-01   -0.44609464E-01   -0.36172091E-06   -0.65335043E-06    0.22550647E+00    0.24548031E+00   -0.11384720E+00   -0.17637925E-04   -0.14491065E-06    0.20533344E-06    0.00000000E+00    0.99319974E+00   -0.20358220E+00    0.15482905E-01    0.84377044E-08    0.63474617E-06    0.00000000E+00    0.11378743E+00   -0.27385750E+00   -0.94459895E-05    0.25507190E-07    0.86801339E-06
 30.0000   -0.26413387E+00   -0.12850067E+01   -0.33708039E-01   -0.44043411E-01   -0.37714283E-06   -0.27344207E-06    0.23130176E+00    0.14539071E+00    0.23011364E-01   -0.10689426E-04    0.29462031E-07   -0.41331052E-07    0.00000000E+00    0.68010626E+00   -0.19547517E+00    0.74490548E-02    0.45363040E-07    0.64673070E-06    0.00000000E+00   -0.23047329E-01   -0.38077461E+00   -0.82708249E-05   -0.10964920E-06    0.10617811E-05
 40.0000   -0.13334828E+00   -0.80107690E+00   -0.43113916E-01   -0.42136288E-01   -0.23760171E-06   -0.10496433E-06    0.20828534E+00    0.23334625E+00   -0.53756578E-01   -0.43324809E-05   -0.68292843E-07    0.97086050E-07    0.00000000E+00    0.27257874E+00   -0.26689678E+00   -0.25585917E-02   -0.55027795E-07    0.76606417E-06    0.00000000E+00    0.53742045E-01   -0.23487650E+00   -0.59619272E-05    0.32218880E-07    0.75480237E-06
 50.0000   -0.51386176E-01   -0.60616704E+00   -0.62780013E-01   -0.39405388E-01   -0.19593047E-06   -0.27915186E-08    0.19422623E+00    0.21281039E+00    0.39867658E-01   -0.10497839E-05    0.50848953E-07   -0.71801511E-07    0.00000000E+00    0.12021385E+00   -0.25494124E+00   -0.76154227E-02   -0.60398702E-07    0.72391276E-06    0.00000000E+00   -0.39871192E-01   -0.21258709E+00   -0.45784946E-05    0.23723091E-07    0.67773454E-06
 60.0000   -0.11002619E-01   -0.44158836E+00   -0.88681510E-01   -0.36056979E-01   -0.19459906E-06    0.78224289E-07    0.18242062E+00    0.14865327E+00   -0.90413880E-02    0.46379590E-06   -0.11548141E-07    0.16267148E-07    0.00000000E+00   -0.61263318E-02   -0.20613755E+00   -0.96766860E-02   -0.26791500E-07    0.60737834E-06    0.00000000E+00    0.90429968E-02   -0.23608883E+00   -0.36187032E-05   -0.43318710E-07    0.68299444E-06
 70.0000    0.18919921E-01   -0.34048694E+00   -0.56083009E-01   -0.32267185E-01   -0.12928388E-06    0.43252134E-07    0.15779138E+00    0.18176117E+00   -0.16773491E-01    0.14022367E-05   -0.21367935E-07    0.30234705E-07    0.00000000E+00   -0.76155027E-01   -0.19395880E+00   -0.98020042E-02   -0.58129193E-07    0.53857345E-06    0.00000000E+00    0.16778239E-01   -0.13486415E+00   -0.25387757E-05    0.30596895E-07    0.44549838E-06
 80.0000    0.44370192E-01   -0.28702418E+00   -0.60721616E-01   -0.28195496E-01   -0.12131023E-06    0.65496188E-07    0.14031338E+00    0.13809371E+00    0.25412440E-01    0.20801640E-05    0.32486698E-07   -0.45693153E-07    0.00000000E+00   -0.10275058E+00   -0.14003208E+00   -0.86465949E-02   -0.32994409E-07    0.39780589E-06    0.00000000E+00   -0.25405311E-01   -0.12347708E+00   -0.17871890E-05   -0.26043488E-08    0.37726549E-06
 90.0000    0.54341186E-01   -0.21459898E+00   -0.58564798E-01   -0.23990279E-01   -0.10834185E-06    0.71829241E-07    0.12099093E+00    0.10472688E+00   -0.16261256E-01    0.22813371E-05   -0.20867069E-07    0.29159712E-07    0.00000000E+00   -0.14382102E+00   -0.88004313E-01   -0.66590359E-02   -0.13871077E-07    0.25686892E-06    0.00000000E+00    0.16269141E-01   -0.97470155E-01   -0.10878335E-05   -0.20745266E-07    0.27911583E-06
100.0000    0.64094115E-01   -0.17730419E+00   -0.31685530E-01   -0.19791774E-01   -0.64891164E-07    0.32587471E-07    0.96505284E-01    0.11782532E+00   -0.18584535E-02    0.24461862E-05   -0.22544841E-08    0.34629369E-08    0.00000000E+00   -0.15105061E+00   -0.56879455E-01   -0.41708321E-02   -0.26878123E-07    0.14810811E-06    0.00000000E+00    0.18668117E-02   -0.14672287E-01   -0.31537789E-06    0.27011312E-07    0.72149725E-07
110.0000    0.69251089E-01   -0.14987678E+00   -0.38659389E-01   -0.15732545E-01   -0.68314160E-07    0.50619135E-07    0.79714447E-01    0.67965928E-01    0.16787245E-01    0.24775290E-05    0.21516338E-07   -0.30128615E-07    0.00000000E+00   -0.14639395E+00    0.34127822E-02   -0.14409496E-02    0.51825112E-08   -0.53167088E-08    0.00000000E+00   -0.16778585E-01   -0.10851560E-01    0.21149050E-06   -0.14982807E-07    0.18401366E-07
120.0000    0.64514253E-01   -0.10507594E+00   -0.27449284E-01   -0.11935979E-01   -0.48674845E-07    0.35771233E-07    0.60204733E-01    0.54982315E-01   -0.19491891E-01    0.22466618E-05   -0.24717303E-07    0.35248332E-07    0.00000000E+00   -0.15377547E+00    0.44337931E-01    0.13204502E-02    0.11573678E-07   -0.12482931E-06    0.00000000E+00    0.19499606E-01    0.34042117E-01    0.77487159E-06   -0.68453401E-08   -0.11157388E-06
130.0000    0.62381492E-01   -0.92176137E-01   -0.88988822E-02   -0.85150390E-02   -0.20003972E-07    0.73729065E-08    0.40779841E-01    0.59367463E-01    0.86716106E-02    0.20822474E-05    0.10860824E-07   -0.15816866E-07    0.00000000E+00   -0.12980552E+00    0.73886592E-01    0.39402220E-02    0.61336065E-08   -0.22117407E-06    0.00000000E+00   -0.86644831E-02    0.94321250E-01    0.13179170E-05    0.23742897E-07   -0.26643078E-06
140.0000    0.54201957E-01   -0.70928441E-01   -0.20844773E-01   -0.55701188E-02   -0.33122796E-07    0.31004899E-07    0.29882790E-01    0.10314516E-01    0.91290236E-02    0.17715854E-05    0.11674805E-07   -0.16410089E-07    0.00000000E+00   -0.11025817E+00    0.12443613E+00    0.62757496E-02    0.38815913E-07   -0.34400440E-06    0.00000000E+00   -0.91227642E-02    0.81775076E-01    0.16229778E-05   -0.24889342E-07   -0.27646547E-06
150.0000    0.40079280E-01   -0.38394665E-01   -0.36574466E-02   -0.31865903E-02   -0.77814442E-08    0.34704711E-08    0.15375360E-01    0.21540482E-01   -0.23002919E-01    0.13063364E-05   -0.29353667E-07    0.41413435E-07    0.00000000E+00   -0.98133340E-01    0.14139451E+00    0.82114822E-02    0.29312973E-07   -0.40567876E-06    0.00000000E+00    0.23007381E-01    0.13395066E+00    0.20130581E-05    0.79775848E-08   -0.40411360E-06
160.0000    0.31728864E-01   -0.40962873E-01    0.47397319E-02   -0.14333796E-02    0.51853210E-08   -0.93961804E-08    0.55781576E-02    0.21779512E-01    0.23139104E-01    0.99715714E-06    0.29248787E-07   -0.41937282E-07    0.00000000E+00   -0.53027684E-01    0.15770322E+00    0.96580944E-02    0.27968349E-07   -0.45719615E-06    0.00000000E+00   -0.23135782E-01    0.16257701E+00    0.22685972E-05    0.20220954E-07   -0.47993749E-06
170.0000    0.14717879E-01   -0.13820965E-01   -0.19286263E-01   -0.36098862E-03   -0.26149717E-07    0.33183315E-07    0.57169581E-02   -0.33320467E-01   -0.34146226E-02    0.46991080E-06   -0.40159800E-08    0.64889021E-08    0.00000000E+00   -0.32745604E-01    0.19378685E+00    0.10551748E-01    0.66234739E-07   -0.52993889E-06    0.00000000E+00    0.34161407E-02    0.11258521E+00    0.22721998E-05   -0.49574621E-07   -0.39593627E-06
179.9000    0.30213980E-01   -0.12637279E+00   -0.11961465E+00   -0.37861262E-06   -0.16081468E-06    0.20717263E-06    0.24645872E-01   -0.22610173E+00    0.29768305E+00    0.76812697E-06    0.37811358E-06   -0.53769051E-06    0.00000000E+00    0.11131453E+00    0.28800936E+00    0.10854142E-01    0.20278870E-06   -0.68325484E-06    0.00000000E+00   -0.29767991E+00   -0.11666695E+00    0.17739918E-05   -0.31999884E-06    0.38920043E-07
180.0000    0.00000000E+00    0.00000000E+00    0.00000000E+00    0.00000000E+00    0.00000000E+00    0.00000000E+00    0.00000000E+00    0.00000000E+00    0.00000000E+00    0.00000000E+00    0.00000000E+00    0.00000000E+00    0.00000000E+00    0.00000000E+00   -0.47091382E+01   -0.48052431E+03   -0.72792758E-05    0.72081058E-05    0.00000000E+00    0.00000000E+00    0.12817014E+02    0.13078586E+04    0.14600932E-04   -0.24829845E-04
