  0.0000    0.00000000E+00    0.00000000E+00    0.00000000E+00    0.00000000E+00    0.00000000E+00    0.00000000E+00    0.00000000E+00    0.00000000E+00    0.00000000E+00    0.00000000E+00    0.00000000E+00    0.00000000E+00    0.00000000E+00    0.00000000E+00   -0.41036630E+04   -0.21321777E+02   -0.20592083E-01   -0.79674098E-02    0.00000000E+00    0.00000000E+00    0.48441585E+05    0.42213869E+02    0.41151820E-01   -0.10787582E+00
  0.0003   -0.34895625E+01   -0.34896588E+01   -0.57183794E-01   -0.43461993E-04   -0.83376488E-07    0.92546030E-07   -0.13406103E+03   -0.13419159E+03   -0.79940395E+02   -0.69646522E-01   -0.10181018E-03    0.14412166E-03    0.00000000E+00   -0.64217103E+01   -0.41035822E+04   -0.21321690E+02   -0.20591917E-01   -0.79674921E-02    0.00000000E+00    0.79806798E+02    0.48441257E+05    0.42213696E+02    0.41151487E-01   -0.10787514E+00
  0.0004   -0.46527369E+01   -0.46529653E+01   -0.10165957E+00   -0.77265503E-04   -0.14822415E-06    0.16452542E-06   -0.13406000E+03   -0.13429210E+03   -0.10658665E+03   -0.92861735E-01   -0.13574621E-03    0.19216123E-03    0.00000000E+00   -0.85621503E+01   -0.41035193E+04   -0.21321623E+02   -0.20591787E-01   -0.79675561E-02    0.00000000E+00    0.10640852E+03    0.48441003E+05    0.42213561E+02    0.41151228E-01   -0.10787462E+00
  0.0005   -0.58159002E+01   -0.58163462E+01   -0.15884204E+00   -0.12072682E-03   -0.23159880E-06    0.25706923E-06   -0.13405867E+03   -0.13442133E+03   -0.13323244E+03   -0.11607670E+00   -0.16968165E-03    0.24019997E-03    0.00000000E+00   -0.10702479E+02   -0.41034385E+04   -0.21321536E+02   -0.20591621E-01   -0.79676383E-02    0.00000000E+00    0.13300978E+03    0.48440675E+05    0.42213388E+02    0.41150895E-01   -0.10787394E+00
  0.0006   -0.69790494E+01   -0.69798202E+01   -0.22873073E+00   -0.17384570E-03   -0.33349974E-06    0.37017665E-06   -0.13405705E+03   -0.13457927E+03   -0.15987765E+03   -0.13929134E+00   -0.20361636E-03    0.28823766E-03    0.00000000E+00   -0.12842668E+02   -0.41033397E+04   -0.21321430E+02   -0.20591418E-01   -0.79677389E-02    0.00000000E+00    0.15961046E+03    0.48440274E+05    0.42213176E+02    0.41150488E-01   -0.10787311E+00
  0.0007   -0.81421819E+01   -0.81434058E+01   -0.31132502E+00   -0.23662183E-03   -0.45392612E-06    0.50384666E-06   -0.13405513E+03   -0.13476593E+03   -0.18652216E+03   -0.16250561E+00   -0.23755017E-03    0.33627409E-03    0.00000000E+00   -0.14982690E+02   -0.41032230E+04   -0.21321305E+02   -0.20591177E-01   -0.79678577E-02    0.00000000E+00    0.18621045E+03    0.48439801E+05    0.42212926E+02    0.41150007E-01   -0.10787214E+00
  0.0008   -0.93052947E+01   -0.93071217E+01   -0.40662421E+00   -0.30905484E-03   -0.59287696E-06    0.65807806E-06   -0.13405292E+03   -0.13498129E+03   -0.21316586E+03   -0.18571944E+00   -0.27148295E-03    0.38430905E-03    0.00000000E+00   -0.17122516E+02   -0.41030883E+04   -0.21321161E+02   -0.20590900E-01   -0.79679948E-02    0.00000000E+00    0.21280962E+03    0.48439254E+05    0.42212637E+02    0.41149453E-01   -0.10787101E+00
  0.0009   -0.10468385E+02   -0.10470987E+02   -0.51462746E+00   -0.39114431E-03   -0.75035110E-06    0.83286947E-06   -0.13405041E+03   -0.13522537E+03   -0.23980863E+03   -0.20893277E+00   -0.30541454E-03    0.43234234E-03    0.00000000E+00   -0.19262120E+02   -0.41029356E+04   -0.21320997E+02   -0.20590586E-01   -0.79681502E-02    0.00000000E+00    0.23940786E+03    0.48438635E+05    0.42212309E+02    0.41148824E-01   -0.10786974E+00
  0.0010   -0.11631451E+02   -0.11635019E+02   -0.63533385E+00   -0.48288978E-03   -0.92634723E-06    0.10282193E-05   -0.13404761E+03   -0.13549816E+03   -0.26645035E+03   -0.23214553E+00   -0.33934480E-03    0.48037374E-03    0.00000000E+00   -0.21401473E+02   -0.41027650E+04   -0.21320814E+02   -0.20590235E-01   -0.79683239E-02    0.00000000E+00    0.26600506E+03    0.48437943E+05    0.42211943E+02    0.41148121E-01   -0.10786831E+00
  0.0012   -0.13957494E+02   -0.13963660E+02   -0.91485175E+00   -0.69534648E-03   -0.13338995E-05    0.14805871E-05   -0.13404112E+03   -0.13612984E+03   -0.31973019E+03   -0.27856910E+00   -0.40720074E-03    0.57643004E-03    0.00000000E+00   -0.25679314E+02   -0.41023699E+04   -0.21320391E+02   -0.20589421E-01   -0.79687260E-02    0.00000000E+00    0.31919586E+03    0.48436341E+05    0.42211096E+02    0.41146494E-01   -0.10786501E+00
  0.0014   -0.16283404E+02   -0.16293195E+02   -0.12451683E+01   -0.94642003E-03   -0.18155202E-05    0.20151653E-05   -0.13403345E+03   -0.13687633E+03   -0.37300445E+03   -0.32498965E+00   -0.47504957E-03    0.67247628E-03    0.00000000E+00   -0.29955818E+02   -0.41019030E+04   -0.21319890E+02   -0.20588460E-01   -0.79692012E-02    0.00000000E+00    0.37238109E+03    0.48434447E+05    0.42210095E+02    0.41144571E-01   -0.10786111E+00
  0.0015   -0.17446301E+02   -0.17458343E+02   -0.14293725E+01   -0.10864363E-02   -0.20841014E-05    0.23132774E-05   -0.13402918E+03   -0.13729262E+03   -0.39963920E+03   -0.34819863E+00   -0.50897095E-03    0.72049511E-03    0.00000000E+00   -0.32093498E+02   -0.41016427E+04   -0.21319611E+02   -0.20587924E-01   -0.79694662E-02    0.00000000E+00    0.39897133E+03    0.48433391E+05    0.42209536E+02    0.41143499E-01   -0.10785893E+00
  0.0016   -0.18609157E+02   -0.18623771E+02   -0.16262719E+01   -0.12361046E-02   -0.23711935E-05    0.26319347E-05   -0.13402461E+03   -0.13773760E+03   -0.42627220E+03   -0.37140667E+00   -0.54289011E-03    0.76851079E-03    0.00000000E+00   -0.34230761E+02   -0.41013644E+04   -0.21319313E+02   -0.20587351E-01   -0.79697495E-02    0.00000000E+00    0.42555983E+03    0.48432263E+05    0.42208939E+02    0.41142353E-01   -0.10785660E+00
  0.0017   -0.19771968E+02   -0.19789496E+02   -0.18358649E+01   -0.13954239E-02   -0.26767942E-05    0.29711343E-05   -0.13401974E+03   -0.13821127E+03   -0.45290334E+03   -0.39461371E+00   -0.57680690E-03    0.81652312E-03    0.00000000E+00   -0.36367577E+02   -0.41010681E+04   -0.21318995E+02   -0.20586741E-01   -0.79700510E-02    0.00000000E+00    0.45214647E+03    0.48431061E+05    0.42208304E+02    0.41141133E-01   -0.10785413E+00
  0.0018   -0.20934731E+02   -0.20955538E+02   -0.20581496E+01   -0.15643934E-02   -0.30009009E-05    0.33308731E-05   -0.13401458E+03   -0.13871362E+03   -0.47953251E+03   -0.41781967E+00   -0.61072118E-03    0.86453188E-03    0.00000000E+00   -0.38503920E+02   -0.41007539E+04   -0.21318658E+02   -0.20586095E-01   -0.79703708E-02    0.00000000E+00    0.47873114E+03    0.48429787E+05    0.42207630E+02    0.41139839E-01   -0.10785150E+00
  0.0019   -0.22097444E+02   -0.22121914E+02   -0.22931241E+01   -0.17430121E-02   -0.33435110E-05    0.37111480E-05   -0.13400913E+03   -0.13924465E+03   -0.50615959E+03   -0.44102451E+00   -0.64463279E-03    0.91253688E-03    0.00000000E+00   -0.40639762E+02   -0.41004218E+04   -0.21318302E+02   -0.20585411E-01   -0.79707089E-02    0.00000000E+00    0.50531372E+03    0.48428439E+05    0.42206917E+02    0.41138471E-01   -0.10784872E+00
  0.0020   -0.23260103E+02   -0.23288644E+02   -0.25407864E+01   -0.19312789E-02   -0.37046216E-05    0.41119556E-05   -0.13400338E+03   -0.13980435E+03   -0.53278446E+03   -0.46422814E+00   -0.67854159E-03    0.96053789E-03    0.00000000E+00   -0.42775074E+02   -0.41000717E+04   -0.21317927E+02   -0.20584690E-01   -0.79710652E-02    0.00000000E+00    0.53189410E+03    0.48427020E+05    0.42206166E+02    0.41137029E-01   -0.10784580E+00
  0.0030   -0.34883163E+02   -0.34979455E+02   -0.57147113E+01   -0.43443271E-02   -0.83325221E-05    0.92484449E-05   -0.13392973E+03   -0.14697742E+03   -0.79888619E+03   -0.69618497E+00   -0.10174425E-02    0.14402831E-02    0.00000000E+00   -0.64092961E+02   -0.40955850E+04   -0.21313116E+02   -0.20575453E-01   -0.79756311E-02    0.00000000E+00    0.79755120E+03    0.48408820E+05    0.42196541E+02    0.41118549E-01   -0.10780829E+00
  0.0040   -0.46497841E+02   -0.46725982E+02   -0.10154367E+02   -0.77206349E-02   -0.14806217E-04    0.16433085E-04   -0.13382677E+03   -0.15701145E+03   -0.10646396E+04   -0.92795323E+00   -0.13558998E-02    0.19194002E-02    0.00000000E+00   -0.85327359E+02   -0.40893084E+04   -0.21306383E+02   -0.20562529E-01   -0.79820172E-02    0.00000000E+00    0.10628607E+04    0.48383356E+05    0.42183071E+02    0.41092694E-01   -0.10775581E+00
  0.0050   -0.58101353E+02   -0.58546675E+02   -0.15855920E+02   -0.12058245E-01   -0.23120348E-04    0.25659440E-04   -0.13369466E+03   -0.16989819E+03   -0.13299291E+04   -0.11594703E+01   -0.16937664E-02    0.23976809E-02    0.00000000E+00   -0.10645058E+03   -0.40812463E+04   -0.21297732E+02   -0.20545927E-01   -0.79902173E-02    0.00000000E+00    0.13277071E+04    0.48350643E+05    0.42165762E+02    0.41059478E-01   -0.10768838E+00
  0.0060   -0.69690927E+02   -0.70459885E+02   -0.22814450E+02   -0.17354644E-01   -0.33268039E-04    0.36919251E-04   -0.13353359E+03   -0.18562707E+03   -0.15946396E+04   -0.13906736E+01   -0.20308956E-02    0.28749175E-02    0.00000000E+00   -0.12743508E+03   -0.40714047E+04   -0.21287166E+02   -0.20525656E-01   -0.80002234E-02    0.00000000E+00    0.15919755E+04    0.48310698E+05    0.42144623E+02    0.41018924E-01   -0.10760604E+00
  0.0070   -0.81263805E+02   -0.82483831E+02   -0.31023956E+02   -0.23606765E-01   -0.45240900E-04    0.50202444E-04   -0.13334379E+03   -0.20418516E+03   -0.18586562E+04   -0.16215010E+01   -0.23671414E-02    0.33509031E-02    0.00000000E+00   -0.14825344E+03   -0.40597908E+04   -0.21274690E+02   -0.20501729E-01   -0.80120260E-02    0.00000000E+00    0.18555514E+04    0.48263545E+05    0.42119661E+02    0.40971055E-01   -0.10750885E+00
  0.0080   -0.92817241E+02   -0.94636582E+02   -0.40477364E+02   -0.30810992E-01   -0.59029044E-04    0.65497144E-04   -0.13312555E+03   -0.22555725E+03   -0.21218650E+04   -0.18518904E+01   -0.27023585E-02    0.38254322E-02    0.00000000E+00   -0.16887846E+03   -0.40464132E+04   -0.21260309E+02   -0.20474162E-01   -0.80256135E-02    0.00000000E+00    0.21183211E+04    0.48209213E+05    0.42090889E+02    0.40915903E-01   -0.10739685E+00
  0.0090   -0.10434851E+03   -0.10693603E+03   -0.51166536E+02   -0.38963162E-01   -0.74621093E-04    0.82789691E-04   -0.13287919E+03   -0.24972582E+03   -0.23841527E+04   -0.20817801E+01   -0.30364025E-02    0.42983004E-02    0.00000000E+00   -0.18928314E+03   -0.40312817E+04   -0.21244029E+02   -0.20442970E-01   -0.80409729E-02    0.00000000E+00    0.23801713E+04    0.48147732E+05    0.42058318E+02    0.40853500E-01   -0.10727011E+00
  0.0100   -0.11585490E+03   -0.11939985E+03   -0.63082279E+02   -0.48058569E-01   -0.92004197E-04    0.10206466E-03   -0.13260508E+03   -0.27667109E+03   -0.26454067E+04   -0.23111088E+01   -0.33691304E-02    0.47693049E-02    0.00000000E+00   -0.20944073E+03   -0.40144074E+04   -0.21225858E+02   -0.20408173E-01   -0.80580893E-02    0.00000000E+00    0.26409899E+04    0.48079138E+05    0.42021963E+02    0.40783885E-01   -0.10712870E+00
  0.0120   -0.13878235E+03   -0.14489024E+03   -0.90551508E+02   -0.69057590E-01   -0.13208489E-03    0.14649140E-03   -0.13197521E+03   -0.33880137E+03   -0.31643686E+04   -0.27678396E+01   -0.40300705E-02    0.57049200E-02    0.00000000E+00   -0.24890910E+03   -0.39754809E+04   -0.21183874E+02   -0.20327855E-01   -0.80975257E-02    0.00000000E+00    0.31590876E+04    0.47920775E+05    0.41937965E+02    0.40623197E-01   -0.10680220E+00
  0.0140   -0.16157842E+03   -0.17124427E+03   -0.12279091E+03   -0.93759757E-01   -0.17913948E-03    0.19861939E-03   -0.13123964E+03   -0.41174541E+03   -0.36778710E+04   -0.32216003E+01   -0.46840586E-02    0.66306914E-02    0.00000000E+00   -0.28707570E+03   -0.39297472E+04   -0.21134428E+02   -0.20233403E-01   -0.81437708E-02    0.00000000E+00    0.36717362E+04    0.47734489E+05    0.41839038E+02    0.40434234E-01   -0.10641806E+00
  0.0160   -0.18422243E+03   -0.19859370E+03   -0.15969034E+03   -0.12210846E+00   -0.23301394E-03    0.25826382E-03   -0.13040266E+03   -0.49526602E+03   -0.41850539E+04   -0.36719166E+01   -0.53299994E-02    0.75450683E-02    0.00000000E+00   -0.32373850E+03   -0.38773395E+04   -0.21077606E+02   -0.20125050E-01   -0.81966472E-02    0.00000000E+00    0.41780772E+04    0.47520711E+05    0.41725354E+02    0.40217460E-01   -0.10597716E+00
  0.0180   -0.20669422E+03   -0.22706484E+03   -0.20112423E+03   -0.15403898E+00   -0.29353261E-03    0.32521403E-03   -0.12946913E+03   -0.58909269E+03   -0.46850795E+04   -0.41183236E+01   -0.59668262E-02    0.84465402E-02    0.00000000E+00   -0.35870219E+03   -0.38184094E+04   -0.21013505E+02   -0.20003060E-01   -0.82559525E-02    0.00000000E+00    0.46772746E+04    0.47279929E+05    0.41597107E+02    0.39973404E-01   -0.10548047E+00
  0.0200   -0.22897424E+03   -0.25677782E+03   -0.24695218E+03   -0.18947880E+00   -0.36049906E-03    0.39923454E-03   -0.12844446E+03   -0.69292287E+03   -0.51771354E+04   -0.45603670E+01   -0.65935046E-02    0.93336424E-02    0.00000000E+00   -0.39177905E+03   -0.37531267E+04   -0.20942235E+02   -0.19867730E-01   -0.83214604E-02    0.00000000E+00    0.51685175E+04    0.47012694E+05    0.41454515E+02    0.39702658E-01   -0.10492908E+00
  0.0220   -0.25104363E+03   -0.28784598E+03   -0.29701970E+03   -0.22834782E+00   -0.43369705E-03    0.48006628E-03   -0.12733451E+03   -0.80642345E+03   -0.56604373E+04   -0.49976039E+01   -0.72090357E-02    0.10204961E-01    0.00000000E+00   -0.42278973E+03   -0.36816787E+04   -0.20863916E+02   -0.19719386E-01   -0.83929221E-02    0.00000000E+00    0.56510232E+04    0.46719610E+05    0.41297820E+02    0.39405875E-01   -0.10432421E+00
  0.0240   -0.27288424E+03   -0.32037528E+03   -0.35115892E+03   -0.27055873E+00   -0.51289157E-03    0.56742782E-03   -0.12614564E+03   -0.92923237E+03   -0.61342316E+04   -0.54296048E+01   -0.78124600E-02    0.11059136E-01    0.00000000E+00   -0.45156401E+03   -0.36042688E+04   -0.20778680E+02   -0.19558384E-01   -0.84700671E-02    0.00000000E+00    0.61240395E+04    0.46401338E+05    0.41127286E+02    0.39083768E-01   -0.10366717E+00
  0.0260   -0.29447871E+03   -0.35446371E+03   -0.40918946E+03   -0.31601734E+00   -0.59783000E-03    0.66101687E-03   -0.12488457E+03   -0.10609603E+04   -0.65977976E+04   -0.58559538E+01   -0.84028596E-02    0.11894870E-01    0.00000000E+00   -0.47794152E+03   -0.35211161E+04   -0.20686669E+02   -0.19385108E-01   -0.85526048E-02    0.00000000E+00    0.65868472E+04    0.46058589E+05    0.40943197E+02    0.38737103E-01   -0.10295939E+00
  0.0280   -0.31581050E+03   -0.39020082E+03   -0.47091928E+03   -0.36462293E+00   -0.68824327E-03    0.76051168E-03   -0.12355840E+03   -0.12011926E+04   -0.70504500E+04   -0.62762499E+01   -0.89793620E-02    0.12710925E-01    0.00000000E+00   -0.50177235E+03   -0.34324540E+04   -0.20588036E+02   -0.19199965E-01   -0.86402261E-02    0.00000000E+00    0.70387623E+04    0.45692122E+05    0.40745860E+02    0.38366699E-01   -0.10220238E+00
  0.0300   -0.33686398E+03   -0.42766726E+03   -0.53614562E+03   -0.41626866E+00   -0.78384720E-03    0.86557270E-03   -0.12217450E+03   -0.13494910E+04   -0.74915408E+04   -0.66901081E+01   -0.95411418E-02    0.13506135E-01    0.00000000E+00   -0.52291764E+03   -0.33385295E+04   -0.20482944E+02   -0.19003391E-01   -0.87326044E-02    0.00000000E+00    0.74791382E+04    0.45302743E+05    0.40535599E+02    0.37973421E-01   -0.10139776E+00
  0.0400   -0.43747432E+03   -0.64309380E+03   -0.90700494E+03   -0.71598421E+00   -0.13288940E-02    0.14614524E-02   -0.11466116E+03   -0.21952670E+04   -0.95037215E+04   -0.86505611E+01   -0.12103930E-01    0.17133700E-01    0.00000000E+00   -0.58433588E+03   -0.27994123E+04   -0.19866870E+02   -0.17865655E-01   -0.92534306E-02    0.00000000E+00    0.94881226E+04    0.43043091E+05    0.39302997E+02    0.35697192E-01   -0.96722299E-01
  0.0500   -0.52933281E+03   -0.90820624E+03   -0.13304998E+04   -0.10729150E+01   -0.19548481E-02    0.21383547E-02   -0.10688377E+03   -0.31672881E+04   -0.11153808E+05   -0.10402688E+02   -0.14205631E-01    0.20108393E-01    0.00000000E+00   -0.56486973E+03   -0.21714643E+04   -0.19118153E+02   -0.16517648E-01   -0.98372682E-02    0.00000000E+00    0.11135735E+05    0.40351397E+05    0.37805000E+02    0.33000240E-01   -0.91138418E-01
  0.0600   -0.61159072E+03   -0.12217887E+04   -0.17755382E+04   -0.14695097E+01   -0.26178455E-02    0.28444913E-02   -0.99761546E+02   -0.41977199E+04   -0.12410125E+05   -0.11919879E+02   -0.15805909E-01    0.22373098E-01    0.00000000E+00   -0.46147799E+03   -0.14934847E+04   -0.18264246E+02   -0.15028882E-01   -0.10434266E-01    0.00000000E+00    0.12390387E+05    0.37357899E+05    0.36096524E+02    0.30021613E-01   -0.84907725E-01
  0.0700   -0.68398275E+03   -0.15766859E+04   -0.22122737E+04   -0.18878551E+01   -0.32755204E-02    0.35304072E-02   -0.94000444E+02   -0.52208724E+04   -0.13269019E+05   -0.13188397E+02   -0.16900113E-01    0.23921231E-01    0.00000000E+00   -0.27894269E+03   -0.80355269E+03   -0.17333863E+02   -0.13468878E-01   -0.10996797E-01    0.00000000E+00    0.13248469E+05    0.34193815E+05    0.34235016E+02    0.26900381E-01   -0.78294845E-01
  0.0800   -0.74671620E+03   -0.19610194E+04   -0.26149448E+04   -0.23110308E+01   -0.38909506E-02    0.41537704E-02   -0.89989983E+02   -0.61792819E+04   -0.13751664E+05   -0.14206643E+02   -0.17515202E-01    0.24790968E-01    0.00000000E+00   -0.28623419E+02   -0.13566308E+03   -0.16355060E+02   -0.11901475E-01   -0.11484116E-01    0.00000000E+00    0.13731150E+05    0.30980936E+05    0.32276601E+02    0.23764245E-01   -0.71546750E-01
  0.0900   -0.80031764E+03   -0.23599468E+04   -0.29638908E+04   -0.27241908E+01   -0.44354888E-02    0.46827437E-02   -0.87768126E+02   -0.70281144E+04   -0.13898564E+05   -0.14983463E+02   -0.17702756E-01    0.25055344E-01    0.00000000E+00    0.27347383E+03    0.48276970E+03   -0.15353626E+02   -0.10380473E-01   -0.11865685E-01    0.00000000E+00    0.13878899E+05    0.27823552E+05    0.30272876E+02    0.20720835E-01   -0.64876655E-01
  0.1000   -0.84547063E+03   -0.27576450E+04   -0.32465536E+04   -0.31152810E+01   -0.48902119E-02    0.50976158E-02   -0.87056842E+02   -0.77374722E+04   -0.13762771E+05   -0.15535803E+02   -0.17530328E-01    0.24810014E-01    0.00000000E+00    0.60896587E+03    0.10323075E+04   -0.14351929E+02   -0.89470128E-02   -0.12122845E-01    0.00000000E+00    0.13744697E+05    0.24803444E+05    0.28268594E+02    0.17852459E-01   -0.58453853E-01
  0.1100   -0.88287592E+03   -0.31391901E+04   -0.34574535E+04   -0.34753624E+01   -0.52459693E-02    0.53906795E-02   -0.87355913E+02   -0.82925607E+04   -0.13402886E+05   -0.15886098E+02   -0.17072539E-01    0.24160638E-01    0.00000000E+00    0.95933335E+03    0.15017455E+04   -0.13368267E+02   -0.76287714E-02   -0.12248801E-01    0.00000000E+00    0.13387056E+05    0.21978130E+05    0.26300368E+02    0.15214491E-01   -0.52399910E-01
  0.1200   -0.91315699E+03   -0.34920560E+04   -0.35972977E+04   -0.37985701E+01   -0.55022371E-02    0.55646339E-02   -0.88070869E+02   -0.86920162E+04   -0.12876822E+05   -0.16059722E+02   -0.16403134E-01    0.23211638E-01    0.00000000E+00    0.13078137E+04    0.18873723E+04   -0.12416699E+02   -0.64407790E-02   -0.12247167E-01    0.00000000E+00    0.12863791E+05    0.19382011E+05    0.24396330E+02    0.12837013E-01   -0.46790582E-01
  0.1300   -0.93682116E+03   -0.38070553E+04   -0.36714962E+04   -0.40817866E+01   -0.56651494E-02    0.56299887E-02   -0.88645257E+02   -0.89449490E+04   -0.12237043E+05   -0.16082787E+02   -0.15588919E-01    0.22057610E-01    0.00000000E+00    0.16407243E+04    0.21915123E+04   -0.11507275E+02   -0.53874463E-02   -0.12129503E-01    0.00000000E+00    0.12227266E+05    0.17029737E+05    0.22576597E+02    0.10728865E-01   -0.41662100E-01
  0.1400   -0.95427273E+03   -0.40786627E+04   -0.36884206E+04   -0.43241341E+01   -0.57451567E-02    0.56020485E-02   -0.88668814E+02   -0.90673779E+04   -0.11527634E+05   -0.15980466E+02   -0.14686032E-01    0.20778043E-01    0.00000000E+00    0.19481212E+04    0.24206976E+04   -0.10646550E+02   -0.44652656E-02   -0.11912397E-01    0.00000000E+00    0.11521469E+05    0.14920840E+05    0.20854295E+02    0.88830473E-02   -0.37020024E-01
  0.1500   -0.96586312E+03   -0.43047791E+04   -0.36577262E+04   -0.45263977E+01   -0.57547484E-02    0.54980271E-02   -0.87940732E+02   -0.90787198E+04   -0.10783201E+05   -0.15775896E+02   -0.13738538E-01    0.19435334E-01    0.00000000E+00    0.22238230E+04    0.25838163E+04   -0.98382381E+01   -0.36656485E-02   -0.11614605E-01    0.00000000E+00    0.10780916E+05    0.13044693E+05    0.19236865E+02    0.72823942E-02   -0.32848823E-01
  0.1600   -0.97195634E+03   -0.44860861E+04   -0.35889860E+04   -0.46904745E+01   -0.57065803E-02    0.53347202E-02   -0.86478986E+02   -0.89988627E+04   -0.10029292E+05   -0.15489634E+02   -0.12778969E-01    0.18075546E-01    0.00000000E+00    0.24649358E+04    0.26905220E+04   -0.90838901E+01   -0.29774461E-02   -0.11254676E-01    0.00000000E+00    0.10031076E+05    0.11384987E+05    0.17727418E+02    0.59046191E-02   -0.29120610E-01
  0.1700   -0.97298710E+03   -0.46251876E+04   -0.34907846E+04   -0.48189170E+01   -0.56122082E-02    0.51269816E-02   -0.84479700E+02   -0.88461397E+04   -0.92838407E+04   -0.15139537E+02   -0.11830162E-01    0.16731018E-01    0.00000000E+00    0.26710756E+04    0.27500823E+04   -0.83834988E+01   -0.23888600E-02   -0.10849324E-01    0.00000000E+00    0.92898130E+04    0.99231951E+04    0.16325954E+02    0.47261333E-02   -0.25801982E-01
  0.1800   -0.96949366E+03   -0.47257379E+04   -0.33702956E+04   -0.49146029E+01   -0.54814702E-02    0.48870423E-02   -0.82241487E+02   -0.86362853E+04   -0.85590713E+04   -0.14740928E+02   -0.10907682E-01    0.15423788E-01    0.00000000E+00    0.28434974E+04    0.27707255E+04   -0.77359822E+01   -0.18886268E-02   -0.10412598E-01    0.00000000E+00    0.85692912E+04    0.86408079E+04    0.15030316E+02    0.37244166E-02   -0.22858512E-01
  0.1900   -0.96211629E+03   -0.47917176E+04   -0.32332712E+04   -0.49805307E+01   -0.53224237E-02    0.46245415E-02   -0.80076361E+02   -0.83822492E+04   -0.78633467E+04   -0.14306899E+02   -0.10022178E-01    0.14168938E-01    0.00000000E+00    0.29843121E+04    0.27594354E+04   -0.71395268E+01   -0.14665307E-02   -0.99557686E-02    0.00000000E+00    0.78778224E+04    0.75203973E+04    0.13836888E+02    0.28790424E-02   -0.20257010E-01
  0.2000   -0.95156245E+03   -0.48269519E+04   -0.30843037E+04   -0.50197162E+01   -0.51416526E-02    0.43470230E-02   -0.78229764E+02   -0.80945998E+04   -0.72026201E+04   -0.13848616E+02   -0.91812295E-02    0.12977200E-01    0.00000000E+00    0.30959113E+04    0.27220706E+04   -0.65918110E+01   -0.11134161E-02   -0.94877033E-02    0.00000000E+00    0.72213160E+04    0.65458094E+04    0.12741034E+02    0.21717031E-02   -0.17966087E-01
  0.2100   -0.93854862E+03   -0.48348934E+04   -0.29271955E+04   -0.50351502E+01   -0.49447289E-02    0.40606128E-02   -0.76827763E+02   -0.77821964E+04   -0.65813197E+04   -0.13375572E+02   -0.83904761E-02    0.11856560E-01    0.00000000E+00    0.31806438E+04    0.26636466E+04   -0.60901436E+01   -0.82092864E-03   -0.90154780E-02    0.00000000E+00    0.66041629E+04    0.57018640E+04    0.11737378E+02    0.15856928E-02   -0.15955750E-01
  0.2200   -0.92373464E+03   -0.48186245E+04   -0.27652950E+04   -0.50297816E+01   -0.47366358E-02    0.37706285E-02   -0.75861058E+02   -0.74528383E+04   -0.60026939E+04   -0.12895746E+02   -0.76540535E-02    0.10812875E-01    0.00000000E+00    0.32407214E+04    0.25886343E+04   -0.56315580E+01   -0.58120541E-03   -0.85449838E-02    0.00000000E+00    0.60295798E+04    0.49739407E+04    0.10819993E+02    0.11052871E-02   -0.14196744E-01
  0.2300   -0.90766742E+03   -0.47809940E+04   -0.26017019E+04   -0.50064932E+01   -0.45220238E-02    0.34819561E-02   -0.75205434E+02   -0.71136874E+04   -0.54687749E+04   -0.12415697E+02   -0.69745493E-02    0.98498092E-02    0.00000000E+00    0.32782815E+04    0.25011652E+04   -0.52128974E+01   -0.38667515E-03   -0.80813600E-02    0.00000000E+00    0.54995732E+04    0.43477298E+04    0.99825698E+01    0.71534445E-03   -0.12660186E-01
  0.2400   -0.89074740E+03   -0.47247895E+04   -0.24393115E+04   -0.49680586E+01   -0.43052563E-02    0.31991395E-02   -0.74669295E+02   -0.67713881E+04   -0.49801875E+04   -0.11940630E+02   -0.63527589E-02    0.89684899E-02    0.00000000E+00    0.32955135E+04    0.24050965E+04   -0.48309085E+01   -0.23004477E-03   -0.76291802E-02    0.00000000E+00    0.50147474E+04    0.38092842E+04    0.92186074E+01    0.40127886E-03   -0.11317756E-01
  0.2500   -0.87322480E+03   -0.46528604E+04   -0.22807219E+04   -0.49170801E+01   -0.40902759E-02    0.29262285E-02   -0.74053111E+02   -0.64319171E+04   -0.45360153E+04   -0.11474471E+02   -0.57875150E-02    0.81672645E-02    0.00000000E+00    0.32947635E+04    0.23039455E+04   -0.44823496E+01   -0.10446163E-03   -0.71924121E-02    0.00000000E+00    0.45741704E+04    0.33453558E+04    0.85216252E+01    0.14938470E-03   -0.10142402E-01
  0.2600   -0.85522438E+03   -0.45681428E+04   -0.21280700E+04   -0.48559195E+01   -0.38803799E-02    0.26664999E-02   -0.73204117E+02   -0.61002857E+04   -0.41338688E+04   -0.11019994E+02   -0.52757747E-02    0.74418251E-02    0.00000000E+00    0.32785595E+04    0.22007460E+04   -0.41640999E+01   -0.37769212E-05   -0.67742402E-02    0.00000000E+00    0.41754419E+04    0.29438946E+04    0.78853846E+01   -0.52636405E-04   -0.91093518E-02
  0.2700   -0.83679046E+03   -0.44735775E+04   -0.19828757E+04   -0.47866403E+01   -0.36780068E-02    0.24221915E-02   -0.72052497E+02   -0.57802417E+04   -0.37702019E+04   -0.10578998E+02   -0.48130224E-02    0.67857779E-02    0.00000000E+00    0.32495405E+04    0.20978991E+04   -0.38732562E+01    0.77193993E-04   -0.63768670E-02    0.00000000E+00    0.38150088E+04    0.25945306E+04    0.73040817E+01   -0.21515472E-03   -0.81970729E-02
  0.2800   -0.81793967E+03   -0.43719523E+04   -0.18459620E+04   -0.47109766E+01   -0.34846275E-02    0.21943641E-02   -0.70621470E+02   -0.54741085E+04   -0.34408249E+04   -0.10152537E+02   -0.43939228E-02    0.61915690E-02    0.00000000E+00    0.32103080E+04    0.19970849E+04   -0.36071988E+01    0.14251041E-03   -0.60014016E-02    0.00000000E+00    0.34886778E+04    0.22888784E+04    0.67724787E+01   -0.34629007E-03   -0.73878875E-02
  0.2900   -0.79870751E+03   -0.42657202E+04   -0.17174872E+04   -0.46303376E+01   -0.33007870E-02    0.19829594E-02   -0.69011218E+02   -0.51828346E+04   -0.31414952E+04   -0.97411562E+01   -0.40130733E-02    0.56515487E-02    0.00000000E+00    0.31632449E+04    0.18992743E+04   -0.33636161E+01    0.19510339E-03   -0.56479001E-02    0.00000000E+00    0.31922044E+04    0.20205601E+04    0.62859539E+01   -0.45190595E-03   -0.66680383E-02
  0.3000   -0.77917806E+03   -0.41568516E+04   -0.15970879E+04   -0.45458471E+01   -0.31262969E-02    0.17870483E-02   -0.67363535E+02   -0.49062599E+04   -0.28684428E+04   -0.93451044E+01   -0.36656729E-02    0.51589195E-02    0.00000000E+00    0.31103570E+04    0.18048477E+04   -0.31404891E+01    0.23693837E-03   -0.53155676E-02    0.00000000E+00    0.29218186E+04    0.17849385E+04    0.58404702E+01   -0.53593465E-03   -0.60271911E-02
  0.3100   -0.75949124E+03   -0.40467652E+04   -0.14840983E+04   -0.44584064E+01   -0.29605291E-02    0.16052105E-02   -0.65818559E+02   -0.46435342E+04   -0.26187109E+04   -0.89644996E+01   -0.33479567E-02    0.47083505E-02    0.00000000E+00    0.30531792E+04    0.17137923E+04   -0.29360431E+01    0.26930099E-03   -0.50030784E-02    0.00000000E+00    0.26745642E+04    0.15786308E+04    0.54324786E+01   -0.60094903E-03   -0.54575123E-02
  0.3200   -0.73982845E+03   -0.39363561E+04   -0.13777887E+04   -0.43687680E+01   -0.28027378E-02    0.14359465E-02   -0.64476039E+02   -0.43935825E+04   -0.23902495E+04   -0.85994166E+01   -0.30573142E-02    0.42961453E-02    0.00000000E+00    0.29927727E+04    0.16259272E+04   -0.27486842E+01    0.29313117E-03   -0.47089364E-02    0.00000000E+00    0.24483926E+04    0.13989359E+04    0.50587915E+01   -0.64883051E-03   -0.49525729E-02
  0.3300   -0.72038309E+03   -0.38261114E+04   -0.12775637E+04   -0.42775996E+01   -0.26523280E-02    0.12780203E-02   -0.63371278E+02   -0.41555034E+04   -0.21817684E+04   -0.82499063E+01   -0.27921022E-02    0.39199778E-02    0.00000000E+00    0.29298073E+04    0.15411028E+04   -0.25769377E+01    0.30932148E-03   -0.44317890E-02    0.00000000E+00    0.22420149E+04    0.12433178E+04    0.47164593E+01   -0.68136591E-03   -0.45063585E-02
  0.3400   -0.70132596E+03   -0.37162792E+04   -0.11830784E+04   -0.41855283E+01   -0.25090132E-02    0.11306565E-02   -0.62471050E+02   -0.39288109E+04   -0.19924222E+04   -0.79159612E+01   -0.25512442E-02    0.35783234E-02    0.00000000E+00    0.28647026E+04    0.14593289E+04   -0.24194039E+01    0.31891244E-03   -0.41706255E-02    0.00000000E+00    0.20545879E+04    0.11090657E+04    0.44026819E+01   -0.70063803E-03   -0.41126121E-02
  0.3600   -0.66478497E+03   -0.34986686E+04   -0.10111834E+04   -0.40010543E+01   -0.22440665E-02    0.86677856E-03   -0.60914037E+02   -0.35098323E+04   -0.16677959E+04   -0.72940994E+01   -0.21383390E-02    0.29925351E-02    0.00000000E+00    0.27294239E+04    0.13058910E+04   -0.21416633E+01    0.32341932E-03   -0.36940761E-02    0.00000000E+00    0.17332597E+04    0.89252700E+03    0.38501661E+01   -0.70964574E-03   -0.34554516E-02
  0.3700   -0.64733814E+03   -0.33915564E+04   -0.93403127E+03   -0.39097315E+01   -0.21230261E-02    0.75046517E-03   -0.60044561E+02   -0.33182584E+04   -0.15300627E+04   -0.70054005E+01   -0.19631682E-02    0.27439780E-02    0.00000000E+00    0.26601012E+04    0.12349519E+04   -0.20189837E+01    0.32107579E-03   -0.34781796E-02    0.00000000E+00    0.15969138E+04    0.80403275E+03    0.36064797E+01   -0.70486615E-03   -0.31784247E-02
  0.3800   -0.63037268E+03   -0.32862492E+04   -0.86285655E+03   -0.38196099E+01   -0.20098970E-02    0.64462956E-03   -0.59015694E+02   -0.31389817E+04   -0.14063930E+04   -0.67306980E+01   -0.18058936E-02    0.25207901E-02    0.00000000E+00    0.25904218E+04    0.11682757E+04   -0.19056270E+01    0.31727115E-03   -0.32768591E-02    0.00000000E+00    0.14744638E+04    0.72507038E+03    0.33815635E+01   -0.69710721E-03   -0.29277428E-02
  0.3900   -0.61380496E+03   -0.31833504E+04   -0.79752224E+03   -0.37309995E+01   -0.19045804E-02    0.54894902E-03   -0.57815266E+02   -0.29718345E+04   -0.12947008E+04   -0.64692118E+01   -0.16638592E-02    0.23192104E-02    0.00000000E+00    0.25210540E+04    0.11059508E+04   -0.18006627E+01    0.31280256E-03   -0.30895889E-02    0.00000000E+00    0.13638301E+04    0.65367066E+03    0.31735550E+01   -0.68796509E-03   -0.26989437E-02
  0.4000   -0.59756041E+03   -0.30834168E+04   -0.73765121E+03   -0.36440938E+01   -0.18066435E-02    0.46269626E-03   -0.56483247E+02   -0.28161770E+04   -0.11929250E+04   -0.62201241E+01   -0.15344403E-02    0.21355222E-02    0.00000000E+00    0.24526357E+04    0.10478261E+04   -0.17033118E+01    0.30805166E-03   -0.29155226E-02    0.00000000E+00    0.12629578E+04    0.58863290E+03    0.29808941E+01   -0.67820495E-03   -0.24890988E-02
  0.4100   -0.58159724E+03   -0.29868532E+04   -0.68266020E+03   -0.35589835E+01   -0.17153659E-02    0.38479733E-03   -0.55096577E+02   -0.26709554E+04   -0.10993032E+04   -0.59826620E+01   -0.14153927E-02    0.19665477E-02    0.00000000E+00    0.23856771E+04    0.99353499E+03   -0.16129346E+01    0.30302356E-03   -0.27535273E-02    0.00000000E+00    0.11700911E+04    0.52945457E+03    0.28022991E+01   -0.66783884E-03   -0.22966741E-02
  0.4200   -0.56591794E+03   -0.28938426E+04   -0.63185444E+03   -0.34756868E+01   -0.16298674E-02    0.31399491E-03   -0.53744625E+02   -0.25348778E+04   -0.10125713E+04   -0.57561593E+01   -0.13051073E-02    0.18100078E-02    0.00000000E+00    0.23204904E+04    0.94257682E+03   -0.15290013E+01    0.29747221E-03   -0.26023089E-02    0.00000000E+00    0.10839722E+04    0.47611188E+03    0.26367080E+01   -0.65637651E-03   -0.21211062E-02
  0.4300   -0.55056654E+03   -0.28043335E+04   -0.58455185E+03   -0.33941875E+01   -0.15492759E-02    0.24906290E-03   -0.52502860E+02   -0.24066510E+04   -0.93203279E+03   -0.55400844E+01   -0.12026968E-02    0.16646463E-02    0.00000000E+00    0.22571691E+04    0.89442967E+03   -0.14510525E+01    0.29107281E-03   -0.24605865E-02    0.00000000E+00    0.10039102E+04    0.42875883E+03    0.24831998E+01   -0.64317015E-03   -0.19622210E-02
  0.4400   -0.53561336E+03   -0.27180854E+04   -0.54019915E+03   -0.33144721E+01   -0.14728835E-02    0.18900688E-03   -0.51412302E+02   -0.22852057E+04   -0.85748248E+03   -0.53340295E+01   -0.11079003E-02    0.15300933E-02    0.00000000E+00    0.21956202E+04    0.84866038E+03   -0.13786605E+01    0.28359042E-03   -0.23272624E-02    0.00000000E+00    0.92970561E+03    0.38743234E+03    0.23409162E+01   -0.62775175E-03   -0.18196641E-02
  0.4500   -0.52113266E+03   -0.26347576E+04   -0.49844694E+03   -0.32365545E+01   -0.14002489E-02    0.13319323E-03   -0.50470183E+02   -0.21698466E+04   -0.78901666E+03   -0.51376674E+01   -0.10208405E-02    0.14065220E-02    0.00000000E+00    0.21356389E+04    0.80500064E+03   -0.13113996E+01    0.27499837E-03   -0.22015379E-02    0.00000000E+00    0.86146001E+03    0.35184406E+03    0.22090030E+01   -0.61006980E-03   -0.16924970E-02
  0.4600   -0.50718007E+03   -0.25540145E+04   -0.45916466E+03   -0.31604854E+01   -0.13312185E-02    0.81374036E-04   -0.49633723E+02   -0.20602899E+04   -0.72678859E+03   -0.49506932E+01   -0.94171273E-03    0.12942088E-02    0.00000000E+00    0.20770028E+04    0.76337006E+03   -0.12488336E+01    0.26551706E-03   -0.20829452E-02    0.00000000E+00    0.79933193E+03    0.32130933E+03    0.20865848E+01   -0.59056696E-03   -0.15790559E-02
  0.4700   -0.49377624E+03   -0.24756168E+04   -0.42239517E+03   -0.30863443E+01   -0.12658664E-02    0.33607098E-04   -0.48835109E+02   -0.19565840E+04   -0.67078329E+03   -0.47727679E+01   -0.87049815E-03    0.11931265E-02    0.00000000E+00    0.20195570E+04    0.72384333E+03   -0.11905195E+01    0.25556898E-03   -0.19712917E-02    0.00000000E+00    0.74331187E+03    0.29482117E+03    0.19727726E+01   -0.57009014E-03   -0.14770898E-02
  0.4800   -0.48090117E+03   -0.23994743E+04   -0.38826592E+03   -0.30142184E+01   -0.12043761E-02   -0.98992532E-05   -0.48002687E+02   -0.18589456E+04   -0.62067405E+03   -0.46034818E+01   -0.80678086E-03    0.11026857E-02    0.00000000E+00    0.19632689E+04    0.68657517E+03   -0.11360260E+01    0.24567006E-03   -0.18665373E-02    0.00000000E+00    0.69307883E+03    0.27123475E+03    0.18667008E+01   -0.54967307E-03   -0.13841105E-02
  0.4900   -0.46850021E+03   -0.23256480E+04   -0.35688517E+03   -0.29441775E+01   -0.11469028E-02   -0.48966932E-04   -0.47081943E+02   -0.17675634E+04   -0.57579553E+03   -0.44423469E+01   -0.74971385E-03    0.10216866E-02    0.00000000E+00    0.19082374E+04    0.65170807E+03   -0.10849577E+01    0.23629440E-03   -0.17686465E-02    0.00000000E+00    0.64797357E+03    0.24949834E+03    0.17675749E+01   -0.53026584E-03   -0.12978326E-02
  0.5000   -0.45649942E+03   -0.22543055E+04   -0.32825444E+03   -0.28762515E+01   -0.10934557E-02   -0.83600607E-04   -0.46050279E+02   -0.16824293E+04   -0.53523271E+03   -0.42888191E+01   -0.69813216E-03    0.94847923E-03    0.00000000E+00    0.18546593E+04    0.61929106E+03   -0.10369763E+01    0.22775484E-03   -0.16774570E-02    0.00000000E+00    0.60708729E+03    0.22885771E+03    0.16747154E+01   -0.51249604E-03   -0.12165631E-02
  0.5500   -0.40076782E+03   -0.19389590E+04   -0.21707159E+03   -0.25662012E+01   -0.87428005E-03   -0.20647229E-03   -0.40460692E+02   -0.13323538E+04   -0.36913968E+03   -0.36178823E+01   -0.48683802E-03    0.64879811E-03    0.00000000E+00    0.16142462E+04    0.48689627E+03   -0.83602652E+00    0.19408512E-03   -0.13038221E-02    0.00000000E+00    0.43813744E+03    0.14184840E+03    0.12895953E+01   -0.44124540E-03   -0.87763352E-03
  0.6000   -0.35327341E+03   -0.16787702E+04   -0.13518609E+03   -0.22979993E+01   -0.70285013E-03   -0.28695822E-03   -0.36512573E+02   -0.10598291E+04   -0.25515073E+03   -0.30822127E+01   -0.34167159E-03    0.44328437E-03    0.00000000E+00    0.14118256E+04    0.38333429E+03   -0.68730112E+00    0.15869702E-03   -0.10206080E-02    0.00000000E+00    0.31969170E+03    0.98107923E+02    0.10106944E+01   -0.36595918E-03   -0.66778233E-03
  0.6500   -0.31313167E+03   -0.14603957E+04   -0.81913222E+02   -0.20685443E+01   -0.57754250E-03   -0.32554137E-03   -0.31810490E+02   -0.85983038E+03   -0.18380071E+03   -0.26531881E+01   -0.25061173E-03    0.31484016E-03    0.00000000E+00    0.12385216E+04    0.30840687E+03   -0.57243023E+00    0.13505420E-03   -0.81374108E-03    0.00000000E+00    0.24285200E+03    0.62022401E+02    0.80080322E+00   -0.31378165E-03   -0.50458986E-03
  0.7000   -0.27817474E+03   -0.12814012E+04   -0.42320625E+02   -0.18701682E+01   -0.47747144E-03   -0.34727457E-03   -0.28222431E+02   -0.70133562E+03   -0.12773620E+03   -0.23031937E+01   -0.17885926E-03    0.21411351E-03    0.00000000E+00    0.10948970E+04    0.24913980E+03   -0.48310298E+00    0.11293404E-03   -0.65352965E-03    0.00000000E+00    0.18075747E+03    0.42946289E+02    0.64283413E+00   -0.26446528E-03   -0.39658697E-03
  0.7500   -0.24894247E+03   -0.11278784E+04   -0.15472825E+02   -0.16988742E+01   -0.40046340E-03   -0.35286218E-03   -0.24568750E+02   -0.57961528E+03   -0.96326424E+02   -0.20189017E+01   -0.13837595E-03    0.15796653E-03    0.00000000E+00    0.97002127E+03    0.20409730E+03   -0.41162968E+00    0.96302088E-04   -0.53159103E-03    0.00000000E+00    0.14313867E+03    0.28484183E+02    0.52096442E+00   -0.22611657E-03   -0.31374645E-03
  0.8000   -0.22300524E+03   -0.10014973E+04    0.30775982E+01   -0.15501355E+01   -0.33973921E-03   -0.34920726E-03   -0.21351482E+02   -0.48438579E+03   -0.67516655E+02   -0.17823972E+01   -0.10110677E-03    0.10660418E-03    0.00000000E+00    0.86646516E+03    0.16930737E+03   -0.35352744E+00    0.83503833E-04   -0.43736016E-03    0.00000000E+00    0.10823995E+03    0.17582693E+02    0.42582299E+00   -0.19557398E-03   -0.24966608E-03
  0.8500   -0.20126388E+03   -0.89143698E+03    0.17355296E+02   -0.14198578E+01   -0.28916034E-03   -0.34255286E-03   -0.18663143E+02   -0.40596344E+03   -0.52845134E+02   -0.15871663E+01   -0.81770526E-04    0.80804364E-04    0.00000000E+00    0.77546997E+03    0.14054327E+03   -0.30618540E+00    0.71152991E-04   -0.36121996E-03    0.00000000E+00    0.87785205E+02    0.13397471E+02    0.35183173E+00   -0.16618266E-03   -0.20739918E-03
  0.9000   -0.18186787E+03   -0.79929403E+03    0.25318349E+02   -0.13061019E+01   -0.25083653E-03   -0.32872691E-03   -0.15892528E+02   -0.34691404E+03   -0.38553439E+02   -0.14223068E+01   -0.62870515E-04    0.55736832E-04    0.00000000E+00    0.69880003E+03    0.11950668E+03   -0.26622978E+00    0.63939852E-04   -0.30371531E-03    0.00000000E+00    0.68155879E+02    0.58638038E+01    0.29194192E+00   -0.14741189E-03   -0.16545153E-03
  0.9500   -0.16529659E+03   -0.71894154E+03    0.33056007E+02   -0.12050508E+01   -0.21606508E-03   -0.31775990E-03   -0.13946801E+02   -0.29437317E+03   -0.30397563E+02   -0.12834589E+01   -0.51755978E-04    0.41760303E-04    0.00000000E+00    0.63158833E+03    0.10033653E+03   -0.23340786E+00    0.54614655E-04   -0.25406468E-03    0.00000000E+00    0.55174124E+02    0.61062512E+01    0.24540508E+00   -0.12482182E-03   -0.14360734E-03
  1.0000   -0.15067180E+03   -0.64965479E+03    0.35949817E+02   -0.11161725E+01   -0.19057865E-03   -0.30117611E-03   -0.11705768E+02   -0.25611818E+03   -0.24379882E+02   -0.11650756E+01   -0.43352800E-04    0.31650448E-04    0.00000000E+00    0.57325462E+03    0.86958735E+02   -0.20499052E+00    0.50182169E-04   -0.21734117E-03    0.00000000E+00    0.44874416E+02    0.10005047E+01    0.20657705E+00   -0.11245766E-03   -0.11553565E-03
  1.1000   -0.12659724E+03   -0.53653336E+03    0.40582469E+02   -0.96549314E+00   -0.14805461E-03   -0.27290414E-03   -0.85770076E+01   -0.19396071E+03   -0.17055295E+02   -0.97540204E+00   -0.32561374E-04    0.19908219E-04    0.00000000E+00    0.47745530E+03    0.64771557E+02   -0.16091285E+00    0.39974559E-04   -0.15929126E-03    0.00000000E+00    0.30587014E+02   -0.41695079E+00    0.15065665E+00   -0.86401203E-04   -0.85118479E-04
  1.2000   -0.10769973E+03   -0.44940831E+03    0.41979940E+02   -0.84390832E+00   -0.11713643E-03   -0.24628520E-03   -0.62711075E+01   -0.15017306E+03   -0.12757437E+02   -0.83124641E+00   -0.25704064E-04    0.13543426E-04    0.00000000E+00    0.40306892E+03    0.49129741E+02   -0.12869381E+00    0.32143326E-04   -0.11900138E-03    0.00000000E+00    0.21240621E+02   -0.34366771E+00    0.11307354E+00   -0.66817609E-04   -0.65760336E-04
  1.3000   -0.92635347E+02   -0.38115494E+03    0.41536993E+02   -0.74435269E+00   -0.94211724E-04   -0.22199780E-03   -0.45725814E+01   -0.11867670E+03   -0.97855731E+01   -0.71859414E+00   -0.20656213E-04    0.94485171E-05    0.00000000E+00    0.34434558E+03    0.37841764E+02   -0.10494004E+00    0.26073284E-04   -0.90344637E-04    0.00000000E+00    0.14767484E+02    0.76878642E-01    0.87121551E-01   -0.52238516E-04   -0.52475029E-04
  1.4000   -0.80468647E+02   -0.32680727E+03    0.40012320E+02   -0.66180103E+00   -0.76995746E-04   -0.20009125E-03   -0.33097226E+01   -0.95670595E+02   -0.75231325E+01   -0.62837861E+00   -0.16649893E-04    0.64945733E-05    0.00000000E+00    0.29722664E+03    0.29566801E+02   -0.87359088E-01    0.21379629E-04   -0.69580865E-04    0.00000000E+00    0.10175075E+02    0.27513076E+00    0.68674537E-01   -0.41591501E-04   -0.42437924E-04
  1.5000   -0.70536609E+02   -0.28283990E+03    0.37883956E+02   -0.59259434E+00   -0.63913186E-04   -0.18046091E-03   -0.23619238E+01   -0.78606860E+02   -0.58335188E+01   -0.55461548E+00   -0.13512968E-04    0.44335034E-05    0.00000000E+00    0.25880904E+03    0.23409038E+02   -0.74342183E-01    0.17739238E-04   -0.54277266E-04    0.00000000E+00    0.70004666E+01    0.11133646E+00    0.55177980E-01   -0.33926516E-04   -0.34269036E-04
  1.6000   -0.62353751E+02   -0.24673818E+03    0.35499465E+02   -0.53401041E+00   -0.53799874E-04   -0.16301185E-03   -0.16531185E+01   -0.65672002E+02   -0.47023971E+01   -0.49325147E+00   -0.11219893E-04    0.32467501E-05    0.00000000E+00    0.22701479E+03    0.18722004E+02   -0.64728757E-01    0.14840071E-04   -0.42757055E-04    0.00000000E+00    0.49707712E+01   -0.27780005E+00    0.45047755E-01   -0.28350152E-04   -0.27495517E-04
  2.0000   -0.40777523E+02   -0.15218160E+03    0.27164928E+02   -0.37127876E+00   -0.29087176E-04   -0.11265845E-03   -0.41650058E+00   -0.34598683E+02   -0.31846083E+01   -0.32552235E+00   -0.69448560E-05    0.28524006E-05    0.00000000E+00    0.14225756E+03    0.72436470E+01   -0.45875382E-01    0.63323189E-05   -0.15952327E-04    0.00000000E+00    0.26138871E+01   -0.32918264E+00    0.22721197E-01   -0.14613570E-04   -0.13600859E-04
  2.5000   -0.26354268E+02   -0.93640872E+02    0.19530808E+02   -0.26004523E+00   -0.15627961E-04   -0.75713321E-04   -0.13420849E+00   -0.17534336E+02   -0.58602874E+00   -0.20829750E+00   -0.22033201E-05   -0.40043774E-06    0.00000000E+00    0.88093352E+02    0.11373699E+01   -0.37610544E-01    0.97665202E-06   -0.25223982E-05    0.00000000E+00    0.44323465E+00   -0.18351777E+00    0.11083513E-01   -0.73650425E-05   -0.68004611E-05
  3.0000   -0.18299016E+02   -0.62515175E+02    0.14257450E+02   -0.19916226E+00   -0.96882141E-05   -0.53550404E-04   -0.95966199E-01   -0.96657449E+01   -0.36486510E+00   -0.14101796E+00   -0.12602320E-05   -0.13774634E-06    0.00000000E+00    0.58559790E+02   -0.12372900E+01   -0.29561375E-01   -0.12005100E-05    0.26059387E-05    0.00000000E+00    0.53985922E+00   -0.78058923E-01    0.56015658E-02   -0.41017856E-05   -0.38616420E-05
  4.0000   -0.98186559E+01   -0.33414036E+02    0.78783246E+01   -0.14275079E+00   -0.53215142E-05   -0.29558708E-04   -0.45453879E-01   -0.35002990E+01    0.29469602E+00   -0.72637996E-01    0.73648937E-07   -0.83296573E-06    0.00000000E+00    0.30473811E+02   -0.20917238E+01   -0.40645556E-02   -0.17134636E-05    0.47215995E-05    0.00000000E+00    0.44412215E-01   -0.97294147E-01    0.92072780E-03   -0.16124921E-05   -0.13131725E-05
  5.0000   -0.57633212E+01   -0.20753042E+02    0.44912391E+01   -0.12029808E+00   -0.39326158E-05   -0.17749644E-04    0.32390673E-01   -0.15000928E+01    0.40455471E+00   -0.42447431E-01    0.36136783E-06   -0.88322050E-06    0.00000000E+00    0.18315848E+02   -0.15413392E+01    0.27295283E-01   -0.83760800E-06    0.39042296E-05    0.00000000E+00   -0.12103228E+00   -0.21487614E+00   -0.85425416E-03   -0.84683171E-06   -0.18577815E-06
  6.0000   -0.35958623E+01   -0.14135824E+02    0.26029342E+01   -0.10873656E+00   -0.32690931E-05   -0.11276864E-04    0.10313472E+00   -0.74052937E+00    0.32490176E+00   -0.27670240E-01    0.31512375E-06   -0.68441705E-06    0.00000000E+00    0.12139926E+02   -0.86973587E+00    0.56783163E-01    0.60141371E-07    0.27358317E-05    0.00000000E+00   -0.13146008E+00   -0.33598480E+00   -0.16431910E-02   -0.58605838E-06    0.44757872E-06
  7.0000   -0.23590584E+01   -0.10219965E+02    0.15368673E+01   -0.10055352E+00   -0.27856471E-05   -0.75137274E-05    0.15298784E+00   -0.38974985E+00    0.18571761E+00   -0.19844880E-01    0.16371241E-06   -0.40763671E-06    0.00000000E+00    0.86218787E+01   -0.36535074E+00    0.80986600E-01    0.68036672E-06    0.18043464E-05    0.00000000E+00   -0.68226650E-01   -0.39461167E+00   -0.20054758E-02   -0.44909090E-06    0.76490828E-06
  8.0000   -0.16179828E+01   -0.77014367E+01    0.94213327E+00   -0.93295268E-01   -0.23508707E-05   -0.52492873E-05    0.18256060E+00   -0.17435902E+00    0.65519613E-01   -0.15369492E-01    0.25639233E-07   -0.17592793E-06    0.00000000E+00    0.64409135E+01   -0.52419785E-01    0.99214776E-01    0.10233246E-05    0.11845909E-05    0.00000000E+00   -0.16066319E-02   -0.38046254E+00   -0.21549265E-02   -0.31736659E-06    0.85310364E-06
  9.0000   -0.11539384E+01   -0.59918732E+01    0.61330647E+00   -0.86279716E-01   -0.19543588E-05   -0.38411594E-05    0.19846754E+00   -0.18376713E-01    0.39871805E-02   -0.12589192E-01   -0.42469878E-07   -0.54736200E-07    0.00000000E+00    0.50033905E+01    0.11818129E+00    0.11200163E+00    0.11710779E-05    0.80750027E-06    0.00000000E+00    0.25305364E-01   -0.32814135E+00   -0.21949047E-02   -0.18702797E-06    0.82247925E-06
 10.0000   -0.85156743E+00   -0.47858522E+01    0.42432657E+00   -0.79426725E-01   -0.16150445E-05   -0.29204598E-05    0.20809289E+00    0.85020940E-01   -0.69109489E-03   -0.10710580E-01   -0.40693085E-07   -0.38566973E-07    0.00000000E+00    0.40092814E+01    0.20430924E+00    0.12028513E+00    0.12100805E-05    0.58153538E-06    0.00000000E+00    0.88982670E-02   -0.28446578E+00   -0.21827658E-02   -0.91931506E-07    0.78321045E-06
 12.0000   -0.51069132E+00   -0.32308629E+01    0.21726464E+00   -0.66580311E-01   -0.11349241E-05   -0.18033258E-05    0.22420812E+00    0.14363000E+00    0.35592476E-01   -0.82890120E-02    0.16660004E-07   -0.92838117E-07    0.00000000E+00    0.27400645E+01    0.26893453E+00    0.12707244E+00    0.11695631E-05    0.34220215E-06    0.00000000E+00   -0.46027267E-01   -0.30093622E+00   -0.21062579E-02   -0.61072339E-07    0.86473992E-06
 16.0000   -0.26425073E+00   -0.16600494E+01    0.10289419E+00   -0.46166918E-01   -0.56968717E-06   -0.88623498E-06    0.23301712E+00    0.19168919E+00   -0.26607318E-01   -0.56004800E-02   -0.49744214E-07    0.32111607E-07    0.00000000E+00    0.14274629E+01    0.19323458E+00    0.11981891E+00    0.88593034E-06    0.29145572E-06    0.00000000E+00    0.12983391E-01   -0.30825646E+00   -0.18596551E-02   -0.32409666E-07    0.91592286E-06
 20.0000   -0.17172035E+00   -0.99881860E+00    0.65209987E-01   -0.32767955E-01   -0.31486647E-06   -0.51548109E-06    0.23368368E+00    0.19946129E+00    0.70007399E-02   -0.40181625E-02   -0.62922056E-09   -0.22166578E-07    0.00000000E+00    0.84057667E+00    0.10029070E+00    0.10269101E+00    0.64453904E-06    0.33600070E-06    0.00000000E+00   -0.16400201E-01   -0.31882948E+00   -0.16160683E-02   -0.35280038E-07    0.94557978E-06
 25.0000   -0.11770854E+00   -0.60632968E+00    0.52324239E-01   -0.22773587E-01   -0.15627188E-06   -0.31724427E-06    0.22802244E+00    0.22553585E+00    0.54223615E-02   -0.28140224E-02    0.12174831E-08   -0.15464087E-07    0.00000000E+00    0.46917868E+00    0.16133898E-02    0.78853941E-01    0.41058841E-06    0.40562492E-06    0.00000000E+00   -0.11281466E-01   -0.28898831E+00   -0.13384511E-02   -0.17707489E-08    0.88728447E-06
 30.0000   -0.86458489E-01   -0.41056747E+00    0.36126108E-01   -0.17188245E-01   -0.93478577E-07   -0.20461839E-06    0.22332499E+00    0.22437037E+00   -0.80701832E-02   -0.20576881E-02   -0.14030034E-07    0.10797402E-07    0.00000000E+00    0.27256402E+00   -0.61957811E-01    0.55938980E-01    0.25075286E-06    0.44136236E-06    0.00000000E+00    0.41218561E-02   -0.28087458E+00   -0.11033605E-02    0.34283563E-09    0.86443667E-06
 40.0000   -0.45275515E-01   -0.24544612E+00    0.10756206E-01   -0.12547041E-01   -0.56648622E-07   -0.89739446E-07    0.21225336E+00    0.20662548E+00    0.33175750E-02   -0.11261201E-02    0.23981476E-08   -0.78081734E-08    0.00000000E+00    0.91613435E-01   -0.13904164E+00    0.16834989E-01    0.34828245E-07    0.46258153E-06    0.00000000E+00   -0.51695361E-02   -0.26779411E+00   -0.72306640E-03   -0.87005460E-08    0.81515200E-06
 50.0000   -0.21322745E-01   -0.16849848E+00   -0.25663031E-03   -0.11926982E-01   -0.47068358E-07   -0.46278850E-07    0.19670584E+00    0.19948607E+00   -0.31397335E-02   -0.54635134E-03   -0.47246137E-08    0.49345883E-08    0.00000000E+00    0.24492211E-02   -0.17790120E+00   -0.11223561E-01   -0.10094687E-06    0.44635552E-06    0.00000000E+00    0.24745796E-02   -0.22998498E+00   -0.43602982E-03    0.25021160E-08    0.71003714E-06
 60.0000   -0.40794159E-02   -0.13032246E+00   -0.13851879E-01   -0.12801698E-01   -0.56725776E-07   -0.14111299E-07    0.18013258E+00    0.17787344E+00    0.28456997E-02   -0.14529899E-03    0.36426330E-08   -0.51119918E-08    0.00000000E+00   -0.39981832E-01   -0.17794852E+00   -0.28095990E-01   -0.15997989E-06    0.38746807E-06    0.00000000E+00   -0.28271093E-02   -0.20175771E+00   -0.23454976E-03   -0.35262879E-08    0.61716921E-06
 70.0000    0.70120117E-02   -0.10264794E+00   -0.19121802E-01   -0.13872118E-01   -0.60839301E-07   -0.20122210E-08    0.16075926E+00    0.16320295E+00   -0.13905149E-02    0.12516275E-03   -0.12603156E-08    0.30175204E-08    0.00000000E+00   -0.62597427E-01   -0.16003014E+00   -0.35246214E-01   -0.17633088E-06    0.31599228E-06    0.00000000E+00    0.17274548E-02   -0.15898192E+00   -0.96994132E-04    0.27259900E-08    0.49182436E-06
 80.0000    0.15204005E-01   -0.85804825E-01   -0.24813261E-01   -0.14447668E-01   -0.66872664E-07    0.94638473E-08    0.14097424E+00    0.13962828E+00    0.25262468E-02    0.30033568E-03    0.40215512E-08   -0.37502959E-08    0.00000000E+00   -0.68065961E-01   -0.12538264E+00   -0.34807713E-01   -0.15532150E-06    0.23041067E-06    0.00000000E+00   -0.20859452E-02   -0.12296282E+00   -0.12343939E-04   -0.19296652E-08    0.37635807E-06
 90.0000    0.19817327E-01   -0.69793321E-01   -0.23996813E-01   -0.14236977E-01   -0.63735320E-07    0.10089438E-07    0.11983166E+00    0.12184185E+00   -0.86548599E-03    0.39959696E-03   -0.14992385E-09    0.25126920E-08    0.00000000E+00   -0.68165431E-01   -0.87195162E-01   -0.28980324E-01   -0.12009100E-06    0.14815969E-06    0.00000000E+00    0.12801421E-02   -0.77760683E-01    0.37618470E-04    0.24666288E-08    0.24169271E-06
100.0000    0.22821134E-01   -0.58866802E-01   -0.23943082E-01   -0.13221484E-01   -0.60584832E-07    0.13074625E-07    0.99329491E-01    0.98151204E-01    0.21836044E-02    0.44526350E-03    0.37752092E-08   -0.29425190E-08    0.00000000E+00   -0.61512183E-01   -0.44127041E-01   -0.19725221E-01   -0.71435360E-07    0.64318841E-07    0.00000000E+00   -0.18441038E-02   -0.39728427E-01    0.60964390E-04   -0.15127458E-08    0.12070938E-06
110.0000    0.23388265E-01   -0.46982349E-01   -0.19466315E-01   -0.11540902E-01   -0.50509916E-07    0.93770357E-08    0.78850715E-01    0.80512325E-01   -0.82355798E-03    0.44876846E-03   -0.84497397E-10    0.24491294E-08    0.00000000E+00   -0.55081584E-01   -0.45434730E-02   -0.86710400E-02   -0.23940354E-07   -0.99626310E-08    0.00000000E+00    0.10668488E-02    0.36876208E-02    0.69935779E-04    0.21629889E-08   -0.91817557E-08
120.0000    0.23019717E-01   -0.38830662E-01   -0.16900751E-01   -0.94202409E-02   -0.42330721E-07    0.96634264E-08    0.60187551E-01    0.58914656E-01    0.19300177E-02    0.42436902E-03    0.33418677E-08   -0.25957161E-08    0.00000000E+00   -0.45743475E-01    0.34565529E-01    0.28967868E-02    0.25519604E-07   -0.80819176E-07    0.00000000E+00   -0.17706697E-02    0.38269361E-01    0.68043523E-04   -0.15362798E-08   -0.11926968E-06
130.0000    0.20824084E-01   -0.29365936E-01   -0.11379231E-01   -0.71090090E-02   -0.29966687E-07    0.50408374E-08    0.42775224E-01    0.44272931E-01   -0.10069628E-02    0.37744450E-03   -0.51113858E-09    0.25867222E-08    0.00000000E+00   -0.38471420E-01    0.66969778E-01    0.13992695E-01    0.66788534E-07   -0.13923998E-06    0.00000000E+00    0.10943902E-02    0.75492070E-01    0.62877332E-04    0.20203579E-08   -0.23022647E-06
140.0000    0.18172695E-01   -0.23334238E-01   -0.88322515E-02   -0.48520765E-02   -0.21812163E-07    0.53597299E-08    0.28279598E-01    0.26769341E-01    0.18466041E-02    0.31714406E-03    0.29875975E-08   -0.26933694E-08    0.00000000E+00   -0.29257219E-01    0.96651869E-01    0.23886853E-01    0.10539973E-06   -0.19194396E-06    0.00000000E+00   -0.18050072E-02    0.10168311E+00    0.54530333E-04   -0.17933194E-08   -0.31461533E-06
150.0000    0.14079814E-01   -0.15530853E-01   -0.39344715E-02   -0.28623558E-02   -0.11129482E-07    0.97468401E-09    0.15966081E-01    0.17585275E-01   -0.14164203E-02    0.24492875E-03   -0.13165981E-08    0.30409342E-08    0.00000000E+00   -0.22651288E-01    0.11793099E+00    0.32049701E-01    0.13268602E-06   -0.23012160E-06    0.00000000E+00    0.14259796E-02    0.12905361E+00    0.48058113E-04    0.22055845E-08   -0.39482012E-06
160.0000    0.10046078E-01   -0.11281323E-01   -0.30926903E-02   -0.13150835E-02   -0.68254727E-08    0.26890039E-08    0.74865381E-02    0.54312358E-02    0.21397016E-02    0.16758014E-03    0.30536500E-08   -0.35290138E-08    0.00000000E+00   -0.13772245E-01    0.13590399E+00    0.38115802E-01    0.15626461E-06   -0.26183587E-06    0.00000000E+00   -0.21397607E-02    0.14264182E+00    0.41275250E-04   -0.24673921E-08   -0.44129641E-06
170.0000    0.47523235E-02   -0.39420056E-02    0.76282829E-03   -0.33475193E-03    0.34016819E-09   -0.20066274E-08    0.16063364E-02    0.42477680E-02   -0.26581603E-02    0.83827667E-04   -0.32191485E-08    0.49585224E-08    0.00000000E+00   -0.82320279E-02    0.14385018E+00    0.41843939E-01    0.16612687E-06   -0.27641958E-06    0.00000000E+00    0.26517737E-02    0.15860435E+00    0.38785438E-04    0.35198596E-08   -0.48441694E-06
179.9000    0.56895697E-02   -0.14593249E-01   -0.73156498E-02   -0.20336834E-05   -0.98030222E-08    0.12703136E-07   -0.53199630E-02   -0.69892366E-02    0.38435747E-01    0.10833766E-04    0.48945052E-07   -0.69300222E-07    0.00000000E+00    0.14346458E-01    0.14901477E+00    0.43101738E-01    0.17317297E-06   -0.28526205E-06    0.00000000E+00   -0.38399613E-01    0.15749835E+00    0.36396368E-04   -0.19697692E-08   -0.48650400E-06
180.0000    0.00000000E+00    0.00000000E+00    0.00000000E+00    0.00000000E+00    0.00000000E+00    0.00000000E+00    0.00000000E+00    0.00000000E+00    0.00000000E+00    0.00000000E+00    0.00000000E+00    0.00000000E+00    0.00000000E+00    0.00000000E+00    0.19677770E+00    0.20079357E+02    0.24466906E-06   -0.36070576E-06    0.00000000E+00    0.00000000E+00    0.34026779E-01    0.34721203E+01   -0.14496667E-06   -0.24964802E-06
