  0.0000    0.00000000E+00    0.00000000E+00    0.00000000E+00    0.00000000E+00    0.00000000E+00    0.00000000E+00    0.00000000E+00    0.00000000E+00    0.00000000E+00    0.00000000E+00    0.00000000E+00    0.00000000E+00    0.00000000E+00    0.00000000E+00   -0.15935208E+04   -0.13011083E+02   -0.80054407E-02   -0.31030693E-02    0.00000000E+00    0.00000000E+00    0.19040826E+05    0.26707450E+02    0.16213159E-01   -0.42364802E-01
  0.0003   -0.83125864E+00   -0.83126782E+00   -0.87413919E-02   -0.10636059E-04   -0.12735491E-07    0.14156878E-07   -0.13184292E+03   -0.13186279E+03   -0.19431817E+02   -0.27006835E-01   -0.24766598E-04    0.35014224E-04    0.00000000E+00   -0.15712658E+01   -0.15935085E+04   -0.13011062E+02   -0.80054153E-02   -0.31030818E-02    0.00000000E+00    0.19518152E+02    0.19040776E+05    0.26707407E+02    0.16213108E-01   -0.42364699E-01
  0.0004   -0.11083436E+01   -0.11083654E+01   -0.15540222E-01   -0.18908524E-04   -0.22640830E-07    0.25167732E-07   -0.13184274E+03   -0.13187807E+03   -0.25909038E+02   -0.36009069E-01   -0.33022065E-04    0.46685539E-04    0.00000000E+00   -0.20950086E+01   -0.15934989E+04   -0.13011046E+02   -0.80053956E-02   -0.31030916E-02    0.00000000E+00    0.26024151E+02    0.19040737E+05    0.26707374E+02    0.16213068E-01   -0.42364619E-01
  0.0005   -0.13854275E+01   -0.13854700E+01   -0.24281535E-01   -0.29544519E-04   -0.35376211E-07    0.39324478E-07   -0.13184252E+03   -0.13189772E+03   -0.32386215E+02   -0.45011264E-01   -0.41277475E-04    0.58356775E-04    0.00000000E+00   -0.26187409E+01   -0.15934866E+04   -0.13011025E+02   -0.80053702E-02   -0.31031042E-02    0.00000000E+00    0.32530106E+02    0.19040687E+05    0.26707332E+02    0.16213017E-01   -0.42364515E-01
  0.0006   -0.16625101E+01   -0.16625836E+01   -0.34965303E-01   -0.42544019E-04   -0.50941593E-07    0.56627067E-07   -0.13184224E+03   -0.13192173E+03   -0.38863336E+02   -0.54013411E-01   -0.49532815E-04    0.70027910E-04    0.00000000E+00   -0.31424599E+01   -0.15934715E+04   -0.13010999E+02   -0.80053392E-02   -0.31031196E-02    0.00000000E+00    0.39036006E+02    0.19040626E+05    0.26707280E+02    0.16212955E-01   -0.42364389E-01
  0.0007   -0.19395911E+01   -0.19397077E+01   -0.47591488E-01   -0.57906995E-04   -0.69336925E-07    0.77075439E-07   -0.13184191E+03   -0.13195010E+03   -0.45340391E+02   -0.63015501E-01   -0.57788071E-04    0.81698926E-04    0.00000000E+00   -0.36661629E+01   -0.15934537E+04   -0.13010968E+02   -0.80053026E-02   -0.31031378E-02    0.00000000E+00    0.45541840E+02    0.19040553E+05    0.26707219E+02    0.16212882E-01   -0.42364241E-01
  0.0008   -0.22166702E+01   -0.22168443E+01   -0.62160050E-01   -0.75633413E-04   -0.90562149E-07    0.10066952E-06   -0.13184153E+03   -0.13198284E+03   -0.51817368E+02   -0.72017524E-01   -0.66043228E-04    0.93369802E-04    0.00000000E+00   -0.41898473E+01   -0.15934331E+04   -0.13010933E+02   -0.80052603E-02   -0.31031587E-02    0.00000000E+00    0.52047596E+02    0.19040470E+05    0.26707148E+02    0.16212797E-01   -0.42364069E-01
  0.0009   -0.24937473E+01   -0.24939952E+01   -0.78670938E-01   -0.95723232E-04   -0.11461720E-06    0.12740923E-06   -0.13184110E+03   -0.13201995E+03   -0.58294257E+02   -0.81019471E-01   -0.74298272E-04    0.10504052E-03    0.00000000E+00   -0.47135106E+01   -0.15934098E+04   -0.13010893E+02   -0.80052124E-02   -0.31031825E-02    0.00000000E+00    0.58553264E+02    0.19040376E+05    0.26707068E+02    0.16212701E-01   -0.42363874E-01
  0.0010   -0.27708219E+01   -0.27711619E+01   -0.97124097E-01   -0.11817641E-03   -0.14150199E-06    0.15729448E-06   -0.13184062E+03   -0.13206142E+03   -0.64771046E+02   -0.90021331E-01   -0.82553189E-04    0.11671106E-03    0.00000000E+00   -0.52371499E+01   -0.15933838E+04   -0.13010849E+02   -0.80051589E-02   -0.31032090E-02    0.00000000E+00    0.65058832E+02    0.19040270E+05    0.26706978E+02    0.16212594E-01   -0.42363656E-01
  0.0012   -0.33249629E+01   -0.33255505E+01   -0.13985697E+00   -0.17017261E-03   -0.20376045E-06    0.22650115E-06   -0.13183950E+03   -0.13215746E+03   -0.77724282E+02   -0.10802475E+00   -0.99062587E-04    0.14005151E-03    0.00000000E+00   -0.62843462E+01   -0.15933235E+04   -0.13010745E+02   -0.80050349E-02   -0.31032705E-02    0.00000000E+00    0.78069627E+02    0.19040025E+05    0.26706770E+02    0.16212345E-01   -0.42363152E-01
  0.0014   -0.38790912E+01   -0.38800243E+01   -0.19035810E+00   -0.23162157E-03   -0.27733673E-06    0.30828857E-06   -0.13183819E+03   -0.13227095E+03   -0.90676986E+02   -0.12602772E+00   -0.11557131E-03    0.16339101E-03    0.00000000E+00   -0.73314151E+01   -0.15932522E+04   -0.13010623E+02   -0.80048884E-02   -0.31033432E-02    0.00000000E+00    0.91079891E+02    0.19039736E+05    0.26706525E+02    0.16212052E-01   -0.42362557E-01
  0.0015   -0.41561499E+01   -0.41572975E+01   -0.21852156E+00   -0.26589065E-03   -0.31836877E-06    0.35389971E-06   -0.13183745E+03   -0.13233424E+03   -0.97153111E+02   -0.13502900E+00   -0.12382538E-03    0.17506035E-03    0.00000000E+00   -0.78548951E+01   -0.15932125E+04   -0.13010555E+02   -0.80048067E-02   -0.31033838E-02    0.00000000E+00    0.97584797E+02    0.19039575E+05    0.26706388E+02    0.16211888E-01   -0.42362225E-01
  0.0016   -0.44332047E+01   -0.44345974E+01   -0.24862681E+00   -0.30252271E-03   -0.36222989E-06    0.40265560E-06   -0.13183667E+03   -0.13240190E+03   -0.10362907E+03   -0.14403014E+00   -0.13207924E-03    0.18672939E-03    0.00000000E+00   -0.83783353E+01   -0.15931700E+04   -0.13010483E+02   -0.80047193E-02   -0.31034271E-02    0.00000000E+00    0.10408954E+03    0.19039403E+05    0.26706242E+02    0.16211713E-01   -0.42361870E-01
  0.0017   -0.47102552E+01   -0.47119257E+01   -0.28067376E+00   -0.34151766E-03   -0.40891995E-06    0.45455606E-06   -0.13183583E+03   -0.13247392E+03   -0.11010485E+03   -0.15303113E+00   -0.14033288E-03    0.19839811E-03    0.00000000E+00   -0.89017330E+01   -0.15931248E+04   -0.13010405E+02   -0.80046263E-02   -0.31034732E-02    0.00000000E+00    0.11059410E+03    0.19039219E+05    0.26706086E+02    0.16211526E-01   -0.42361492E-01
  0.0018   -0.49873012E+01   -0.49892841E+01   -0.31466230E+00   -0.38287540E-03   -0.45843881E-06    0.50960091E-06   -0.13183495E+03   -0.13255031E+03   -0.11658045E+03   -0.16203196E+00   -0.14858627E-03    0.21006649E-03    0.00000000E+00   -0.94250856E+01   -0.15930769E+04   -0.13010323E+02   -0.80045277E-02   -0.31035221E-02    0.00000000E+00    0.11709848E+03    0.19039025E+05    0.26705921E+02    0.16211329E-01   -0.42361091E-01
  0.0019   -0.52643424E+01   -0.52666745E+01   -0.35059232E+00   -0.42659586E-03   -0.51078631E-06    0.56778997E-06   -0.13183401E+03   -0.13263105E+03   -0.12305584E+03   -0.17103261E+00   -0.15683941E-03    0.22173452E-03    0.00000000E+00   -0.99483904E+01   -0.15930262E+04   -0.13010236E+02   -0.80044234E-02   -0.31035739E-02    0.00000000E+00    0.12360265E+03    0.19038819E+05    0.26705746E+02    0.16211120E-01   -0.42360667E-01
  0.0020   -0.55413785E+01   -0.55440986E+01   -0.38846369E+00   -0.47267892E-03   -0.56596227E-06    0.62912302E-06   -0.13183302E+03   -0.13271616E+03   -0.12953103E+03   -0.18003308E+00   -0.16509229E-03    0.23340216E-03    0.00000000E+00   -0.10471645E+02   -0.15929727E+04   -0.13010145E+02   -0.80043136E-02   -0.31036284E-02    0.00000000E+00    0.13010662E+03    0.19038602E+05    0.26705562E+02    0.16210899E-01   -0.42360221E-01
  0.0030   -0.83114048E+01   -0.83205839E+01   -0.87392072E+00   -0.10634274E-02   -0.12732438E-05    0.14153209E-05   -0.13182037E+03   -0.13380717E+03   -0.19426888E+03   -0.27002568E+00   -0.24760321E-03    0.35005338E-03    0.00000000E+00   -0.15700831E+02   -0.15922877E+04   -0.13008971E+02   -0.80029049E-02   -0.31043270E-02    0.00000000E+00    0.19513232E+03    0.19035823E+05    0.26703203E+02    0.16208076E-01   -0.42354495E-01
  0.0040   -0.11080636E+02   -0.11102390E+02   -0.15533318E+01   -0.18902884E-02   -0.22631184E-05    0.25156139E-05   -0.13180266E+03   -0.13533409E+03   -0.25897356E+03   -0.35998956E+00   -0.33007189E-03    0.46664478E-03    0.00000000E+00   -0.20922057E+02   -0.15913290E+04   -0.13007329E+02   -0.80009332E-02   -0.31053048E-02    0.00000000E+00    0.26012491E+03    0.19031934E+05    0.26699901E+02    0.16204124E-01   -0.42346481E-01
  0.0050   -0.13848807E+02   -0.13891285E+02   -0.24264683E+01   -0.29530750E-02   -0.35352665E-05    0.39296178E-05   -0.13177991E+03   -0.13729642E+03   -0.32363403E+03   -0.44991515E+00   -0.41248425E-03    0.58315645E-03    0.00000000E+00   -0.26132675E+02   -0.15900968E+04   -0.13005218E+02   -0.79983991E-02   -0.31065613E-02    0.00000000E+00    0.32507335E+03    0.19026935E+05    0.26695656E+02    0.16199044E-01   -0.42336181E-01
  0.0060   -0.16615653E+02   -0.16689035E+02   -0.34930363E+01   -0.42515473E-02   -0.50892776E-05    0.56568395E-05   -0.13175212E+03   -0.13969355E+03   -0.38823924E+03   -0.53979291E+00   -0.49482626E-03    0.69956852E-03    0.00000000E+00   -0.31330042E+02   -0.15885916E+04   -0.13002639E+02   -0.79953030E-02   -0.31080961E-02    0.00000000E+00    0.38996665E+03    0.19020827E+05    0.26690469E+02    0.16192839E-01   -0.42323596E-01
  0.0070   -0.19380911E+02   -0.19497400E+02   -0.47526773E+01   -0.57854119E-02   -0.69246506E-05    0.76966766E-05   -0.13171932E+03   -0.14252469E+03   -0.45277821E+03   -0.62961329E+00   -0.57708391E-03    0.81586115E-03    0.00000000E+00   -0.36511520E+02   -0.15868137E+04   -0.12999591E+02   -0.79916458E-02   -0.31099086E-02    0.00000000E+00    0.45479382E+03    0.19013612E+05    0.26684341E+02    0.16185508E-01   -0.42308729E-01
  0.0080   -0.22144318E+02   -0.22318134E+02   -0.62049676E+01   -0.75543226E-02   -0.90407936E-05    0.10048418E-04   -0.13168152E+03   -0.14578895E+03   -0.51723995E+03   -0.71936677E+00   -0.65924320E-03    0.93201452E-03    0.00000000E+00   -0.41674479E+02   -0.15847636E+04   -0.12996076E+02   -0.79874283E-02   -0.31119980E-02    0.00000000E+00    0.51954390E+03    0.19005291E+05    0.26677274E+02    0.16177054E-01   -0.42291584E-01
  0.0090   -0.24905611E+02   -0.25152987E+02   -0.78494190E+01   -0.95578802E-02   -0.11437024E-04    0.12711243E-04   -0.13163874E+03   -0.14948526E+03   -0.58161349E+03   -0.80904384E+00   -0.74129019E-03    0.10480089E-02    0.00000000E+00   -0.46816297E+02   -0.15824420E+04   -0.12992095E+02   -0.79826516E-02   -0.31143637E-02    0.00000000E+00    0.58420594E+03    0.18995866E+05    0.26669267E+02    0.16167480E-01   -0.42272165E-01
  0.0100   -0.27664528E+02   -0.28003698E+02   -0.96854790E+01   -0.11795633E-01   -0.14112571E-04    0.15684225E-04   -0.13159099E+03   -0.15361245E+03   -0.64588793E+03   -0.89863503E+00   -0.82321096E-03    0.11638246E-02    0.00000000E+00   -0.51934361E+02   -0.15798494E+04   -0.12987647E+02   -0.79773168E-02   -0.31170047E-02    0.00000000E+00    0.64876905E+03    0.18985340E+05    0.26660323E+02    0.16156787E-01   -0.42250475E-01
  0.0120   -0.33174191E+02   -0.33759612E+02   -0.13929895E+02   -0.16971653E-01   -0.20298076E-04    0.22556411E-04   -0.13148073E+03   -0.16315401E+03   -0.77409594E+03   -0.10775219E+01   -0.98661844E-03    0.13948414E-02    0.00000000E+00   -0.62088828E+02   -0.15738547E+04   -0.12977356E+02   -0.79649783E-02   -0.31231086E-02    0.00000000E+00    0.77755503E+03    0.18960993E+05    0.26639630E+02    0.16132055E-01   -0.42200304E-01
  0.0140   -0.38671231E+02   -0.39599611E+02   -0.18932518E+02   -0.23077720E-01   -0.27589349E-04    0.30655410E-04   -0.13135095E+03   -0.17440140E+03   -0.90177736E+03   -0.12559520E+01   -0.11493553E-02    0.16249087E-02    0.00000000E+00   -0.72117209E+02   -0.15667863E+04   -0.12965210E+02   -0.79504247E-02   -0.31303005E-02    0.00000000E+00    0.90581534E+03    0.18932271E+05    0.26615207E+02    0.16102884E-01   -0.42141116E-01
  0.0160   -0.44153590E+02   -0.45537251E+02   -0.24686644E+02   -0.30108340E-01   -0.35977018E-04    0.39969964E-04   -0.13120193E+03   -0.18734020E+03   -0.10288463E+04   -0.14338505E+01   -0.13113122E-02    0.18538718E-02    0.00000000E+00   -0.81999051E+02   -0.15586523E+04   -0.12951219E+02   -0.79336700E-02   -0.31385695E-02    0.00000000E+00    0.10334643E+04    0.18899201E+05    0.26587071E+02    0.16069300E-01   -0.42072961E-01
  0.0180   -0.49619230E+02   -0.51585875E+02   -0.31184571E+02   -0.38057199E-01   -0.45450320E-04    0.50487145E-04   -0.13103396E+03   -0.20195389E+03   -0.11552177E+04   -0.16111431E+01   -0.14723808E-02    0.20815772E-02    0.00000000E+00   -0.91714161E+02   -0.15494620E+04   -0.12935390E+02   -0.79147304E-02   -0.31479034E-02    0.00000000E+00    0.11604169E+04    0.18861813E+05    0.26555241E+02    0.16031336E-01   -0.41995901E-01
  0.0200   -0.55066136E+02   -0.57758587E+02   -0.38417617E+02   -0.46917170E-01   -0.55997119E-04    0.62192378E-04   -0.13084740E+03   -0.21822379E+03   -0.12808075E+04   -0.17877560E+01   -0.16324541E-02    0.23078735E-02    0.00000000E+00   -0.10124264E+03   -0.15392258E+04   -0.12917735E+02   -0.78936240E-02   -0.31582881E-02    0.00000000E+00    0.12865893E+04    0.18820139E+05    0.26519739E+02    0.15989030E-01   -0.41910002E-01
  0.0220   -0.60492322E+02   -0.64068227E+02   -0.46376135E+02   -0.56680326E-01   -0.67603932E-04    0.75069472E-04   -0.13064261E+03   -0.23612918E+03   -0.14055328E+04   -0.19636164E+01   -0.17914264E-02    0.25326110E-02    0.00000000E+00   -0.11056491E+03   -0.15279554E+04   -0.12898266E+02   -0.78703712E-02   -0.31697080E-02    0.00000000E+00    0.14118988E+04    0.18774218E+05    0.26480588E+02    0.15942420E-01   -0.41815339E-01
  0.0240   -0.65895828E+02   -0.70527338E+02   -0.55049536E+02   -0.67337950E-01   -0.80255950E-04    0.89100650E-04   -0.13042002E+03   -0.25564730E+03   -0.15293117E+04   -0.21386522E+01   -0.19491936E-02    0.27556423E-02    0.00000000E+00   -0.11966177E+03   -0.15156635E+04   -0.12876995E+02   -0.78449942E-02   -0.31821461E-02    0.00000000E+00    0.15362636E+04    0.18724092E+05    0.26437814E+02    0.15891552E-01   -0.41711994E-01
  0.0260   -0.71274726E+02   -0.77148144E+02   -0.64426303E+02   -0.78880554E-01   -0.93937074E-04    0.10426659E-03   -0.13018006E+03   -0.27675338E+03   -0.16520639E+04   -0.23127920E+01   -0.21056533E-02    0.29768225E-02    0.00000000E+00   -0.12851439E+03   -0.15023642E+04   -0.12853938E+02   -0.78175172E-02   -0.31955837E-02    0.00000000E+00    0.16596035E+04    0.18669803E+05    0.26391446E+02    0.15836475E-01   -0.41600057E-01
  0.0280   -0.76627125E+02   -0.83942524E+02   -0.74494019E+02   -0.91297886E-01   -0.10862994E-03    0.12054645E-03   -0.12992323E+03   -0.29942073E+03   -0.17737103E+04   -0.24859656E+01   -0.22607047E-02    0.31960089E-02    0.00000000E+00   -0.13710438E+03   -0.14880723E+04   -0.12829109E+02   -0.77879663E-02   -0.32100010E-02    0.00000000E+00    0.17818395E+04    0.18611402E+05    0.26341515E+02    0.15777240E-01   -0.41479624E-01
  0.0300   -0.81951167E+02   -0.90921981E+02   -0.85239390E+02   -0.10457895E+00   -0.12431595E-03    0.13791793E-03   -0.12965004E+03   -0.32362075E+03   -0.18941734E+04   -0.26581037E+01   -0.24142493E-02    0.34130618E-02    0.00000000E+00   -0.14541381E+03   -0.14728040E+04   -0.12802525E+02   -0.77563695E-02   -0.32253763E-02    0.00000000E+00    0.19028943E+04    0.18548940E+05    0.26288054E+02    0.15713903E-01   -0.41350800E-01
  0.0400   -0.10808389E+03   -0.12896924E+03   -0.14860767E+03   -0.18350573E+00   -0.21691084E-03    0.24027176E-03   -0.12805861E+03   -0.46648454E+03   -0.24761465E+04   -0.35009165E+01   -0.31560667E-02    0.44616498E-02    0.00000000E+00   -0.18216036E+03   -0.13824490E+04   -0.12643933E+02   -0.75688036E-02   -0.33157820E-02    0.00000000E+00    0.24878619E+04    0.18177766E+05    0.25969106E+02    0.15337911E-01   -0.40584896E-01
  0.0500   -0.13325405E+03   -0.17311691E+03   -0.22646765E+03   -0.28198189E+00   -0.33090531E-03    0.36580884E-03   -0.12615047E+03   -0.64238984E+03   -0.30179581E+04   -0.43081523E+01   -0.38467394E-02    0.54378278E-02    0.00000000E+00   -0.20951408E+03   -0.12706532E+04   -0.12444551E+02   -0.73352830E-02   -0.34261945E-02    0.00000000E+00    0.30327381E+04    0.17714700E+05    0.25568082E+02    0.14869771E-01   -0.39628441E-01
  0.0600   -0.15728280E+03   -0.22426157E+03   -0.31635042E+03   -0.39791662E+00   -0.46283875E-03    0.51039436E-03   -0.12401502E+03   -0.84600937E+03   -0.35121793E+04   -0.50726773E+01   -0.44768069E-02    0.63282024E-02    0.00000000E+00   -0.22590390E+03   -0.11404258E+04   -0.12207556E+02   -0.70610904E-02   -0.35526386E-02    0.00000000E+00    0.35301057E+04    0.17169561E+05    0.25091342E+02    0.14320054E-01   -0.38501073E-01
  0.0700   -0.18002673E+03   -0.28293802E+03   -0.41548769E+03   -0.52892133E+00   -0.60882423E-03    0.66939876E-03   -0.12174736E+03   -0.10713548E+04   -0.39529236E+04   -0.57884172E+01   -0.50387723E-02    0.71221604E-02    0.00000000E+00   -0.23021169E+03   -0.99516313E+03   -0.11936605E+02   -0.67522213E-02   -0.36906616E-02    0.00000000E+00    0.39740865E+04    0.16553520E+05    0.24546210E+02    0.13700756E-01   -0.37225157E-01
  0.0800   -0.20137980E+03   -0.34929867E+03   -0.52093666E+03   -0.67239530E+00   -0.76472050E-03    0.83790995E-03   -0.11944167E+03   -0.13120395E+04   -0.43359728E+04   -0.64504631E+01   -0.55272635E-02    0.78120972E-02    0.00000000E+00   -0.22180359E+03   -0.83850587E+03   -0.11635724E+02   -0.64151497E-02   -0.38355366E-02    0.00000000E+00    0.43604666E+04    0.15878672E+05    0.23940745E+02    0.13024833E-01   -0.35824952E-01
  0.0900   -0.22127322E+03   -0.42311499E+03   -0.62970770E+03   -0.82561513E+00   -0.92630815E-03    0.10109499E-02   -0.11718486E+03   -0.15615483E+04   -0.46588246E+04   -0.70551309E+01   -0.59390933E-02    0.83935017E-02    0.00000000E+00   -0.20053590E+03   -0.67419276E+03   -0.11309180E+02   -0.60565850E-02   -0.39824714E-02    0.00000000E+00    0.46867443E+04    0.15157602E+05    0.23283491E+02    0.12305711E-01   -0.34325743E-01
  0.1000   -0.23967325E+03   -0.50379992E+03   -0.73888742E+03   -0.98582355E+00   -0.10894598E-02    0.11836831E-02   -0.11505105E+03   -0.18134986E+04   -0.49206622E+04   -0.75999732E+01   -0.62732206E-02    0.88649020E-02    0.00000000E+00   -0.16673614E+03   -0.50591746E+03   -0.10961358E+02   -0.56832344E-02   -0.41268096E-02    0.00000000E+00    0.49520990E+04    0.14402945E+05    0.22583233E+02    0.11556814E-01   -0.32752983E-01
  0.1100   -0.25657742E+03   -0.59044921E+03   -0.84575062E+03   -0.11503133E+01   -0.12502954E-02    0.13516057E-02   -0.11309719E+03   -0.20618787E+04   -0.51222517E+04   -0.80837472E+01   -0.65306202E-02    0.92276803E-02    0.00000000E+00   -0.12116176E+03   -0.33719698E+03   -0.10596647E+02   -0.53015803E-02   -0.42642140E-02    0.00000000E+00    0.51572898E+04    0.13626987E+05    0.21848758E+02    0.10791114E-01   -0.31131496E-01
  0.1200   -0.27200944E+03   -0.68189809E+03   -0.94785525E+03   -0.13165027E+01   -0.14053145E-02    0.15107054E-02   -0.11136020E+03   -0.23012530E+04   -0.52657781E+04   -0.85063416E+01   -0.67140739E-02    0.94857772E-02    0.00000000E+00   -0.64939812E+02   -0.17125743E+03   -0.10219329E+02   -0.49176862E-02   -0.43908230E-02    0.00000000E+00    0.53044911E+04    0.12841306E+05    0.21088642E+02    0.10020749E-01   -0.29484758E-01
  0.1300   -0.28601331E+03   -0.77678900E+03   -0.10431161E+04   -0.14819993E+01   -0.15515000E-02    0.16575843E-02   -0.10985587E+03   -0.25269223E+04   -0.53546327E+04   -0.88686705E+01   -0.68278991E-02    0.96453078E-02    0.00000000E+00    0.50756750E+00   -0.10942566E+02   -0.98334801E+01   -0.45370362E-02   -0.45033721E-02    0.00000000E+00    0.53970801E+04    0.12056470E+05    0.20311055E+02    0.92566970E-02   -0.27834312E-01
  0.1400   -0.29864707E+03   -0.87364567E+03   -0.11298548E+04   -0.16446504E+01   -0.16863889E-02    0.17895418E-02   -0.10857933E+03   -0.27350359E+04   -0.53931661E+04   -0.91725413E+01   -0.68776352E-02    0.97141174E-02    0.00000000E+00    0.73546763E+02    0.14135208E+03   -0.94428991E+01   -0.41644158E-02   -0.45992770E-02    0.00000000E+00    0.54393914E+04    0.11281820E+05    0.19523608E+02    0.85085387E-02   -0.26199306E-01
  0.1500   -0.30997683E+03   -0.97094837E+03   -0.12068247E+04   -0.18025788E+01   -0.18081100E-02    0.19046138E-02   -0.10750723E+03   -0.29226520E+04   -0.53864246E+04   -0.94205058E+01   -0.68697073E-02    0.97013053E-02    0.00000000E+00    0.15241979E+03    0.28371769E+03   -0.90510429E+01   -0.38038352E-02   -0.46766757E-02    0.00000000E+00    0.54364529E+04    0.10525315E+05    0.18733229E+02    0.77843051E-02   -0.24596197E-01
  0.1600   -0.32007138E+03   -0.10672057E+04   -0.12732116E+04   -0.19542029E+01   -0.19153879E-02    0.20015713E-02   -0.10660117E+03   -0.30877474E+04   -0.53398846E+04   -0.96157014E+01   -0.68110885E-02    0.96167468E-02    0.00000000E+00    0.23532957E+03    0.41474381E+03   -0.86609877E+01   -0.34584960E-02   -0.47344305E-02    0.00000000E+00    0.53937216E+04    0.97934624E+04    0.17946087E+02    0.70904101E-02   -0.23038591E-01
  0.1700   -0.32899775E+03   -0.11610189E+04   -0.13286130E+04   -0.20982434E+01   -0.20075170E-02    0.20798814E-02   -0.10581216E+03   -0.32291811E+04   -0.52592011E+04   -0.97616942E+01   -0.67089789E-02    0.94706384E-02    0.00000000E+00    0.32051849E+03    0.53350510E+03   -0.82754069E+01   -0.31307985E-02   -0.47720950E-02    0.00000000E+00    0.53168321E+04    0.90913180E+04    0.17167547E+02    0.64316647E-02   -0.21537231E-01
  0.1800   -0.33681809E+03   -0.12511343E+04   -0.13729986E+04   -0.22337167E+01   -0.20843105E-02    0.21396376E-02   -0.10508557E+03   -0.33466192E+04   -0.51499807E+04   -0.98623272E+01   -0.65705174E-02    0.92730898E-02    0.00000000E+00    0.40633632E+03    0.63952676E+03   -0.78965663E+01   -0.28223830E-02   -0.47898488E-02    0.00000000E+00    0.52113706E+04    0.84225505E+04    0.16402155E+02    0.58113601E-02   -0.20100112E-01
  0.1900   -0.34358780E+03   -0.13364836E+04   -0.14066569E+04   -0.23599174E+01   -0.21460298E-02    0.21814658E-02   -0.10436626E+03   -0.34404291E+04   -0.50175910E+04   -0.99215839E+01   -0.64025386E-02    0.90337798E-02    0.00000000E+00    0.49129437E+03    0.73273282E+03   -0.75263351E+01   -0.25342011E-02   -0.47884097E-02    0.00000000E+00    0.50826846E+04    0.77895566E+04    0.15653668E+02    0.52314099E-02   -0.18732695E-01
  0.2000   -0.34935503E+03   -0.14162088E+04   -0.14301325E+04   -0.24763927E+01   -0.21933010E-02    0.22064159E-02   -0.10360329E+03   -0.35115531E+04   -0.48670117E+04   -0.99434682E+01   -0.62113828E-02    0.87616872E-02    0.00000000E+00    0.57410432E+03    0.81338280E+03   -0.71662086E+01   -0.22666062E-02   -0.47689297E-02    0.00000000E+00    0.49357341E+04    0.71936155E+04    0.14925094E+02    0.46925316E-02   -0.17438196E-01
  0.2100   -0.35416130E+03   -0.14896723E+04   -0.14441603E+04   -0.25829110E+01   -0.22270257E-02    0.22158470E-02   -0.10275396E+03   -0.35613729E+04   -0.47027291E+04   -0.99319064E+01   -0.60027625E-02    0.84649019E-02    0.00000000E+00    0.65370105E+03    0.88200169E+03   -0.68173403E+01   -0.20194578E-02   -0.47328832E-02    0.00000000E+00    0.47749874E+04    0.66350665E+04    0.14218758E+02    0.41944542E-02   -0.16217930E-01
  0.2200   -0.35804312E+03   -0.15564539E+04   -0.14495996E+04   -0.26794274E+01   -0.22482924E-02    0.22113139E-02   -0.10178678E+03   -0.35915733E+04   -0.45286761E+04   -0.98906713E+01   -0.57816853E-02    0.81505155E-02    0.00000000E+00    0.72925014E+03    0.93930877E+03   -0.64805799E+01   -0.17922291E-02   -0.46819563E-02    0.00000000E+00    0.46043605E+04    0.61134975E+04    0.13536376E+02    0.37361343E-02   -0.15071675E-01
  0.2300   -0.36103425E+03   -0.16163360E+04   -0.14473733E+04   -0.27660488E+01   -0.22582935E-02    0.21944638E-02   -0.10068320E+03   -0.36040141E+04   -0.43482119E+04   -0.98233279E+01   -0.55524284E-02    0.78245852E-02    0.00000000E+00    0.80014163E+03    0.98614962E+03   -0.61565141E+01   -0.15841125E-02   -0.46179428E-02    0.00000000E+00    0.44271973E+04    0.56279294E+04    0.12879140E+02    0.33159667E-02   -0.13998021E-01
  0.2400   -0.36316816E+03   -0.16692794E+04   -0.14384159E+04   -0.28430004E+01   -0.22582541E-02    0.21669462E-02   -0.99438108E+02   -0.36006186E+04   -0.41641367E+04   -0.97331993E+01   -0.53185570E-02    0.74921600E-02    0.00000000E+00    0.86597255E+03    0.10234353E+04   -0.58455080E+01   -0.13941157E-02   -0.45426530E-02    0.00000000E+00    0.42462841E+04    0.51769869E+04    0.12247799E+02    0.29319764E-02   -0.12994714E-01
  0.2500   -0.36448050E+03   -0.17153929E+04   -0.14236310E+04   -0.29105951E+01   -0.22493733E-02    0.21303423E-02   -0.98059020E+02   -0.35832812E+04   -0.39787332E+04   -0.96233509E+01   -0.50829778E-02    0.71573566E-02    0.00000000E+00    0.92652104E+03    0.10520911E+04   -0.55477434E+01   -0.12211443E-02   -0.44578396E-02    0.00000000E+00    0.40638921E+04    0.47590469E+04    0.11642733E+02    0.25819844E-02   -0.12058939E-01
  0.2600   -0.36501126E+03   -0.17549003E+04   -0.14038614E+04   -0.29692078E+01   -0.22327818E-02    0.20861136E-02   -0.96564189E+02   -0.35537990E+04   -0.37938281E+04   -0.94965877E+01   -0.48480165E-02    0.68234685E-02    0.00000000E+00    0.98171531E+03    0.10730173E+04   -0.52632549E+01   -0.10640690E-02   -0.43651424E-02    0.00000000E+00    0.38818375E+04    0.43723603E+04    0.11064030E+02    0.22637409E-02   -0.11187564E-01
  0.2700   -0.36480614E+03   -0.17881063E+04   -0.13798698E+04   -0.30192541E+01   -0.22095150E-02    0.20355717E-02   -0.94979904E+02   -0.35138264E+04   -0.36108631E+04   -0.93554632E+01   -0.46155086E-02    0.64930955E-02    0.00000000E+00    0.10316005E+04    0.10870611E+04   -0.49919594E+01   -0.92177369E-03   -0.42660519E-02    0.00000000E+00    0.37015536E+04    0.40151432E+04    0.10511541E+02    0.19750232E-02   -0.10377324E-01
  0.2800   -0.36391737E+03   -0.18153656E+04   -0.13523311E+04   -0.30611739E+01   -0.21804998E-02    0.19798660E-02   -0.93337249E+02   -0.34648523E+04   -0.34309686E+04   -0.92022945E+01   -0.43868934E-02    0.61682759E-02    0.00000000E+00    0.10763065E+04    0.10950005E+04   -0.47336816E+01   -0.79318852E-03   -0.41618920E-02    0.00000000E+00    0.35241637E+04    0.36856392E+04    0.99849338E+01    0.17137002E-02   -0.96249482E-02
  0.2900   -0.36240348E+03   -0.18370559E+04   -0.13218333E+04   -0.30954200E+01   -0.21465541E-02    0.19199871E-02   -0.91668692E+02   -0.34081952E+04   -0.32550335E+04   -0.90391810E+01   -0.41633028E-02    0.58506130E-02    0.00000000E+00    0.11160183E+04    0.10975383E+04   -0.44881741E+01   -0.67730636E-03   -0.40538173E-02    0.00000000E+00    0.33505513E+04    0.33821563E+04    0.94837296E+01    0.14777662E-02   -0.89272350E-02
  0.3000   -0.36032836E+03   -0.18535570E+04   -0.12888852E+04   -0.31224505E+01   -0.21083960E-02    0.18567821E-02   -0.90004839E+02   -0.33450147E+04   -0.30837662E+04   -0.88680239E+01   -0.39456384E-02    0.55413837E-02    0.00000000E+00    0.11509520E+04    0.10953037E+04   -0.42551319E+01   -0.57318746E-03   -0.39428237E-02    0.00000000E+00    0.31814205E+04    0.31030802E+04    0.90073361E+01    0.12653499E-02   -0.82810905E-02
  0.3100   -0.35775957E+03   -0.18652356E+04   -0.12539286E+04   -0.31427242E+01   -0.20666586E-02    0.17909778E-02   -0.88371643E+02   -0.32763318E+04   -0.29177422E+04   -0.86905443E+01   -0.37346331E-02    0.52416259E-02    0.00000000E+00    0.11813359E+04    0.10888600E+04   -0.40342041E+01   -0.47995487E-03   -0.38297675E-02    0.00000000E+00    0.30173439E+04    0.28468734E+04    0.85550682E+01    0.10747054E-02   -0.76835300E-02
  0.3200   -0.35476621E+03   -0.18724368E+04   -0.12173531E+04   -0.31566983E+01   -0.20219077E-02    0.17232063E-02   -0.86788324E+02   -0.32030548E+04   -0.27574384E+04   -0.85082983E+01   -0.35308943E-02    0.49521997E-02    0.00000000E+00    0.12073982E+04    0.10787156E+04   -0.38250019E+01   -0.39678426E-03   -0.37153883E-02    0.00000000E+00    0.28587968E+04    0.26120623E+04    0.81261648E+01    0.90419160E-03   -0.71316617E-02
  0.3300   -0.35141637E+03   -0.18754816E+04   -0.11795097E+04   -0.31648269E+01   -0.19746597E-02    0.16540313E-02   -0.85266132E+02   -0.31260064E+04   -0.26032541E+04   -0.83226890E+01   -0.33349303E-02    0.46738252E-02    0.00000000E+00    0.12293598E+04    0.10653360E+04   -0.36271052E+01   -0.32289152E-03   -0.36003341E-02    0.00000000E+00    0.27061779E+04    0.23972216E+04    0.77198015E+01    0.75224766E-03   -0.66226609E-02
  0.3400   -0.34777470E+03   -0.18746684E+04   -0.11407231E+04   -0.31675606E+01   -0.19253970E-02    0.15839693E-02   -0.83808027E+02   -0.30459469E+04   -0.24555199E+04   -0.81349753E+01   -0.31471620E-02    0.44070981E-02    0.00000000E+00    0.12474329E+04    0.10491548E+04   -0.34400671E+01   -0.25752104E-03   -0.34851830E-02    0.00000000E+00    0.25598177E+04    0.22009573E+04    0.73351005E+01    0.61736934E-03   -0.61537441E-02
  0.3600   -0.33984392E+03   -0.18625781E+04   -0.10615373E+04   -0.31586195E+01   -0.18226484E-02    0.14431076E-02   -0.81058563E+02   -0.28796275E+04   -0.21803720E+04   -0.77575818E+01   -0.27974481E-02    0.39103357E-02    0.00000000E+00    0.12727315E+04    0.10100116E+04   -0.30966778E+01   -0.14941776E-03   -0.32566580E-02    0.00000000E+00    0.22868505E+04    0.18586802E+04    0.66269679E+01    0.39297772E-03   -0.53251405E-02
  0.3700   -0.33564880E+03   -0.18518348E+04   -0.10217169E+04   -0.31478132E+01   -0.17700320E-02    0.13732189E-02   -0.79740268E+02   -0.27947048E+04   -0.20532481E+04   -0.75697433E+01   -0.26358719E-02    0.36808228E-02    0.00000000E+00    0.12803640E+04    0.98781974E+03   -0.29393469E+01   -0.10525775E-03   -0.31442260E-02    0.00000000E+00    0.21605383E+04    0.17099691E+04    0.63016062E+01    0.30062233E-03   -0.49599953E-02
  0.3800   -0.33134807E+03   -0.18383132E+04   -0.98210975E+03   -0.31333429E+01   -0.17171377E-02    0.13042642E-02   -0.78436276E+02   -0.27094458E+04   -0.19331386E+04   -0.73834906E+01   -0.24832104E-02    0.34639749E-02    0.00000000E+00    0.12849317E+04    0.96436718E+03   -0.27909271E+01   -0.66770113E-04   -0.30335880E-02    0.00000000E+00    0.20410596E+04    0.15744513E+04    0.59940701E+01    0.21965739E-03   -0.46240477E-02
  0.3900   -0.32696607E+03   -0.18222839E+04   -0.94296761E+03   -0.31156083E+01   -0.16643468E-02    0.12366365E-02   -0.77128462E+02   -0.26244304E+04   -0.18199634E+04   -0.71994304E+01   -0.23393615E-02    0.32596469E-02    0.00000000E+00    0.12866567E+04    0.93999356E+03   -0.26509211E+01   -0.33295568E-04   -0.29251295E-02    0.00000000E+00    0.19283385E+04    0.14508586E+04    0.57033783E+01    0.14876968E-03   -0.43147101E-02
  0.4000   -0.32251897E+03   -0.18040233E+04   -0.90451751E+03   -0.30949881E+01   -0.16120064E-02    0.11706876E-02   -0.75800781E+02   -0.25401858E+04   -0.17135501E+04   -0.70180551E+01   -0.22041062E-02    0.30675282E-02    0.00000000E+00    0.12857726E+04    0.91501220E+03   -0.25188402E+01   -0.42124144E-05   -0.28191927E-02    0.00000000E+00    0.18222079E+04    0.13379861E+04    0.54285667E+01    0.86720739E-04   -0.40295135E-02
  0.4100   -0.31801630E+03   -0.17838125E+04   -0.86695504E+03   -0.30718355E+01   -0.15604191E-02    0.11067161E-02   -0.74441003E+02   -0.24571739E+04   -0.16136428E+04   -0.68397517E+01   -0.20771185E-02    0.28871569E-02    0.00000000E+00    0.12825234E+04    0.88970400E+03   -0.23942114E+01    0.21052789E-04   -0.27160683E-02    0.00000000E+00    0.17224174E+04    0.12347115E+04    0.51687013E+01    0.32368292E-04   -0.37661478E-02
  0.4200   -0.31346270E+03   -0.17619336E+04   -0.83043864E+03   -0.30464753E+01   -0.15098363E-02    0.10449584E-02   -0.73041918E+02   -0.23757805E+04   -0.15199150E+04   -0.66648140E+01   -0.19579831E-02    0.27179443E-02    0.00000000E+00    0.12771602E+04    0.86431185E+03   -0.22765822E+01    0.43015570E-04   -0.26159881E-02    0.00000000E+00    0.16286467E+04    0.11400133E+04    0.49228893E+01   -0.15314443E-04   -0.35224971E-02
  0.4300   -0.30885996E+03   -0.17386633E+04   -0.79508574E+03   -0.30192016E+01   -0.14604522E-02    0.98558144E-03   -0.71601914E+02   -0.22963072E+04   -0.14319885E+04   -0.64934550E+01   -0.18462186E-02    0.25592082E-02    0.00000000E+00    0.12699359E+04    0.83903655E+03   -0.21655257E+01    0.62126319E-04   -0.25191194E-02    0.00000000E+00    0.15405241E+04    0.10529839E+04    0.46902881E+01   -0.57224311E-04   -0.32966664E-02
  0.4400   -0.30420901E+03   -0.17142670E+04   -0.76097142E+03   -0.29902764E+01   -0.14124024E-02    0.92868061E-03   -0.70124892E+02   -0.22189693E+04   -0.13494551E+04   -0.63258219E+01   -0.17413054E-02    0.24102124E-02    0.00000000E+00    0.12610989E+04    0.81403492E+03   -0.20606431E+01    0.78766522E-04   -0.24255632E-02    0.00000000E+00    0.14576484E+04    0.97283748E+03    0.44701107E+01   -0.94120683E-04   -0.30869969E-02
  0.4500   -0.29951165E+03   -0.16889910E+04   -0.72812988E+03   -0.29599306E+01   -0.13657654E-02    0.87428254E-03   -0.68619587E+02   -0.21438972E+04   -0.12718990E+04   -0.61620103E+01   -0.16427144E-02    0.22702069E-02    0.00000000E+00    0.12508857E+04    0.78942047E+03   -0.19615652E+01    0.93249016E-04   -0.23353558E-02    0.00000000E+00    0.13796107E+04    0.89890959E+03    0.42616292E+01   -0.12662595E-03   -0.28920675E-02
  0.4600   -0.29477195E+03   -0.16630569E+04   -0.69655871E+03   -0.29283653E+01   -0.13205689E-02    0.82235227E-03   -0.67098393E+02   -0.20711449E+04   -0.11989186E+04   -0.60020778E+01   -0.15499342E-02    0.21384670E-02    0.00000000E+00    0.12395144E+04    0.76526672E+03   -0.18679522E+01    0.10582231E-03   -0.22484749E-02    0.00000000E+00    0.13060166E+04    0.83065074E+03    0.40641735E+01   -0.15523419E-03   -0.27106814E-02
  0.4700   -0.28999708E+03   -0.16366559E+04   -0.66622543E+03   -0.28957547E+01   -0.12767979E-02    0.77280478E-03   -0.65575853E+02   -0.20007016E+04   -0.11301442E+04   -0.58460565E+01   -0.14624947E-02    0.20143262E-02    0.00000000E+00    0.12271796E+04    0.74161283E+03   -0.17794919E+01    0.11667853E-03   -0.21648489E-02    0.00000000E+00    0.12365039E+04    0.76761290E+03    0.38771284E+01   -0.18032700E-03   -0.25418421E-02
  0.4800   -0.28519767E+03   -0.16099467E+04   -0.63707582E+03   -0.28622504E+01   -0.12344063E-02    0.72551928E-03   -0.64067005E+02   -0.19325085E+04   -0.10652523E+04   -0.56939630E+01   -0.13799841E-02    0.18972008E-02    0.00000000E+00    0.12140483E+04    0.71847099E+03   -0.16958969E+01    0.12596416E-03   -0.20843688E-02    0.00000000E+00    0.11707562E+04    0.70943131E+03    0.36999279E+01   -0.20219502E-03   -0.23847180E-02
  0.4900   -0.28038759E+03   -0.15830544E+04   -0.60904297E+03   -0.28279853E+01   -0.11933293E-02    0.68035495E-03   -0.62585760E+02   -0.18664753E+04   -0.10039730E+04   -0.55458054E+01   -0.13020590E-02    0.17866037E-02    0.00000000E+00    0.12002580E+04    0.69583490E+03   -0.16169011E+01    0.13379245E-03   -0.20069020E-02    0.00000000E+00    0.11085110E+04    0.65580331E+03    0.35320474E+01   -0.22106271E-03   -0.22386023E-02
  0.5000   -0.27558324E+03   -0.15560725E+04   -0.58205631E+03   -0.27930783E+01   -0.11534948E-02    0.63716656E-03   -0.61143503E+02   -0.18024987E+04   -0.94609155E+03   -0.54015886E+01   -0.12284465E-02    0.16821476E-02    0.00000000E+00    0.11859180E+04    0.67368831E+03   -0.15422555E+01    0.14025613E-03   -0.19323056E-02    0.00000000E+00    0.10495606E+04    0.60646636E+03    0.33729965E+01   -0.23711382E-03   -0.21028713E-02
  0.5500   -0.25225441E+03   -0.14214786E+04   -0.46094527E+03   -0.26125392E+01   -0.97112736E-03    0.44694317E-03   -0.54645520E+02   -0.15106378E+04   -0.70313219E+03   -0.47395719E+01   -0.91932678E-03    0.12438173E-02    0.00000000E+00    0.11082326E+04    0.56990520E+03   -0.12263308E+01    0.15522484E-03   -0.15980544E-02    0.00000000E+00    0.79995347E+03    0.41550830E+03    0.26945133E+01   -0.28131828E-03   -0.15596047E-02
  0.6000   -0.23103265E+03   -0.12897375E+04   -0.36164573E+03   -0.24304904E+01   -0.81648689E-03    0.29609454E-03   -0.48810096E+02   -0.12642930E+04   -0.52889809E+03   -0.41732778E+01   -0.69741688E-03    0.92970642E-03    0.00000000E+00    0.10241526E+04    0.47915089E+03   -0.98695611E+00    0.15174686E-03   -0.13223322E-02    0.00000000E+00    0.61749413E+03    0.29201960E+03    0.21731848E+01   -0.28633819E-03   -0.11847190E-02
  0.6500   -0.21166955E+03   -0.11660175E+04   -0.28424468E+03   -0.22556750E+01   -0.69099206E-03    0.18346968E-03   -0.42905363E+02   -0.10646458E+04   -0.40453228E+03   -0.36916600E+01   -0.53875173E-03    0.70576760E-03    0.00000000E+00    0.93988620E+03    0.40429918E+03   -0.80259820E+00    0.14327734E-03   -0.11005249E-02    0.00000000E+00    0.48405627E+03    0.20461126E+03    0.17663213E+01   -0.27913731E-03   -0.90861161E-03
  0.7000   -0.19362535E+03   -0.10550343E+04   -0.22366739E+03   -0.20912743E+01   -0.58864041E-03    0.99458910E-04   -0.37455466E+02   -0.90250316E+03   -0.30961580E+03   -0.32799967E+01   -0.41737643E-03    0.53513803E-03    0.00000000E+00    0.86133917E+03    0.34277069E+03   -0.65928334E+00    0.13287940E-03   -0.92163411E-03    0.00000000E+00    0.37981964E+03    0.14173453E+03    0.14461002E+01   -0.26599518E-03   -0.70203297E-03
  0.7500   -0.17737445E+03   -0.95545830E+03   -0.17385405E+03   -0.19376987E+01   -0.50175325E-03    0.33098328E-04   -0.32937432E+02   -0.76602432E+03   -0.23793064E+03   -0.29284799E+01   -0.32541664E-03    0.40656272E-03    0.00000000E+00    0.78880132E+03    0.29006077E+03   -0.54789685E+00    0.11895179E-03   -0.77340278E-03    0.00000000E+00    0.29900378E+03    0.10142137E+03    0.11942153E+01   -0.24392763E-03   -0.55594441E-03
  0.8000   -0.16311685E+03   -0.86490331E+03   -0.13407738E+03   -0.17961968E+01   -0.42957011E-03   -0.17089090E-04   -0.28808340E+02   -0.65323617E+03   -0.18771865E+03   -0.26294490E+01   -0.26067321E-03    0.31683199E-03    0.00000000E+00    0.72097749E+03    0.24599851E+03   -0.46011856E+00    0.10505565E-03   -0.65174402E-03    0.00000000E+00    0.24015129E+03    0.73932447E+02    0.99379882E+00   -0.22031085E-03   -0.44775960E-03
  0.8500   -0.15018016E+03   -0.78445549E+03   -0.10389791E+03   -0.16672943E+01   -0.37158935E-03   -0.51953658E-04   -0.24812239E+02   -0.56290208E+03   -0.15003261E+03   -0.23728976E+01   -0.21178793E-03    0.24977840E-03    0.00000000E+00    0.65945547E+03    0.21069067E+03   -0.38953305E+00    0.94244097E-04   -0.55393312E-03    0.00000000E+00    0.19451597E+03    0.51213983E+02    0.83168958E+00   -0.20151542E-03   -0.35907217E-03
  0.9000   -0.13830022E+03   -0.71414067E+03   -0.79508270E+02   -0.15494785E+01   -0.32271408E-03   -0.78111652E-04   -0.21425295E+02   -0.48735578E+03   -0.11871086E+03   -0.21506214E+01   -0.17094495E-03    0.19426191E-03    0.00000000E+00    0.60495889E+03    0.18100528E+03   -0.33286361E+00    0.84021576E-04   -0.47283034E-03    0.00000000E+00    0.15604527E+03    0.35420476E+02    0.70094212E+00   -0.18280617E-03   -0.29177514E-03
  0.9500   -0.12780898E+03   -0.65107808E+03   -0.58866412E+02   -0.14416151E+01   -0.28015592E-03   -0.99056925E-04   -0.18663886E+02   -0.42213277E+03   -0.95649040E+02   -0.19585541E+01   -0.14058366E-03    0.15367488E-03    0.00000000E+00    0.55540990E+03    0.15510218E+03   -0.28742162E+00    0.73275977E-04   -0.40388660E-03    0.00000000E+00    0.12666524E+03    0.26820110E+02    0.59575885E+00   -0.16219496E-03   -0.24470542E-03
  1.0000   -0.11853579E+03   -0.59411914E+03   -0.42984999E+02   -0.13437276E+01   -0.24519527E-03   -0.11295450E-03   -0.16053865E+02   -0.36869408E+03   -0.79952536E+02   -0.17922826E+01   -0.11958598E-03    0.12638321E-03    0.00000000E+00    0.51000508E+03    0.13391331E+03   -0.25001045E+00    0.64662629E-04   -0.34731366E-03    0.00000000E+00    0.10546831E+03    0.19534632E+02    0.50932373E+00   -0.14520191E-03   -0.20529903E-03
  1.1000   -0.10215264E+03   -0.50003948E+03   -0.20651866E+02   -0.11737641E+01   -0.19122713E-03   -0.12769290E-03   -0.11760544E+02   -0.28676619E+03   -0.54240395E+02   -0.15170717E+01   -0.84843323E-04    0.82024005E-04    0.00000000E+00    0.43403076E+03    0.10160650E+03   -0.19320857E+00    0.51478658E-04   -0.26110765E-03    0.00000000E+00    0.71032662E+02    0.90771919E+01    0.37895883E+00   -0.11804653E-03   -0.14597196E-03
  1.2000   -0.89068153E+02   -0.42358281E+03   -0.57222697E+01   -0.10322420E+01   -0.15100274E-03   -0.13339852E-03   -0.86228668E+01   -0.22616904E+03   -0.40695588E+02   -0.13031585E+01   -0.65693950E-04    0.59503591E-04    0.00000000E+00    0.37121361E+03    0.77724100E+02   -0.15377676E+00    0.40472918E-04   -0.19864062E-03    0.00000000E+00    0.51324595E+02    0.51319937E+01    0.28962946E+00   -0.94419662E-04   -0.11020793E-03
  1.3000   -0.77972259E+02   -0.36318186E+03    0.37587751E+01   -0.91416705E+00   -0.12125270E-03   -0.13281635E-03   -0.63241736E+01   -0.18156343E+03   -0.29209317E+02   -0.11314097E+01   -0.49318903E-04    0.40541812E-04    0.00000000E+00    0.32097296E+03    0.60375664E+02   -0.12538863E+00    0.32275725E-04   -0.15346639E-03    0.00000000E+00    0.35651538E+02    0.29602684E+01    0.22645243E+00   -0.76241536E-04   -0.85348624E-04
  1.4000   -0.68973013E+02   -0.31300847E+03    0.94551344E+01   -0.81513962E+00   -0.99184851E-04   -0.12827301E-03   -0.45374328E+01   -0.14843763E+03   -0.23644844E+02   -0.99292009E+00   -0.40661380E-04    0.32080565E-04    0.00000000E+00    0.27869159E+03    0.47693752E+02   -0.10445678E+00    0.26281256E-04   -0.12044572E-03    0.00000000E+00    0.27334767E+02    0.13394014E+01    0.18064916E+00   -0.62651873E-04   -0.66772462E-04
  1.5000   -0.61247045E+02   -0.27263121E+03    0.13544791E+02   -0.73117816E+00   -0.81423730E-04   -0.12309347E-03   -0.33904858E+01   -0.12183842E+03   -0.17861635E+02   -0.87771068E+00   -0.31906648E-04    0.23043602E-04    0.00000000E+00    0.24436185E+03    0.37582710E+02   -0.89051709E-01    0.20809133E-04   -0.94811825E-04    0.00000000E+00    0.19812126E+02    0.17232366E+01    0.14728987E+00   -0.50437304E-04   -0.55738738E-04
  1.6000   -0.54805777E+02   -0.23869668E+03    0.15244954E+02   -0.66010138E+00   -0.68640025E-04   -0.11554021E-03   -0.23861333E+01   -0.10251624E+03   -0.14766121E+02   -0.78170076E+00   -0.26748560E-04    0.18678527E-04    0.00000000E+00    0.21519095E+03    0.30492260E+02   -0.77029094E-01    0.17488321E-04   -0.76319291E-04    0.00000000E+00    0.15661291E+02    0.39809959E+00    0.12142471E+00   -0.42882439E-04   -0.44107169E-04
  2.0000   -0.36809395E+02   -0.14977852E+03    0.16919399E+02   -0.46118239E+00   -0.36862403E-04   -0.88913922E-04   -0.76743345E+00   -0.54093245E+02   -0.61506360E+01   -0.51634389E+00   -0.12353137E-04    0.65689269E-05    0.00000000E+00    0.13730491E+03    0.13150352E+02   -0.50623175E-01    0.75657415E-05   -0.32890528E-04    0.00000000E+00    0.59871720E+01    0.32261423E+00    0.63720836E-01   -0.21947227E-04   -0.22939731E-04
  2.5000   -0.24365888E+02   -0.92754599E+02    0.14046543E+02   -0.32380464E+00   -0.20137255E-04   -0.63350604E-04   -0.31587888E+00   -0.27891168E+02   -0.24395459E+01   -0.33170327E+00   -0.54466513E-05    0.20584657E-05    0.00000000E+00    0.85731676E+02    0.44907340E+01   -0.35746436E-01    0.21448057E-05   -0.11670669E-04    0.00000000E+00    0.26435095E+01   -0.12062477E+00    0.32759547E-01   -0.11549738E-04   -0.11178643E-04
  3.0000   -0.17102257E+02   -0.62490637E+02    0.11061722E+02   -0.24663106E+00   -0.12427152E-04   -0.46457879E-04   -0.26957013E+00   -0.15539737E+02   -0.83739933E+00   -0.22517913E+00   -0.23661843E-05    0.21002465E-06    0.00000000E+00    0.57632546E+02    0.84065314E+00   -0.24317017E-01   -0.30075704E-06   -0.28869761E-05    0.00000000E+00    0.13277646E+01   -0.46306200E-02    0.18106668E-01   -0.65338002E-05   -0.65195543E-05
  4.0000   -0.93125124E+01   -0.33685274E+02    0.64762983E+01   -0.17123108E+00   -0.66116331E-05   -0.26535577E-04   -0.17833825E+00   -0.59737994E+01    0.48533835E+00   -0.11667874E+00    0.11633616E-06   -0.13767782E-05    0.00000000E+00    0.30395779E+02   -0.10551690E+01    0.26744666E-02   -0.10849040E-05    0.21612604E-05    0.00000000E+00    0.10377821E+00   -0.26370336E+00    0.53578599E-02   -0.29005480E-05   -0.20892804E-05
  5.0000   -0.55549247E+01   -0.20835593E+02    0.38156758E+01   -0.13840464E+00   -0.45595295E-05   -0.16298228E-04   -0.69115018E-01   -0.26834266E+01    0.33279716E+00   -0.68636579E-01    0.16722509E-06   -0.85660545E-06    0.00000000E+00    0.18274231E+02   -0.10029270E+01    0.32832115E-01   -0.49948703E-06    0.25859579E-05    0.00000000E+00    0.12891050E+00   -0.31755155E+00    0.53406370E-03   -0.15389998E-05   -0.56207151E-06
  6.0000   -0.34854804E+01   -0.14231058E+02    0.22973545E+01   -0.12069081E+00   -0.35284489E-05   -0.10596123E-04    0.20661888E-01   -0.12908483E+01    0.40495389E+00   -0.44830118E-01    0.35210155E-06   -0.89371485E-06    0.00000000E+00    0.12183841E+02   -0.61764906E+00    0.60667352E-01    0.17111157E-06    0.20712719E-05    0.00000000E+00   -0.95620161E-01   -0.29497343E+00   -0.15807685E-02   -0.87574673E-06    0.31721346E-07
  7.0000   -0.23084872E+01   -0.10247948E+02    0.13765087E+01   -0.10871861E+00   -0.29121951E-05   -0.71469417E-05    0.96423494E-01   -0.70351576E+00    0.17410561E+00   -0.32208320E-01    0.10191177E-06   -0.43371372E-06    0.00000000E+00    0.86334731E+01   -0.23148411E+00    0.83461357E-01    0.71647910E-06    0.14286261E-05    0.00000000E+00    0.12391327E-01   -0.35862780E+00   -0.26077522E-02   -0.62269380E-06    0.48060317E-06
  8.0000   -0.15794070E+01   -0.77667539E+01    0.88089975E+00   -0.99031296E-01   -0.23777354E-05   -0.50877708E-05    0.13846580E+00   -0.31977696E+00    0.17756674E+00   -0.24875305E-01    0.13160384E-06   -0.41466961E-06    0.00000000E+00    0.64950923E+01   -0.40462998E-02    0.10061417E+00    0.98834837E-06    0.10007966E-05    0.00000000E+00   -0.76158557E-01   -0.29124620E+00   -0.30589177E-02   -0.35991163E-06    0.53608988E-06
  9.0000   -0.11328249E+01   -0.60249809E+01    0.53950485E+00   -0.90458237E-01   -0.20171940E-05   -0.36769484E-05    0.17772077E+00   -0.19442392E+00    0.57979508E-01   -0.20359225E-01   -0.35582079E-08   -0.18192869E-06    0.00000000E+00    0.50317684E+01    0.17811838E+00    0.11267179E+00    0.11871182E-05    0.63914768E-06    0.00000000E+00   -0.11451618E-01   -0.36091904E+00   -0.32956200E-02   -0.32860227E-06    0.78174355E-06
 10.0000   -0.83601671E+00   -0.48177989E+01    0.38499595E+00   -0.82546895E-01   -0.16434017E-05   -0.28278187E-05    0.19291419E+00   -0.26440561E-01    0.60541171E-01   -0.17284303E-01    0.12498605E-07   -0.17375268E-06    0.00000000E+00    0.40372909E+01    0.23359411E+00    0.12044229E+00    0.12013569E-05    0.48271857E-06    0.00000000E+00   -0.47309413E-01   -0.28951446E+00   -0.33381325E-02   -0.17410278E-06    0.71657112E-06
 12.0000   -0.50902350E+00   -0.32223401E+01    0.20450457E+00   -0.68491286E-01   -0.11400864E-05   -0.17692324E-05    0.21692248E+00    0.89136123E-01    0.93301017E-02   -0.13367452E-01   -0.34454663E-07   -0.63158162E-07    0.00000000E+00    0.27319374E+01    0.27498792E+00    0.12669223E+00    0.11490748E-05    0.30309096E-06    0.00000000E+00   -0.25696023E-01   -0.29140484E+00   -0.32807865E-02   -0.95195168E-07    0.80129437E-06
 16.0000   -0.26174550E+00   -0.16646550E+01    0.10073194E+00   -0.47148243E-01   -0.56922900E-06   -0.87912478E-06    0.23160778E+00    0.17261558E+00   -0.19170588E-01   -0.89944117E-02   -0.49986509E-07    0.89906587E-08    0.00000000E+00    0.14306192E+01    0.19182197E+00    0.11920515E+00    0.87134489E-06    0.28121610E-06    0.00000000E+00   -0.22994820E-02   -0.29970826E+00   -0.29336858E-02   -0.42506850E-07    0.87952767E-06
 20.0000   -0.17329503E+00   -0.98888979E+00    0.67408244E-01   -0.33431597E-01   -0.31100235E-06   -0.51837978E-06    0.23308327E+00    0.19744722E+00   -0.19076094E-01   -0.64600555E-02   -0.39661444E-07    0.19025017E-07    0.00000000E+00    0.83131223E+00    0.96286120E-01    0.10214677E+00    0.63178663E-06    0.33556815E-06    0.00000000E+00    0.41605108E-02   -0.30655276E+00   -0.25596751E-02   -0.31864848E-07    0.91122636E-06
 25.0000   -0.11750167E+00   -0.60555619E+00    0.49507201E-01   -0.23270327E-01   -0.16010009E-06   -0.31240603E-06    0.22892028E+00    0.21886149E+00    0.14829409E-02   -0.45160484E-02   -0.72610756E-08   -0.11823254E-07    0.00000000E+00    0.46840320E+00    0.30121830E-02    0.78452937E-01    0.40884410E-06    0.39957730E-06    0.00000000E+00   -0.10800365E-01   -0.29144372E+00   -0.21310288E-02   -0.10508915E-07    0.88610023E-06
 30.0000   -0.85399420E-01   -0.41415353E+00    0.28402886E-01   -0.17606850E-01   -0.10420127E-06   -0.19158105E-06    0.22534474E+00    0.21031264E+00   -0.12804122E-02   -0.32973393E-02   -0.76631706E-08   -0.37240593E-08    0.00000000E+00    0.27587256E+00   -0.55653798E-01    0.55674746E-01    0.25770759E-06    0.42892316E-06    0.00000000E+00   -0.50031871E-02   -0.29596714E+00   -0.17642504E-02   -0.20721436E-07    0.88980376E-06
 40.0000   -0.45230932E-01   -0.24546302E+00    0.12997031E-01   -0.12886478E-01   -0.54188373E-07   -0.94172962E-07    0.21220366E+00    0.21247855E+00    0.24859981E-02   -0.18060399E-02    0.23405413E-09   -0.74139701E-08    0.00000000E+00    0.92058186E-01   -0.14108756E+00    0.16778398E-01    0.30550570E-07    0.46459801E-06    0.00000000E+00   -0.54490196E-02   -0.26078181E+00   -0.11507464E-02   -0.20879158E-08    0.80019171E-06
 50.0000   -0.21297832E-01   -0.16874739E+00   -0.15020661E-02   -0.12223257E-01   -0.49281125E-07   -0.44660109E-07    0.19737722E+00    0.19886288E+00   -0.29115949E-02   -0.87618949E-03   -0.48735265E-08    0.40838208E-08    0.00000000E+00    0.32451646E-02   -0.17658067E+00   -0.11147090E-01   -0.99589552E-07    0.44365030E-06    0.00000000E+00    0.18447455E-02   -0.23141289E+00   -0.69576439E-03    0.23802017E-09    0.71216592E-06
 60.0000   -0.44443189E-02   -0.12908136E+00   -0.14470945E-01   -0.13058360E-01   -0.58047347E-07   -0.13528352E-07    0.18066216E+00    0.17833922E+00   -0.66522313E-04   -0.23478509E-03   -0.55205034E-10    0.14944688E-09    0.00000000E+00   -0.40429884E-01   -0.17711823E+00   -0.27954194E-01   -0.15903373E-06    0.38585991E-06    0.00000000E+00    0.87395962E-04   -0.20202125E+00   -0.37360807E-03   -0.39877999E-08    0.61751849E-06
 70.0000    0.73661403E-02   -0.10454502E+00   -0.20399489E-01   -0.14088985E-01   -0.62971757E-07   -0.21395100E-09    0.16141302E+00    0.16223619E+00    0.33154392E-02    0.20181349E-03    0.50390562E-08   -0.51606939E-08    0.00000000E+00   -0.60261323E-01   -0.15863857E+00   -0.35088313E-01   -0.17436400E-06    0.31367806E-06    0.00000000E+00   -0.27746982E-02   -0.16103260E+00   -0.15473995E-03    0.42976975E-09    0.49583692E-06
 80.0000    0.14852491E-01   -0.84717628E-01   -0.23392958E-01   -0.14624979E-01   -0.65313330E-07    0.66537047E-08    0.14104452E+00    0.14354778E+00    0.35737765E-03    0.47972403E-03    0.17441982E-08    0.64474729E-09    0.00000000E+00   -0.68381197E-01   -0.12648511E+00   -0.34666468E-01   -0.15698911E-06    0.23213475E-06    0.00000000E+00    0.33775389E-03   -0.11899790E+00   -0.17502914E-04    0.28488479E-08    0.36893876E-06
 90.0000    0.19760623E-01   -0.69933672E-01   -0.25568334E-01   -0.14379352E-01   -0.66112208E-07    0.12547241E-07    0.12049958E+00    0.11987431E+00   -0.81191957E-04    0.64010763E-03    0.14223045E-08    0.16720867E-08    0.00000000E+00   -0.67437974E-01   -0.85723439E-01   -0.28872222E-01   -0.11785120E-06    0.14587183E-06    0.00000000E+00    0.73941625E-03   -0.80896504E-01    0.59338705E-04   -0.94639845E-09    0.24792685E-06
100.0000    0.22734678E-01   -0.58847931E-01   -0.23709113E-01   -0.13331169E-01   -0.60478169E-07    0.12461498E-07    0.99579747E-01    0.99384523E-01    0.26109180E-02    0.71324060E-03    0.49186471E-08   -0.31136859E-08    0.00000000E+00   -0.60976213E-01   -0.44377788E-01   -0.19660496E-01   -0.71740499E-07    0.64785107E-07    0.00000000E+00   -0.20735063E-02   -0.38833613E-01    0.97865007E-04   -0.26785637E-09    0.11920143E-06
110.0000    0.23465163E-01   -0.47613673E-01   -0.19489615E-01   -0.11622717E-01   -0.50693713E-07    0.92649192E-08    0.79110582E-01    0.81062140E-01    0.11161837E-02    0.71958970E-03    0.29666450E-08   -0.46722736E-09    0.00000000E+00   -0.54029621E-01   -0.46671634E-02   -0.86513021E-02   -0.24030807E-07   -0.96725577E-08    0.00000000E+00   -0.73019484E-03    0.38779579E-02    0.11165877E-03    0.25593055E-08   -0.93709999E-08
120.0000    0.22656936E-01   -0.37540743E-01   -0.16484651E-01   -0.94788316E-02   -0.41880761E-07    0.88332816E-08    0.60309410E-01    0.60126493E-01   -0.68788742E-03    0.67868524E-03    0.54128862E-09    0.26575331E-08    0.00000000E+00   -0.46448411E-01    0.33955820E-01    0.28738698E-02    0.24721600E-07   -0.79741448E-07    0.00000000E+00    0.93316472E-03    0.39398640E-01    0.10874178E-03   -0.96742098E-10   -0.12130430E-06
130.0000    0.21000554E-01   -0.30320145E-01   -0.12725409E-01   -0.71492363E-02   -0.31842489E-07    0.73064698E-08    0.43217994E-01    0.42009149E-01    0.15985141E-02    0.60573928E-03    0.32715377E-08   -0.16461952E-08    0.00000000E+00   -0.37261710E-01    0.67853912E-01    0.13932365E-01    0.68246102E-07   -0.14050239E-06    0.00000000E+00   -0.14597869E-02    0.72497251E-01    0.98716554E-04   -0.13617685E-08   -0.22439522E-06
140.0000    0.18069691E-01   -0.23063981E-01   -0.74826032E-02   -0.48764921E-02   -0.20048423E-07    0.29713577E-08    0.28115149E-01    0.29490182E-01    0.15052437E-02    0.50794345E-03    0.29365183E-08   -0.16942737E-08    0.00000000E+00   -0.29197659E-01    0.95057784E-01    0.23793743E-01    0.10316715E-06   -0.18927243E-06    0.00000000E+00   -0.14434645E-02    0.10488410E+00    0.87544325E-04    0.19593829E-08   -0.32071027E-06
150.0000    0.14032232E-01   -0.15444537E-01   -0.45100965E-02   -0.28762246E-02   -0.11925313E-07    0.19497291E-08    0.16170401E-01    0.16573967E-01   -0.13920089E-02    0.39242039E-03   -0.99179225E-09    0.32906396E-08    0.00000000E+00   -0.22499963E-01    0.11800676E+00    0.31932173E-01    0.13296959E-06   -0.23007113E-06    0.00000000E+00    0.14040280E-02    0.12778053E+00    0.75374924E-04    0.74181212E-09   -0.39236733E-06
160.0000    0.98450401E-02   -0.10498524E-01   -0.31991766E-02   -0.13213119E-02   -0.69785767E-08    0.28634986E-08    0.75654286E-02    0.52464189E-02    0.45317779E-03    0.26779219E-03    0.11044839E-08   -0.28969041E-09    0.00000000E+00   -0.14309128E-01    0.13552261E+00    0.37980440E-01    0.15587653E-06   -0.26105066E-06    0.00000000E+00   -0.45807659E-03    0.14244215E+00    0.64841195E-04   -0.27146085E-08   -0.44092934E-06
170.0000    0.52911330E-02   -0.62716758E-02    0.59684147E-04   -0.33633934E-03   -0.60481472E-09   -0.78842942E-09    0.17795121E-02    0.29087669E-02    0.28983757E-02    0.13662106E-03    0.39563910E-08   -0.49602884E-08    0.00000000E+00   -0.60992113E-02    0.14396782E+00    0.41697721E-01    0.16649543E-06   -0.27641295E-06    0.00000000E+00   -0.29013738E-02    0.15704690E+00    0.60292767E-04    0.16854366E-08   -0.48145993E-06
179.9000    0.72246196E-02    0.16216542E-02   -0.15556611E-01   -0.68375881E-05   -0.20842416E-07    0.27016567E-07    0.33424870E-03   -0.26494388E-01    0.10478383E-01    0.57150737E-05    0.13345633E-07   -0.18890485E-07    0.00000000E+00    0.38597030E-02    0.15919009E+00    0.42957193E-01    0.18859192E-06   -0.30114686E-06    0.00000000E+00   -0.10462690E-01    0.12993958E+00    0.46620207E-04   -0.33931171E-07   -0.43368252E-06
180.0000    0.00000000E+00    0.00000000E+00    0.00000000E+00    0.00000000E+00    0.00000000E+00    0.00000000E+00    0.00000000E+00    0.00000000E+00    0.00000000E+00    0.00000000E+00    0.00000000E+00    0.00000000E+00    0.00000000E+00    0.00000000E+00    0.11770258E+00    0.12010468E+02    0.12651693E-06   -0.23558802E-06    0.00000000E+00    0.00000000E+00    0.23711949E+00    0.24195866E+02    0.90227402E-07   -0.63925651E-06
