  0.0000    0.00000000E+00    0.00000000E+00    0.00000000E+00    0.00000000E+00    0.00000000E+00    0.00000000E+00    0.00000000E+00    0.00000000E+00    0.00000000E+00    0.00000000E+00    0.00000000E+00    0.00000000E+00    0.00000000E+00    0.00000000E+00   -0.63971015E+07   -0.83837958E+03   -0.32812996E+02   -0.13132697E+02    0.00000000E+00    0.00000000E+00    0.77365545E+08    0.16780242E+04    0.65629219E+02   -0.17238125E+03
  0.0003   -0.22339767E+06   -0.23318332E+06   -0.14463316E+06   -0.27541197E+01   -0.21115729E+00    0.23379796E+00   -0.56444889E+05   -0.38807012E+06   -0.50652195E+07   -0.11097619E+03   -0.64499608E+01    0.91328838E+01    0.00000000E+00   -0.39740398E+06   -0.61920238E+07   -0.83286217E+03   -0.32389650E+02   -0.13340260E+02    0.00000000E+00    0.50648173E+07    0.76530790E+08    0.16669892E+04    0.64782519E+02   -0.17065987E+03
  0.0004   -0.29654601E+06   -0.31957031E+06   -0.25505811E+06   -0.48697582E+01   -0.37249882E+00    0.41217220E+00   -0.54032825E+05   -0.63904674E+06   -0.66989457E+07   -0.14722578E+03   -0.85303188E+01    0.12078587E+02    0.00000000E+00   -0.51681701E+06   -0.60350150E+07   -0.82861062E+03   -0.32064728E+02   -0.13498366E+02    0.00000000E+00    0.66984122E+07    0.75889587E+08    0.16584859E+04    0.64132670E+02   -0.16933710E+03
  0.0005   -0.36858951E+06   -0.41313286E+06   -0.39441944E+06   -0.75563099E+01   -0.57628102E+00    0.63712678E+00   -0.51034035E+05   -0.95609019E+06   -0.82868121E+07   -0.18284946E+03   -0.10552280E+02    0.14941602E+02    0.00000000E+00   -0.62534284E+06   -0.58363037E+07   -0.82319478E+03   -0.31652475E+02   -0.13697436E+02    0.00000000E+00    0.82861495E+07    0.75075381E+08    0.16476541E+04    0.63308157E+02   -0.16765676E+03
  0.0006   -0.43928178E+06   -0.51536395E+06   -0.56082935E+06   -0.10789353E+02   -0.81986074E+00    0.90549718E+00   -0.47520243E+05   -0.13351209E+07   -0.98185905E+07   -0.21770362E+03   -0.12502819E+02    0.17703487E+02    0.00000000E+00   -0.72063003E+06   -0.55981786E+07   -0.81665159E+03   -0.31156890E+02   -0.13934429E+02    0.00000000E+00    0.98178015E+07    0.74095590E+08    0.16345675E+04    0.62316978E+02   -0.16563367E+03
  0.0007   -0.50839523E+06   -0.62756729E+06   -0.75205855E+06   -0.14539846E+02   -0.11001147E+01    0.12135484E+01   -0.43575831E+05   -0.17713179E+07   -0.11284836E+08   -0.25165291E+03   -0.14369911E+02    0.20347212E+02    0.00000000E+00   -0.80056076E+06   -0.53233456E+07   -0.80902496E+03   -0.30582711E+02   -0.14205757E+02    0.00000000E+00    0.11283924E+08    0.72959006E+08    0.16193140E+04    0.61168610E+02   -0.16328540E+03
  0.0008   -0.57572358E+06   -0.75083023E+06   -0.96558010E+06   -0.18774581E+02   -0.14134997E+01    0.15570496E+01   -0.39292780E+05   -0.22592086E+07   -0.12677011E+08   -0.28457153E+03   -0.16142681E+02    0.22857384E+02    0.00000000E+00   -0.86328605E+06   -0.50148846E+07   -0.80036544E+03   -0.29935344E+02   -0.14507352E+02    0.00000000E+00    0.12675980E+08    0.71675677E+08    0.16019946E+04    0.59873865E+02   -0.16063206E+03
  0.0009   -0.64108411E+06   -0.88600218E+06   -0.11986180E+07   -0.23456695E+02   -0.17561198E+01    0.19313568E+01   -0.34770495E+05   -0.27927734E+07   -0.13987579E+08   -0.31634436E+03   -0.17811536E+02    0.25220415E+02    0.00000000E+00   -0.90725324E+06   -0.46761881E+07   -0.79072927E+03   -0.29220764E+02   -0.14834752E+02    0.00000000E+00    0.13986433E+08    0.70256717E+08    0.15827220E+04    0.58444692E+02   -0.15769589E+03
  0.0010   -0.70431903E+06   -0.10336788E+07   -0.14482004E+07   -0.28546233E+02   -0.21237990E+01    0.23315028E+01   -0.30110331E+05   -0.33655553E+07   -0.15210093E+08   -0.34686794E+03   -0.19368263E+02    0.27424677E+02    0.00000000E+00   -0.93122850E+06   -0.43109071E+07   -0.78017784E+03   -0.28445424E+02   -0.15183177E+02    0.00000000E+00    0.15208836E+08    0.68714153E+08    0.15616187E+04    0.56893998E+02   -0.15450098E+03
  0.0012   -0.82391108E+06   -0.13676081E+07   -0.19844636E+07   -0.39775861E+02   -0.29166907E+01    0.31883927E+01   -0.20783837E+05   -0.46014670E+07   -0.17370905E+08   -0.40381602E+03   -0.22119802E+02    0.31320746E+02    0.00000000E+00   -0.91593815E+06   -0.35160837E+07   -0.75659493E+03   -0.26740005E+02   -0.15922984E+02    0.00000000E+00    0.17369441E+08    0.65309643E+08    0.15144520E+04    0.53483127E+02   -0.14743808E+03
  0.0014   -0.93375753E+06   -0.17520985E+07   -0.25487994E+07   -0.52104875E+02   -0.37561006E+01    0.40851280E+01   -0.12082414E+05   -0.59110565E+07   -0.19131191E+08   -0.45484439E+03   -0.24361319E+02    0.34494643E+02    0.00000000E+00   -0.81428020E+06   -0.26622886E+07   -0.73017726E+03   -0.24876152E+02   -0.16685781E+02    0.00000000E+00    0.19129542E+08    0.61569032E+08    0.14616157E+04    0.49755385E+02   -0.13965806E+03
  0.0015   -0.98490399E+06   -0.19620258E+07   -0.28335743E+07   -0.58566207E+02   -0.41820334E+01    0.45352884E+01   -0.81741412E+04   -0.65760726E+07   -0.19857457E+08   -0.47801839E+03   -0.25286134E+02    0.35804143E+02    0.00000000E+00   -0.73153813E+06   -0.22232877E+07   -0.71608872E+03   -0.23902951E+02   -0.17063140E+02    0.00000000E+00    0.19855725E+08    0.59606820E+08    0.14334381E+04    0.47808963E+02   -0.13556785E+03
  0.0016   -0.10335132E+07   -0.21825950E+07   -0.31160628E+07   -0.65164218E+02   -0.46063935E+01    0.49799870E+01   -0.46494014E+04   -0.72390009E+07   -0.20481436E+08   -0.49959452E+03   -0.26080697E+02    0.36929213E+02    0.00000000E+00   -0.62839565E+06   -0.17813859E+07   -0.70151258E+03   -0.22911721E+02   -0.17431394E+02    0.00000000E+00    0.20479625E+08    0.57601280E+08    0.14042852E+04    0.45826481E+02   -0.13138041E+03
  0.0017   -0.10795959E+07   -0.24126947E+07   -0.33934516E+07   -0.71854209E+02   -0.50251609E+01    0.54145897E+01   -0.15583613E+04   -0.78935780E+07   -0.21004658E+08   -0.51956030E+03   -0.26746959E+02    0.37872613E+02    0.00000000E+00   -0.50585776E+06   -0.13402549E+07   -0.68652223E+03   -0.21909294E+02   -0.17786080E+02    0.00000000E+00    0.21002775E+08    0.55565405E+08    0.13743039E+04    0.43821607E+02   -0.12712203E+03
  0.0018   -0.11231802E+07   -0.26510439E+07   -0.36631389E+07   -0.78593028E+02   -0.54345996E+01    0.58348278E+01    0.10621966E+04   -0.85339730E+07   -0.21429599E+08   -0.53791521E+03   -0.27288072E+02    0.38638807E+02    0.00000000E+00   -0.36517289E+06   -0.90334414E+06   -0.67118956E+03   -0.20902177E+02   -0.18123093E+02    0.00000000E+00    0.21427650E+08    0.53511624E+08    0.13436379E+04    0.41807350E+02   -0.12281796E+03
  0.0019   -0.11643080E+07   -0.28962236E+07   -0.39227674E+07   -0.85339538E+02   -0.58313048E+01    0.62368541E+01    0.31931826E+04   -0.91548580E+07   -0.21759598E+08   -0.55467007E+03   -0.27708286E+02    0.39233814E+02    0.00000000E+00   -0.20780165E+06   -0.47384770E+06   -0.65558449E+03   -0.19896493E+02   -0.18438729E+02    0.00000000E+00    0.21757588E+08    0.51451708E+08    0.13124271E+04    0.39795959E+02   -0.11849214E+03
  0.0020   -0.12030340E+07   -0.31467081E+07   -0.41702471E+07   -0.92054951E+02   -0.62122352E+01    0.66172804E+01    0.48271636E+04   -0.97514636E+07   -0.21998727E+08   -0.56984589E+03   -0.28012789E+02    0.39664977E+02    0.00000000E+00   -0.35376587E+05   -0.54661552E+05   -0.63977410E+03   -0.18897901E+02   -0.18729738E+02    0.00000000E+00    0.21996662E+08    0.49396610E+08    0.12808057E+04    0.37798751E+02   -0.11416696E+03
  0.0030   -0.14733888E+07   -0.55964447E+07   -0.57253695E+07   -0.15109178E+03   -0.87709004E+01    0.88428559E+01    0.10581733E+04   -0.13773407E+08   -0.20592786E+08   -0.64472949E+03   -0.26222488E+02    0.37129984E+02    0.00000000E+00    0.21084157E+07    0.31688696E+07   -0.48249029E+03   -0.10169105E+02   -0.19917943E+02    0.00000000E+00    0.20590449E+08    0.30845288E+08    0.96622976E+03    0.20340894E+02   -0.74552788E+02
  0.0040   -0.15719706E+07   -0.71821851E+07   -0.56973979E+07   -0.18624424E+03   -0.90796561E+01    0.84480474E+01   -0.40268191E+04   -0.14263095E+08   -0.16046925E+08   -0.62287290E+03   -0.20433870E+02    0.28933533E+02    0.00000000E+00    0.39608699E+07    0.44392859E+07   -0.34958111E+03   -0.46438812E+01   -0.18301078E+02    0.00000000E+00    0.16044667E+08    0.18075791E+08    0.70040151E+03    0.92901727E+01   -0.46318917E+02
  0.0050   -0.15439539E+07   -0.77226342E+07   -0.48818140E+07   -0.19893118E+03   -0.81653637E+01    0.68532447E+01    0.15021629E+04   -0.12821405E+08   -0.11545175E+08   -0.55832836E+03   -0.14701422E+02    0.20816619E+02    0.00000000E+00    0.49699357E+07    0.44793386E+07   -0.25036541E+03   -0.16758727E+01   -0.15456290E+02    0.00000000E+00    0.11543152E+08    0.10359822E+08    0.50195941E+03    0.33539023E+01   -0.28517469E+02
  0.0060   -0.14512199E+07   -0.75567708E+07   -0.38466149E+07   -0.19645205E+03   -0.68228249E+01    0.50110555E+01   -0.49379601E+03   -0.10714757E+08   -0.80114710E+07   -0.48312932E+03   -0.10201665E+02    0.14445145E+02    0.00000000E+00    0.52899733E+07    0.39653891E+07   -0.18041666E+03   -0.27370224E+00   -0.12472984E+02    0.00000000E+00    0.80097202E+07    0.60040709E+07    0.36205093E+03    0.54933878E+00   -0.17921826E+02
  0.0070   -0.13391837E+07   -0.69921118E+07   -0.28967391E+07   -0.18582166E+03   -0.55090757E+01    0.34025687E+01   -0.15805242E+04   -0.86524910E+07   -0.55684571E+07   -0.41265530E+03   -0.70907747E+01    0.10040250E+02    0.00000000E+00    0.51555655E+07    0.33077282E+07   -0.13196207E+03    0.31357788E+00   -0.98624499E+01    0.00000000E+00    0.55669617E+07    0.35898408E+07    0.26513085E+03   -0.62541264E+00   -0.11669343E+02
  0.0080   -0.12182982E+07   -0.62969044E+07   -0.21485448E+07   -0.17183946E+03   -0.44193095E+01    0.21905599E+01    0.88164848E+03   -0.69385049E+07   -0.39031464E+07   -0.35144313E+03   -0.49701975E+01    0.70375986E+01    0.00000000E+00    0.48104981E+07    0.27099645E+07   -0.98119286E+02    0.54756038E+00   -0.77894830E+01    0.00000000E+00    0.39018728E+07    0.21803009E+07    0.19743461E+03   -0.10935406E+01   -0.78011057E+01
  0.0090   -0.11018878E+07   -0.55994797E+07   -0.15630546E+07   -0.15687442E+03   -0.35271036E+01    0.12815403E+01   -0.68603945E+03   -0.55388565E+07   -0.27581568E+07   -0.29997396E+03   -0.35121880E+01    0.49731162E+01    0.00000000E+00    0.43927213E+07    0.21938855E+07   -0.74345458E+02    0.58953708E+00   -0.61598203E+01    0.00000000E+00    0.27570697E+07    0.13822889E+07    0.14987665E+03   -0.11776329E+01   -0.54301619E+01
  0.0100   -0.99755936E+06   -0.49382562E+07   -0.11264268E+07   -0.14236842E+03   -0.28289590E+01    0.63642552E+00   -0.68565435E+03   -0.44424392E+07   -0.20057084E+07   -0.25758440E+03   -0.25540336E+01    0.36164082E+01    0.00000000E+00    0.39533634E+07    0.17766374E+07   -0.57328031E+02    0.55872338E+00   -0.49069953E+01    0.00000000E+00    0.20047750E+07    0.90659666E+06    0.11583187E+03   -0.11161244E+01   -0.39052148E+01
  0.0120   -0.81586774E+06   -0.38504589E+07   -0.56911870E+06   -0.11678737E+03   -0.18686191E+01   -0.11775948E+00   -0.66355854E+03   -0.29342807E+07   -0.10950019E+07   -0.19354849E+03   -0.13943560E+01    0.19743517E+01    0.00000000E+00    0.31766484E+07    0.11890633E+07   -0.35689758E+02    0.44704420E+00   -0.32110378E+01    0.00000000E+00    0.10943005E+07    0.41546804E+06    0.72536716E+02   -0.89295721E+00   -0.21711198E+01
  0.0140   -0.67439007E+06   -0.30303593E+07   -0.26724668E+06   -0.96288344E+02   -0.12833509E+01   -0.46118245E+00    0.32340100E+03   -0.20142235E+07   -0.64435068E+06   -0.14948447E+03   -0.82050479E+00    0.11618015E+01    0.00000000E+00    0.25541638E+07    0.82302504E+06   -0.23411711E+02    0.34224281E+00   -0.21897444E+01    0.00000000E+00    0.64380900E+06    0.20172380E+06    0.47963563E+02   -0.68350000E+00   -0.13040912E+01
  0.0160   -0.56445982E+06   -0.24216891E+07   -0.95696800E+05   -0.80146740E+02   -0.90673319E+00   -0.61232772E+00   -0.74803394E+01   -0.14231664E+07   -0.40432790E+06   -0.11835120E+03   -0.51486403E+00    0.72902654E+00    0.00000000E+00    0.20751535E+07    0.58426505E+06   -0.16056494E+02    0.25475268E+00   -0.15427037E+01    0.00000000E+00    0.40389903E+06    0.11237405E+06    0.33237473E+02   -0.50863349E+00   -0.85434552E+00
  0.0180   -0.47706789E+06   -0.19711933E+07    0.72280359E+03   -0.67462529E+02   -0.65966499E+00   -0.66188865E+00   -0.46516405E+03   -0.10356848E+07   -0.25879979E+06   -0.95681169E+02   -0.32955111E+00    0.46663096E+00    0.00000000E+00    0.17117299E+07    0.42658759E+06   -0.11400539E+02    0.19112503E+00   -0.11212462E+01    0.00000000E+00    0.25845308E+06    0.68674112E+05    0.23911140E+02   -0.38146918E+00   -0.59274098E+00
  0.0200   -0.40764632E+06   -0.16292058E+07    0.51193535E+05   -0.57439546E+02   -0.49718487E+00   -0.65467872E+00    0.76200610E+01   -0.78010881E+06   -0.17241938E+06   -0.78804693E+02   -0.21955582E+00    0.31088207E+00    0.00000000E+00    0.14302021E+07    0.32242565E+06   -0.83007203E+01    0.14986810E+00   -0.84205511E+00    0.00000000E+00    0.17213382E+06    0.37771943E+05    0.17698157E+02   -0.29902959E+00   -0.41523271E+00
  0.0220   -0.35250625E+06   -0.13630781E+07    0.79647966E+05   -0.49402548E+02   -0.38220059E+00   -0.62723279E+00    0.16607360E+03   -0.59942972E+06   -0.12396988E+06   -0.65978844E+02   -0.15786108E+00    0.22352483E+00    0.00000000E+00    0.12076444E+07    0.24828616E+06   -0.61866236E+01    0.11783996E+00   -0.64599754E+00    0.00000000E+00    0.12373080E+06    0.22744312E+05    0.13457562E+02   -0.23503495E+00   -0.30500647E+00
  0.0240   -0.30730482E+06   -0.11563023E+07    0.96387402E+05   -0.42877350E+02   -0.29694795E+00   -0.59347802E+00   -0.23195109E+03   -0.46599214E+06   -0.89021691E+05   -0.55976027E+02   -0.11335868E+00    0.16051123E+00    0.00000000E+00    0.10326525E+07    0.19316359E+06   -0.47071733E+01    0.91350958E-01   -0.50290525E+00    0.00000000E+00    0.88818862E+05    0.18574960E+05    0.10487089E+02   -0.18210891E+00   -0.23925366E+00
  0.0260   -0.26972289E+06   -0.99327969E+06    0.10241311E+06   -0.37546173E+02   -0.23703797E+00   -0.55210576E+00   -0.15108696E+03   -0.37186951E+06   -0.62487263E+05   -0.48036586E+02   -0.79570204E-01    0.11266812E+00    0.00000000E+00    0.89315424E+06    0.15443623E+06   -0.36207117E+01    0.74169819E-01   -0.40094401E+00    0.00000000E+00    0.62313204E+05    0.11902512E+05    0.83033232E+01   -0.14779097E+00   -0.18440834E+00
  0.0280   -0.23889863E+06   -0.85997547E+06    0.10281542E+06   -0.33137203E+02   -0.19332519E+00   -0.50963066E+00    0.14164044E+03   -0.30296684E+06   -0.48239674E+05   -0.41679369E+02   -0.61427575E-01    0.86978893E-01    0.00000000E+00    0.77795566E+06    0.12609425E+06   -0.28096952E+01    0.62101560E-01   -0.32581984E+00    0.00000000E+00    0.48088652E+05    0.56946768E+04    0.66710964E+01   -0.12369272E+00   -0.14121205E+00
  0.0300   -0.21311380E+06   -0.75089323E+06    0.10257960E+06   -0.29436263E+02   -0.15736276E+00   -0.47294277E+00   -0.44747105E+02   -0.24670991E+06   -0.38723332E+05   -0.36496277E+02   -0.49309632E-01    0.69820380E-01    0.00000000E+00    0.68298255E+06    0.10269303E+06   -0.22094907E+01    0.50115112E-01   -0.26581386E+00    0.00000000E+00    0.38591092E+05    0.58615700E+04    0.54610718E+01   -0.99753159E-01   -0.11778593E+00
  0.0400   -0.12952979E+06   -0.42594936E+06    0.82547282E+05   -0.17718995E+02   -0.68065116E-01   -0.32201689E+00   -0.45901063E+02   -0.10659578E+06   -0.10908989E+05   -0.20815417E+02   -0.13891334E-01    0.19669518E-01    0.00000000E+00    0.39515731E+06    0.44589464E+05   -0.66663815E+00    0.22182772E-01   -0.11499404E+00    0.00000000E+00    0.10833571E+05    0.14785714E+04    0.23341301E+01   -0.44006337E-01   -0.48555073E-01
  0.0500   -0.87027885E+05   -0.27184702E+06    0.62568867E+05   -0.11802956E+02   -0.35541602E-01   -0.22803097E+00    0.20568087E+02   -0.55526649E+05   -0.57173348E+04   -0.13421581E+02   -0.72803698E-02    0.10308668E-01    0.00000000E+00    0.25547415E+06    0.23341289E+05   -0.11549373E+00    0.11870579E-01   -0.59937499E-01    0.00000000E+00    0.56687088E+04    0.12347894E+03    0.11987998E+01   -0.23453400E-01   -0.23833275E-01
  0.0600   -0.62245760E+05   -0.18877726E+06    0.48411580E+05   -0.84158912E+01   -0.20384844E-01   -0.16932017E+00   -0.49684057E+02   -0.31842569E+05   -0.19321466E+04   -0.93483968E+01   -0.24603756E-02    0.34837575E-02    0.00000000E+00    0.17898347E+06    0.13427542E+05    0.12104597E+00    0.66432963E-02   -0.34665734E-01    0.00000000E+00    0.18982796E+04    0.57619890E+03    0.69817910E+00   -0.13046706E-01   -0.14819347E-01
  0.0700   -0.46813742E+05   -0.13806916E+06    0.37741825E+05   -0.63062141E+01   -0.13302870E-01   -0.12941333E+00    0.31661677E+02   -0.20673599E+05   -0.16104523E+04   -0.68877964E+01   -0.20507338E-02    0.29037264E-02    0.00000000E+00    0.13179108E+06    0.87888263E+04    0.24052733E+00    0.46232144E-02   -0.22415084E-01    0.00000000E+00    0.15855009E+04   -0.32970492E+03    0.43561385E+00   -0.90408350E-02   -0.80265176E-02
  0.0800   -0.36401390E+05   -0.10561678E+06    0.30639095E+05   -0.48991791E+01   -0.85629805E-02   -0.10282232E+00   -0.42586735E+02   -0.13329265E+05   -0.61117984E+03   -0.52785399E+01   -0.77827678E-03    0.11019814E-02    0.00000000E+00    0.10131993E+06    0.56756183E+04    0.30035322E+00    0.27416998E-02   -0.14719000E-01    0.00000000E+00    0.59205916E+03    0.43787749E+03    0.29531679E+00   -0.53035694E-02   -0.66506733E-02
  0.0900   -0.29146076E+05   -0.83198018E+05    0.24801260E+05   -0.39206731E+01   -0.64109014E-02   -0.82710492E-01    0.28213520E+02   -0.98981287E+04   -0.53676690E+03   -0.41760276E+01   -0.68351924E-03    0.96781200E-03    0.00000000E+00    0.80137909E+05    0.42652315E+04    0.33726200E+00    0.23164483E-02   -0.10805281E-01    0.00000000E+00    0.52164077E+03   -0.33469165E+03    0.20315496E+00   -0.44731282E-02   -0.34434694E-02
  0.1000   -0.23850263E+05   -0.67268280E+05    0.20920693E+05   -0.32071856E+01   -0.43629206E-02   -0.68724179E-01   -0.31682039E+02   -0.67569860E+04   -0.34203072E+03   -0.33848402E+01   -0.43554475E-03    0.61669229E-03    0.00000000E+00    0.65007228E+05    0.29140582E+04    0.35509248E+00    0.13754909E-02   -0.75894346E-02    0.00000000E+00    0.32977108E+03    0.32269188E+03    0.15099064E+00   -0.26072744E-02   -0.36000166E-02
  0.1100   -0.19863188E+05   -0.55547270E+05    0.17457612E+05   -0.26764135E+01   -0.35733936E-02   -0.57280690E-01    0.19746851E+02   -0.54780266E+04   -0.13606076E+03   -0.27982097E+01   -0.17326533E-03    0.24531744E-03    0.00000000E+00    0.53818803E+05    0.23968084E+04    0.36801729E+00    0.13277566E-02   -0.60458810E-02    0.00000000E+00    0.12592643E+03   -0.24545677E+03    0.11014377E+00   -0.25249539E-02   -0.17698209E-02
  0.1200   -0.16826316E+05   -0.46526691E+05    0.15116307E+05   -0.22663649E+01   -0.25381181E-02   -0.49042531E-01   -0.19964302E+02   -0.39020283E+04   -0.27301412E+03   -0.23534203E+01   -0.34765873E-03    0.49225286E-03    0.00000000E+00    0.45188672E+05    0.17108525E+04    0.37282712E+00    0.80644155E-03   -0.44568938E-02    0.00000000E+00    0.26449118E+03    0.20171384E+03    0.86781732E-01   -0.14932844E-02   -0.21138450E-02
  0.1300   -0.14395586E+05   -0.39698756E+05    0.12943230E+05   -0.19468134E+01   -0.21751925E-02   -0.41994265E-01    0.10171875E+02   -0.33104867E+04    0.29819436E+02   -0.20043293E+01    0.37964629E-04   -0.53773080E-04    0.00000000E+00    0.38620244E+05    0.14727611E+04    0.37678709E+00    0.81349393E-03   -0.37173674E-02    0.00000000E+00   -0.37077711E+02   -0.13663043E+03    0.66181061E-01   -0.15166663E-02   -0.10963310E-02
  0.1400   -0.12502435E+05   -0.34075735E+05    0.11392743E+05   -0.16901438E+01   -0.16354846E-02   -0.36684575E-01   -0.92591990E+01   -0.24895614E+04   -0.23429337E+03   -0.17304180E+01   -0.29835164E-03    0.42243787E-03    0.00000000E+00    0.33215258E+05    0.11137602E+04    0.37705346E+00    0.54356873E-03   -0.28828479E-02    0.00000000E+00    0.22802736E+03    0.89202254E+02    0.53877381E-01   -0.98476861E-03   -0.12591940E-02
  0.1500   -0.10909529E+05   -0.29774902E+05    0.99838848E+04   -0.14828262E+01   -0.13988899E-02   -0.32113714E-01    0.15994444E+01   -0.21133829E+04    0.86080687E+02   -0.15058619E+01    0.10960760E-03   -0.15521448E-03    0.00000000E+00    0.29052476E+05    0.95765724E+03    0.37705429E+00    0.51176893E-03   -0.24344062E-02    0.00000000E+00   -0.91533234E+02   -0.37498594E+02    0.42893071E-01   -0.92806301E-03   -0.81270083E-03
  0.1600   -0.96517439E+04   -0.26032111E+05    0.88707284E+04   -0.13119214E+01   -0.11424517E-02   -0.28432716E-01   -0.73706569E+00   -0.17184073E+04   -0.18841716E+03   -0.13254839E+01   -0.23993254E-03    0.33972157E-03    0.00000000E+00    0.25442548E+05    0.78634008E+03    0.37570848E+00    0.41018170E-03   -0.20089465E-02    0.00000000E+00    0.18361801E+03   -0.15774083E+01    0.35291716E-01   -0.73092102E-03   -0.72606822E-03
  0.1700   -0.85534018E+04   -0.23146892E+05    0.79399536E+04   -0.11696473E+01   -0.93423054E-03   -0.25361022E-01   -0.47921521E+01   -0.14002050E+04    0.84146308E+02   -0.11726884E+01    0.10714511E-03   -0.15172597E-03    0.00000000E+00    0.22637088E+05    0.64802311E+03    0.37379048E+00    0.32428528E-03   -0.16693190E-02    0.00000000E+00   -0.88391985E+02    0.37455618E+02    0.29443109E-01   -0.56445165E-03   -0.67968162E-03
  0.1800   -0.76727525E+04   -0.20543486E+05    0.70911510E+04   -0.10503720E+01   -0.84691483E-03   -0.22662416E-01    0.49860078E+01   -0.12575049E+04   -0.13232297E+03   -0.10474986E+01   -0.16850269E-03    0.23858101E-03    0.00000000E+00    0.20118456E+05    0.58915082E+03    0.37190808E+00    0.33217766E-03   -0.14803096E-02    0.00000000E+00    0.12853075E+03   -0.62941603E+02    0.24064029E-01   -0.58496797E-03   -0.39133190E-03
  0.1900   -0.68877935E+04   -0.18498581E+05    0.64655107E+04   -0.94841034E+00   -0.64501758E-03   -0.20535774E-01   -0.84998911E+01   -0.95764389E+03    0.52780510E+02   -0.93912763E+00    0.67204962E-04   -0.95171118E-04    0.00000000E+00    0.18124383E+05    0.45441121E+03    0.36906328E+00    0.20766177E-03   -0.11903071E-02    0.00000000E+00   -0.56180198E+02    0.82240271E+02    0.21093423E-01   -0.34016982E-03   -0.59317709E-03
  0.2000   -0.62428139E+04   -0.16634665E+05    0.57956084E+04   -0.86198559E+00   -0.65167142E-03   -0.18481514E-01    0.78030693E+01   -0.95514809E+03   -0.72918556E+02   -0.84843014E+00   -0.92857746E-04    0.13147182E-03    0.00000000E+00    0.16315098E+05    0.45819921E+03    0.36701295E+00    0.27616292E-03   -0.11334595E-02    0.00000000E+00    0.69847371E+02   -0.93024138E+02    0.16969141E-01   -0.48098283E-03   -0.19479964E-03
  0.2100   -0.56672029E+04   -0.15113054E+05    0.53622949E+04   -0.78640218E+00   -0.46324341E-03   -0.16960023E-01   -0.95645182E+01   -0.67959678E+03    0.11272482E+02   -0.76910971E+00    0.14350042E-04   -0.20329074E-04    0.00000000E+00    0.14829784E+05    0.33207042E+03    0.36379807E+00    0.13891715E-03   -0.88267760E-03    0.00000000E+00   -0.14056378E+02    0.97167603E+02    0.15567731E-01   -0.20993844E-03   -0.50886875E-03
  0.2200   -0.51763833E+04   -0.13752246E+05    0.48287597E+04   -0.72178740E+00   -0.50987393E-03   -0.15365264E-01    0.80423877E+01   -0.73796267E+03   -0.18957897E+02   -0.70102208E+00   -0.24144835E-04    0.34178000E-04    0.00000000E+00    0.13503492E+05    0.36261240E+03    0.36166860E+00    0.22757007E-03   -0.88798527E-03    0.00000000E+00    0.16420598E+02   -0.94998950E+02    0.12353361E-01   -0.39037876E-03   -0.98120174E-04
  0.2300   -0.47457266E+04   -0.12573008E+05    0.45116184E+04   -0.66425767E+00   -0.35034248E-03   -0.14230066E-01   -0.84422631E+01   -0.50637797E+03   -0.27018748E+02   -0.64148950E+00   -0.34409084E-04    0.48712478E-04    0.00000000E+00    0.12352984E+05    0.25555570E+03    0.35842147E+00    0.10312970E-03   -0.68307211E-03    0.00000000E+00    0.24697056E+02    0.87254750E+02    0.11701079E-01   -0.14435921E-03   -0.41279322E-03
  0.2400   -0.43605825E+04   -0.11563459E+05    0.40916776E+04   -0.61462132E+00   -0.39902747E-03   -0.12986829E-01    0.63507780E+01   -0.57032077E+03    0.22373972E+02   -0.58887293E+00    0.28486857E-04   -0.40345329E-04    0.00000000E+00    0.11364353E+05    0.28756310E+03    0.35620361E+00    0.18143635E-03   -0.70323431E-03    0.00000000E+00   -0.24505110E+02   -0.75740622E+02    0.92897023E-02   -0.30359537E-03   -0.70583886E-04
  0.2500   -0.40323404E+04   -0.10621794E+05    0.38400151E+04   -0.56991384E+00   -0.28169996E-03   -0.12095277E-01   -0.58550954E+01   -0.40033705E+03   -0.53744528E+02   -0.54321285E+00   -0.68441013E-04    0.96900810E-04    0.00000000E+00    0.10446886E+05    0.20857536E+03    0.35312592E+00    0.88909301E-04   -0.55276030E-03    0.00000000E+00    0.51778745E+02    0.60516617E+02    0.88734929E-02   -0.12095408E-03   -0.30712982E-03
  0.2600   -0.37234058E+04   -0.98590736E+04    0.35182642E+04   -0.53086360E+00   -0.30903078E-03   -0.11132760E-01    0.35462283E+01   -0.43577760E+03    0.46975341E+02   -0.50162492E+00    0.59814038E-04   -0.84702785E-04    0.00000000E+00    0.96962554E+04    0.22640194E+03    0.35079560E+00    0.13774858E-03   -0.55876342E-03    0.00000000E+00   -0.48790518E+02   -0.44146332E+02    0.72167873E-02   -0.22086011E-03   -0.85046565E-04
  0.2700   -0.34680440E+04   -0.90938300E+04    0.33006449E+04   -0.49553509E+00   -0.24020892E-03   -0.10394445E-01   -0.26284472E+01   -0.33563124E+03   -0.65153528E+02   -0.46587848E+00   -0.82968662E-04    0.11747226E-03    0.00000000E+00    0.89516509E+04    0.17977205E+03    0.34798965E+00    0.86935565E-04   -0.46612238E-03    0.00000000E+00    0.63467794E+02    0.26151726E+02    0.67467524E-02   -0.12129581E-03   -0.20175003E-03
  0.2800   -0.32169860E+04   -0.85029830E+04    0.30627747E+04   -0.46416790E+00   -0.23597065E-03   -0.96584135E-02    0.46250380E+00   -0.32752198E+03    0.54239957E+02   -0.43246428E+00    0.69065001E-04   -0.97800978E-04    0.00000000E+00    0.83677348E+04    0.17656561E+03    0.34554418E+00    0.98683479E-04   -0.44451006E-03    0.00000000E+00   -0.55804690E+02   -0.93791902E+01    0.57743224E-02   -0.14670643E-03   -0.11785191E-03
  0.2900   -0.30134180E+04   -0.78776378E+04    0.28626113E+04   -0.43585207E+00   -0.21359894E-03   -0.90202512E-02    0.46292196E+00   -0.29390621E+03   -0.61493949E+02   -0.40389317E+00   -0.78308354E-04    0.11087410E-03    0.00000000E+00    0.77594847E+04    0.16097794E+03    0.34303592E+00    0.89722905E-04   -0.40551610E-03    0.00000000E+00    0.60032670E+02   -0.71753073E+01    0.51309445E-02   -0.13056776E-03   -0.10849335E-03
  0.3000   -0.28083302E+04   -0.74042950E+04    0.26929335E+04   -0.41021105E+00   -0.17860147E-03   -0.84632501E-02   -0.21893901E+01   -0.24300850E+03    0.46690677E+02   -0.37674868E+00    0.59451904E-04   -0.84189167E-04    0.00000000E+00    0.72906862E+04    0.13724901E+03    0.34050433E+00    0.66822773E-04   -0.35541560E-03    0.00000000E+00   -0.48053666E+02    0.20694247E+02    0.47241275E-02   -0.86431271E-04   -0.15009588E-03
  0.3100   -0.26414620E+04   -0.68952999E+04    0.25045659E+04   -0.38721764E+00   -0.19333180E-03   -0.78984789E-02    0.28190692E+01   -0.26245721E+03   -0.46067048E+02   -0.35342639E+00   -0.58663925E-04    0.83058589E-04    0.00000000E+00    0.67949957E+04    0.14649745E+03    0.33826402E+00    0.91781814E-04   -0.35890882E-03    0.00000000E+00    0.44788503E+02   -0.32718970E+02    0.39123529E-02   -0.13790543E-03   -0.37247475E-04
  0.3200   -0.24739835E+04   -0.65009734E+04    0.23859273E+04   -0.36596264E+00   -0.13629196E-03   -0.74764545E-02   -0.39217729E+01   -0.18084884E+03    0.29075929E+02   -0.33121894E+00    0.37021845E-04   -0.52428509E-04    0.00000000E+00    0.64047413E+04    0.10804532E+03    0.33570229E+00    0.44024801E-04   -0.28837016E-03    0.00000000E+00   -0.30274065E+02    0.40641131E+02    0.39099625E-02   -0.43850274E-04   -0.16888028E-03
  0.3300   -0.23332667E+04   -0.60906662E+04    0.22108201E+04   -0.34704637E+00   -0.17406270E-03   -0.69755183E-02    0.40923012E+01   -0.23331592E+03   -0.24005201E+02   -0.31178931E+00   -0.30570643E-04    0.43279921E-04    0.00000000E+00    0.60038531E+04    0.13275747E+03    0.33366582E+00    0.89771774E-04   -0.31864863E-03    0.00000000E+00    0.22877411E+02   -0.46521463E+02    0.30134342E-02   -0.13671466E-03    0.64058354E-05
  0.3400   -0.21968563E+04   -0.57497505E+04    0.21258757E+04   -0.32924328E+00   -0.10791874E-03   -0.66480479E-02   -0.45196807E+01   -0.13913243E+03    0.71781999E+01   -0.29352912E+00    0.91379409E-05   -0.12945361E-04    0.00000000E+00    0.56676275E+04    0.88211996E+02    0.33114408E+00    0.30833092E-04   -0.24054583E-03    0.00000000E+00   -0.82398787E+01    0.48028953E+02    0.32346650E-02   -0.20126676E-04   -0.16788487E-03
  0.3600   -0.19642795E+04   -0.51196536E+04    0.19020495E+04   -0.29844914E+00   -0.91436089E-04   -0.59429776E-02   -0.40358555E+01   -0.11475209E+03   -0.13410905E+02   -0.26195696E+00   -0.17079718E-04    0.24178128E-04    0.00000000E+00    0.50489824E+04    0.76385934E+02    0.32682109E+00    0.26345304E-04   -0.20865145E-03    0.00000000E+00    0.12463527E+02    0.43386161E+02    0.26447485E-02   -0.13515276E-04   -0.14699020E-03
  0.3700   -0.18575670E+04   -0.48596784E+04    0.17689146E+04   -0.28510799E+00   -0.13035072E-03   -0.55723105E-02    0.33448432E+01   -0.16940229E+03    0.18107562E+02   -0.24779194E+00    0.23055463E-04   -0.32651366E-04    0.00000000E+00    0.47917917E+04    0.10201377E+03    0.32496509E+00    0.70383602E-04   -0.24345564E-03    0.00000000E+00   -0.19003658E+02   -0.38008207E+02    0.19282895E-02   -0.10267801E-03    0.14251964E-04
  0.3800   -0.17667724E+04   -0.45877547E+04    0.17074718E+04   -0.27237579E+00   -0.83932926E-04   -0.53368677E-02   -0.27381076E+01   -0.10344543E+03   -0.28320500E+02   -0.23521948E+00   -0.36065189E-04    0.51061133E-04    0.00000000E+00    0.45262899E+04    0.70622865E+02    0.32271480E+00    0.28451680E-04   -0.18881533E-03    0.00000000E+00    0.27469915E+02    0.29631413E+02    0.21178819E-02   -0.19842606E-04   -0.11100187E-03
  0.3900   -0.16725730E+04   -0.43795980E+04    0.16016517E+04   -0.26093681E+00   -0.10668898E-03   -0.50340745E-02    0.18440611E+01   -0.13542101E+03    0.29785544E+02   -0.22294594E+00    0.37926080E-04   -0.53707361E-04    0.00000000E+00    0.43188263E+04    0.85516178E+02    0.32085967E+00    0.55394517E-04   -0.20769088E-03    0.00000000E+00   -0.30591696E+02   -0.21296008E+02    0.16285186E-02   -0.74704291E-04   -0.91883987E-05
  0.4000   -0.15972219E+04   -0.41363781E+04    0.15377399E+04   -0.25010331E+00   -0.82006179E-04   -0.48127709E-02   -0.10238658E+01   -0.10029806E+03   -0.35066815E+02   -0.21235140E+00   -0.44655708E-04    0.63225248E-04    0.00000000E+00    0.40822060E+04    0.68647171E+02    0.31880123E+00    0.34319707E-04   -0.17686920E-03    0.00000000E+00    0.34299011E+02    0.11135218E+02    0.16516385E-02   -0.33481986E-04   -0.67738818E-04
  0.4100   -0.15144178E+04   -0.39651991E+04    0.14596909E+04   -0.24017435E+00   -0.84182508E-04   -0.45748340E-02    0.13481806E+00   -0.10329423E+03    0.32702762E+02   -0.20169149E+00    0.41640796E-04   -0.58967292E-04    0.00000000E+00    0.39106560E+04    0.69835480E+02    0.31692030E+00    0.39941467E-04   -0.17490320E-03    0.00000000E+00   -0.33431977E+02   -0.22288090E+01    0.14203835E-02   -0.45607224E-04   -0.38750427E-04
  0.4200   -0.14503038E+04   -0.37513162E+04    0.13900272E+04   -0.23091961E+00   -0.82281891E-04   -0.43586173E-02    0.67857986E+00   -0.10046606E+03   -0.33272350E+02   -0.19262147E+00   -0.42370628E-04    0.59989765E-04    0.00000000E+00    0.37028390E+04    0.68200892E+02    0.31505511E+00    0.40988413E-04   -0.16882755E-03    0.00000000E+00    0.32575963E+02   -0.73701156E+01    0.12535187E-02   -0.48540889E-04   -0.25867170E-04
  0.4300   -0.13783645E+04   -0.36041228E+04    0.13367787E+04   -0.22221846E+00   -0.64897495E-04   -0.41774170E-02   -0.13732673E+01   -0.75881628E+02    0.27515797E+02   -0.18338253E+00    0.35036033E-04   -0.49614669E-04    0.00000000E+00    0.35551683E+04    0.56347753E+02    0.31314913E+00    0.26449256E-04   -0.14690123E-03    0.00000000E+00   -0.28178742E+02    0.14673829E+02    0.12596362E-02   -0.20263149E-04   -0.65406306E-04
  0.4400   -0.13220433E+04   -0.34207583E+04    0.12622753E+04   -0.21426834E+00   -0.81932854E-04   -0.39652473E-02    0.20019839E+01   -0.99897867E+02   -0.24446529E+02   -0.17547242E+00   -0.31131918E-04    0.44076366E-04    0.00000000E+00    0.33767029E+04    0.67389798E+02    0.31145340E+00    0.45933445E-04   -0.16138723E-03    0.00000000E+00    0.23812214E+02   -0.21808693E+02    0.93249856E-03   -0.59995918E-04    0.70972205E-05
  0.4500   -0.12605187E+04   -0.32874531E+04    0.12280401E+04   -0.20659644E+00   -0.50413011E-04   -0.38284047E-02   -0.23698270E+01   -0.55372505E+02    0.16508891E+02   -0.16750173E+00    0.21020083E-04   -0.29768532E-04    0.00000000E+00    0.32435438E+04    0.46105117E+02    0.30954559E+00    0.16766323E-04   -0.12507331E-03    0.00000000E+00   -0.17114357E+02    0.25969975E+02    0.11128838E-02   -0.23916012E-05   -0.82286675E-04
  0.4600   -0.12094649E+04   -0.31347147E+04    0.11526057E+04   -0.19971213E+00   -0.79068218E-04   -0.36249907E-02    0.27082790E+01   -0.95879910E+02   -0.11419457E+02   -0.16047603E+00   -0.14543199E-04    0.20588076E-04    0.00000000E+00    0.30941365E+04    0.64944600E+02    0.30797777E+00    0.47489646E-04   -0.15230853E-03    0.00000000E+00    0.10839418E+02   -0.29519267E+02    0.69303193E-03   -0.64536757E-04    0.26277501E-04
  0.4700   -0.11576481E+04   -0.30087376E+04    0.11300048E+04   -0.19293047E+00   -0.41448213E-04   -0.35178403E-02   -0.26954279E+01   -0.42753219E+02    0.29115833E+01   -0.15363016E+00    0.37055840E-05   -0.52517277E-05    0.00000000E+00    0.29693300E+04    0.39586353E+02    0.30610484E+00    0.11817020E-04   -0.10996803E-03    0.00000000E+00   -0.34668458E+01    0.29873480E+02    0.95974071E-03    0.61401423E-05   -0.85763831E-04
  0.4800   -0.11103058E+04   -0.28847564E+04    0.10589680E+04   -0.18690587E+00   -0.72919660E-04   -0.33307714E-02    0.27222370E+01   -0.87295249E+02    0.24214743E+01   -0.14729877E+00    0.30815378E-05   -0.43679829E-05    0.00000000E+00    0.28470223E+04    0.60345556E+02    0.30461586E+00    0.45058991E-04   -0.14059050E-03    0.00000000E+00   -0.29538235E+01   -0.29633939E+02    0.53169913E-03   -0.60984633E-04    0.30182405E-04
  0.4900   -0.10670830E+04   -0.27631540E+04    0.10405189E+04   -0.18091333E+00   -0.37737706E-04   -0.32388319E-02   -0.23563404E+01   -0.37626755E+02   -0.98958380E+01   -0.14142739E+00   -0.12603003E-04    0.17840950E-04    0.00000000E+00    0.27276613E+04    0.36613051E+02    0.30281733E+00    0.11493619E-04   -0.10114424E-03    0.00000000E+00    0.93847363E+01    0.26424706E+02    0.79293580E-03    0.55319382E-05   -0.75762088E-04
  0.5000   -0.10227837E+04   -0.26639266E+04    0.97901722E+03   -0.17557627E+00   -0.63797450E-04   -0.30756853E-02    0.21277352E+01   -0.74559824E+02    0.13918375E+02   -0.13567525E+00    0.17721526E-04   -0.25097522E-04    0.00000000E+00    0.26286698E+04    0.53794055E+02    0.30136121E+00    0.39083009E-04   -0.12641118E-03    0.00000000E+00   -0.14408660E+02   -0.23043722E+02    0.43669034E-03   -0.50236806E-04    0.20655825E-04
  0.5500   -0.84980116E+03   -0.21885468E+04    0.81633040E+03   -0.15242666E+00   -0.44283662E-04   -0.25556753E-02    0.72580366E+00   -0.47483206E+02   -0.21420512E+02   -0.11234270E+00   -0.27278039E-04    0.38620883E-04    0.00000000E+00    0.21610673E+04    0.39702133E+02    0.29372837E+00    0.25514845E-04   -0.96626389E-04    0.00000000E+00    0.21014655E+02   -0.70091539E+01    0.28297896E-03   -0.25727432E-04   -0.41641898E-05
  0.6000   -0.71305785E+03   -0.18478682E+04    0.69875758E+03   -0.13474728E+00   -0.20862985E-04   -0.21705488E-02   -0.17944314E+01   -0.15020381E+02    0.62186818E+00   -0.94277714E-01    0.79035968E-06   -0.11227805E-05    0.00000000E+00    0.18236708E+04    0.23196918E+02    0.28669134E+00    0.62738796E-05   -0.65090051E-04    0.00000000E+00   -0.96236565E+00    0.20772716E+02    0.28216928E-03    0.10566501E-04   -0.53339515E-04
  0.6500   -0.60663564E+03   -0.15819005E+04    0.58543344E+03   -0.12111945E+00   -0.31685133E-04   -0.18327361E-02    0.75991818E+00   -0.30982229E+02    0.15599059E+02   -0.80232789E-01    0.19862220E-04   -0.28127350E-04    0.00000000E+00    0.15602170E+04    0.29669062E+02    0.28035791E+00    0.20086207E-04   -0.71188886E-04    0.00000000E+00   -0.15888748E+02   -0.72437927E+01    0.47770471E-05   -0.18908713E-04    0.33763817E-05
  0.7000   -0.52583422E+03   -0.13548991E+04    0.50233258E+03   -0.11024824E+00   -0.30996274E-04   -0.15763924E-02    0.13159816E+01   -0.30642694E+02   -0.10085955E+02   -0.69332276E-01   -0.12844513E-04    0.18184324E-04    0.00000000E+00    0.13370323E+04    0.28537603E+02    0.27442351E+00    0.21563986E-04   -0.66230240E-04    0.00000000E+00    0.98356904E+01   -0.13040512E+02   -0.10666592E-03   -0.23449824E-04    0.16668529E-04
  0.7500   -0.45820641E+03   -0.11818217E+04    0.44827617E+03   -0.10138236E+00   -0.12943259E-04   -0.13920381E-02   -0.10157251E+01   -0.57433518E+01   -0.71006805E+01   -0.60383984E-01   -0.90430884E-05    0.12801730E-04    0.00000000E+00    0.11658249E+04    0.15913510E+02    0.26880029E+00    0.51592872E-05   -0.43797674E-04    0.00000000E+00    0.68827767E+01    0.12706114E+02   -0.87342159E-05    0.79861721E-05   -0.31103425E-04
  0.8000   -0.40110339E+03   -0.10473069E+04    0.39038678E+03   -0.94215721E-01   -0.16397684E-04   -0.12173992E-02   -0.81735118E-01   -0.11215137E+02    0.12110372E+02   -0.52951514E-01    0.15419998E-04   -0.21836836E-04    0.00000000E+00    0.10319613E+04    0.17721429E+02    0.26363800E+00    0.98883415E-05   -0.44630573E-04    0.00000000E+00   -0.12301400E+02    0.24188616E+01   -0.10774269E-03   -0.26730731E-05   -0.10114556E-04
  0.8500   -0.35668971E+03   -0.92323917E+03    0.33944755E+03   -0.88294301E-01   -0.23184168E-04   -0.10674742E-02    0.13105798E+01   -0.21344887E+02   -0.15529469E+01   -0.46983800E-01   -0.19784739E-05    0.27990741E-05    0.00000000E+00    0.90989713E+03    0.21796336E+02    0.25880319E+00    0.17647335E-04   -0.49407786E-04    0.00000000E+00    0.13834934E+01   -0.12739828E+02   -0.22425679E-03   -0.19250573E-04    0.19942745E-04
  0.9000   -0.31909575E+03   -0.82075169E+03    0.30975793E+03   -0.83242372E-01   -0.11415684E-04   -0.96436740E-03   -0.27253613E+00   -0.52109018E+01   -0.94378946E+01   -0.41959487E-01   -0.12018979E-04    0.17016139E-04    0.00000000E+00    0.80891877E+03    0.13536779E+02    0.25415036E+00    0.66511806E-05   -0.34993910E-04    0.00000000E+00    0.92866027E+01    0.47819961E+01   -0.13983043E-03    0.18004873E-05   -0.12911037E-04
  0.9500   -0.28496070E+03   -0.74373784E+03    0.27921620E+03   -0.79003990E-01   -0.86906807E-05   -0.86768260E-03   -0.48864733E+00   -0.18316907E+01    0.67860825E+01   -0.37558654E-01    0.86402822E-05   -0.12236694E-04    0.00000000E+00    0.73202912E+03    0.11364034E+02    0.24979155E+00    0.45591125E-05   -0.30401659E-04    0.00000000E+00   -0.69214676E+01    0.71376293E+01   -0.13931133E-03    0.51426812E-05   -0.16815808E-04
  1.0000   -0.25747214E+03   -0.67083365E+03    0.24519694E+03   -0.75440179E-01   -0.16992609E-04   -0.77132630E-03    0.99858504E+00   -0.13998593E+02    0.38315724E+01   -0.33910496E-01    0.48782514E-05   -0.69093517E-05    0.00000000E+00    0.66006451E+03    0.16579783E+02    0.24571200E+00    0.13364104E-04   -0.37642607E-04    0.00000000E+00   -0.39537739E+01   -0.91583831E+01   -0.24470559E-03   -0.13224767E-04    0.14950451E-04
  1.1000   -0.21304311E+03   -0.55471064E+03    0.20920639E+03   -0.69590325E-01   -0.52807301E-05   -0.64889165E-03   -0.55290311E+00    0.17834663E+01    0.15828116E+01   -0.28033395E-01    0.20146932E-05   -0.28547318E-05    0.00000000E+00    0.54535148E+03    0.81985844E+01    0.23799575E+00    0.24078845E-05   -0.22814569E-04    0.00000000E+00   -0.16837792E+01    0.79985711E+01   -0.15319600E-03    0.73804999E-05   -0.17226625E-04
  1.2000   -0.17972058E+03   -0.46418058E+03    0.17048829E+03   -0.65223733E-01   -0.11548361E-04   -0.53604536E-03    0.64754524E+00   -0.77422176E+01   -0.52261207E+01   -0.23596519E-01   -0.66556487E-05    0.94221986E-05    0.00000000E+00    0.45615339E+03    0.11910307E+02    0.23104332E+00    0.91991728E-05   -0.27442172E-04    0.00000000E+00    0.51411781E+01   -0.51204078E+01   -0.23347179E-03   -0.72902846E-05    0.84623434E-05
  1.3000   -0.15212175E+03   -0.40069559E+03    0.14692902E+03   -0.61786425E-01   -0.75982566E-05   -0.45961660E-03    0.18938710E+00   -0.27418302E+01    0.59938444E+01   -0.20036207E-01    0.76317620E-05   -0.10807942E-04    0.00000000E+00    0.39290034E+03    0.88784671E+01    0.22460496E+00    0.56330735E-05   -0.21680999E-04    0.00000000E+00   -0.60659301E+01   -0.73740788E-01   -0.20254993E-03   -0.10780916E-05   -0.85123253E-06
  1.4000   -0.13213862E+03   -0.34208676E+03    0.12787808E+03   -0.59067543E-01   -0.49316909E-05   -0.39834093E-03   -0.96495255E-01    0.52237037E+00   -0.43893542E+01   -0.17336491E-01   -0.55899604E-05    0.79136251E-05    0.00000000E+00    0.33545513E+03    0.67542372E+01    0.21865632E+00    0.32415318E-05   -0.17537475E-04    0.00000000E+00    0.43270131E+01    0.31433196E+01   -0.18017712E-03    0.29168566E-05   -0.67533779E-05
  1.5000   -0.11459423E+03   -0.30077526E+03    0.10767922E+03   -0.56913215E-01   -0.92472040E-05   -0.34051588E-03    0.68543176E+00   -0.60257561E+01    0.13538632E+01   -0.15066779E-01    0.17233659E-05   -0.24417132E-05    0.00000000E+00    0.29438764E+03    0.93402579E+01    0.21316056E+00    0.77701508E-05   -0.20964593E-04    0.00000000E+00   -0.14080129E+01   -0.54461164E+01   -0.22634134E-03   -0.68222937E-05    0.99323573E-05
  1.6000   -0.10067913E+03   -0.26504072E+03    0.98343618E+02   -0.55106777E-01   -0.31298152E-05   -0.30567807E-03   -0.18851577E+00    0.22254306E+01    0.16062948E+01   -0.13238047E-01    0.20448428E-05   -0.28968268E-05    0.00000000E+00    0.25909281E+03    0.49979475E+01    0.20797535E+00    0.18153065E-05   -0.13560580E-04    0.00000000E+00   -0.16538469E+01    0.41919666E+01   -0.16422636E-03    0.44910898E-05   -0.84052444E-05
  2.0000   -0.64479825E+02   -0.17069335E+03    0.59658984E+02   -0.50531318E-01   -0.62884504E-05   -0.18982574E-03    0.54100188E+00   -0.34510378E+01    0.37247157E+00   -0.84720987E-02    0.47385591E-06   -0.67203057E-06    0.00000000E+00    0.16606917E+03    0.63311283E+01    0.19023990E+00    0.53500129E-05   -0.14127324E-04    0.00000000E+00   -0.40284114E+00   -0.37644371E+01   -0.18958871E-03   -0.43633257E-05    0.72177396E-05
  2.5000   -0.41269525E+02   -0.11020345E+03    0.37572828E+02   -0.47667403E-01   -0.47271974E-05   -0.12031775E-03    0.45717873E+00   -0.22357662E+01   -0.10523809E+00   -0.54198708E-02   -0.13436855E-06    0.18939014E-06    0.00000000E+00    0.10653611E+03    0.46732595E+01    0.17261482E+00    0.39895529E-05   -0.10387450E-04    0.00000000E+00    0.85858531E-01   -0.27996787E+01   -0.16081121E-03   -0.30641045E-05    0.55489395E-05
  3.0000   -0.28660635E+02   -0.77191539E+02    0.25674640E+02   -0.46185875E-01   -0.37538109E-05   -0.82740304E-04    0.40167044E+00   -0.15296400E+01   -0.36132570E+00   -0.37618761E-02   -0.46035219E-06    0.65124469E-06    0.00000000E+00    0.74127705E+02    0.36172340E+01    0.15834375E+00    0.31110816E-05   -0.80171223E-05    0.00000000E+00    0.34790715E+00   -0.21661486E+01   -0.13919625E-03   -0.22502446E-05    0.44137818E-05
  4.0000   -0.16125913E+02   -0.44163045E+02    0.14004326E+02   -0.44864640E-01   -0.25900090E-05   -0.45673481E-04    0.33127773E+00   -0.72953484E+00   -0.57666753E+00   -0.21131164E-02   -0.73453760E-06    0.10395455E-05    0.00000000E+00    0.41820414E+02    0.23410319E+01    0.13612975E+00    0.20331490E-05   -0.51688953E-05    0.00000000E+00    0.56916489E+00   -0.13696973E+01   -0.10958028E-03   -0.12644076E-05    0.29493841E-05
  5.0000   -0.10324970E+02   -0.28751164E+02    0.87204711E+01   -0.44399142E-01   -0.19096747E-05   -0.28737682E-04    0.28778460E+00   -0.27813722E+00   -0.61286303E+00   -0.13496319E-02   -0.78056824E-06    0.11048682E-05    0.00000000E+00    0.26824832E+02    0.15949976E+01    0.11922479E+00    0.13923930E-05   -0.35145215E-05    0.00000000E+00    0.60809168E+00   -0.88194521E+00   -0.90390747E-04   -0.67738518E-06    0.20358665E-05
  6.0000   -0.71720997E+01   -0.20323620E+02    0.59147632E+01   -0.44254647E-01   -0.14637027E-05   -0.19660117E-04    0.25856553E+00    0.10869333E-01   -0.56802467E+00   -0.93453399E-03   -0.72346066E-06    0.10240332E-05    0.00000000E+00    0.18667589E+02    0.11081029E+01    0.10567850E+00    0.97029806E-06   -0.24387142E-05    0.00000000E+00    0.56473417E+00   -0.55644963E+00   -0.76972938E-04   -0.29101833E-06    0.14208656E-05
  7.0000   -0.52681367E+01   -0.15216428E+02    0.42578138E+01   -0.44248724E-01   -0.11546515E-05   -0.14253561E-04    0.23855813E+00    0.20324633E+00   -0.48259860E+00   -0.68390441E-03   -0.61463221E-06    0.87005349E-06    0.00000000E+00    0.13749330E+02    0.77066445E+00    0.94449774E-01    0.67821252E-06   -0.16926905E-05    0.00000000E+00    0.48019965E+00   -0.33493164E+00   -0.67095891E-04   -0.29971778E-07    0.10004254E-05
  8.0000   -0.40293530E+01   -0.11889526E+02    0.31992200E+01   -0.44305862E-01   -0.93593333E-06   -0.10778142E-04    0.22526159E+00    0.32866414E+00   -0.37809908E+00   -0.52095104E-03   -0.48154987E-06    0.68164933E-06    0.00000000E+00    0.10561476E+02    0.52939536E+00    0.84916822E-01    0.47279947E-06   -0.11558536E-05    0.00000000E+00    0.37627821E+00   -0.18879723E+00   -0.59577407E-04    0.14139712E-06    0.72222049E-06
  9.0000   -0.31774055E+01   -0.96020960E+01    0.24790624E+01   -0.44390554E-01   -0.78160796E-06   -0.84082950E-05    0.21717684E+00    0.40360686E+00   -0.26818800E+00   -0.40900809E-03   -0.34159194E-06    0.48347239E-06    0.00000000E+00    0.83804822E+01    0.35474570E+00    0.76678421E-01    0.32957826E-06   -0.76177564E-06    0.00000000E+00    0.26676311E+00   -0.10103682E+00   -0.53722383E-04    0.24397485E-06    0.55480858E-06
 10.0000   -0.25660457E+01   -0.79610207E+01    0.19626873E+01   -0.44484551E-01   -0.67516596E-06   -0.67132560E-05    0.21322482E+00    0.43919366E+00   -0.16242834E+00   -0.32878162E-03   -0.20692932E-06    0.29277175E-06    0.00000000E+00    0.68235493E+01    0.22844793E+00    0.69460515E-01    0.23281826E-06   -0.46998811E-06    0.00000000E+00    0.16128649E+00   -0.59505766E-01   -0.49086504E-04    0.29241588E-06    0.47548181E-06
 12.0000   -0.17671384E+01   -0.58076088E+01    0.12744123E+01   -0.44664822E-01   -0.56187747E-06   -0.44825307E-05    0.21422139E+00    0.42635140E+00    0.11341187E-01   -0.22408756E-03    0.14350355E-07   -0.20540129E-07    0.00000000E+00    0.47955432E+01    0.74590835E-01    0.57355160E-01    0.13605872E-06   -0.93415520E-07    0.00000000E+00   -0.12114947E-01   -0.76094258E-01   -0.42360233E-04    0.27259869E-06    0.50669812E-06
 16.0000   -0.97802558E+00   -0.35852217E+01    0.53846732E+00   -0.44899671E-01   -0.52725234E-06   -0.21838148E-05    0.23121817E+00    0.25673936E+00    0.13821327E+00   -0.12038851E-03    0.17596331E-06   -0.24924154E-06    0.00000000E+00    0.27348319E+01   -0.33976114E-01    0.39444786E-01    0.12805054E-06    0.23257602E-06    0.00000000E+00   -0.13862510E+00   -0.27959520E+00   -0.34493712E-04    0.33368402E-07    0.89352629E-06
 20.0000   -0.62681957E+00   -0.24479305E+01    0.20396200E+00   -0.44918982E-01   -0.50923081E-06   -0.11367077E-05    0.24058004E+00    0.14816235E+00    0.42811939E-01   -0.73466262E-04    0.54498126E-07   -0.77210242E-07    0.00000000E+00    0.17038844E+01   -0.85563332E-01    0.26793494E-01    0.13200119E-06    0.39523166E-06    0.00000000E+00   -0.43061705E-01   -0.40493097E+00   -0.29386542E-04   -0.11734185E-06    0.11284040E-05
 25.0000   -0.40399714E+00   -0.16663917E+01    0.73171020E-01   -0.44643499E-01   -0.39062232E-06   -0.61572858E-06    0.22996227E+00    0.20469726E+00   -0.68678713E-01   -0.43810996E-04   -0.87490224E-07    0.12379573E-06    0.00000000E+00    0.10102077E+01   -0.18427015E+00    0.15490212E-01    0.37277067E-07    0.60417315E-06    0.00000000E+00    0.68530408E-01   -0.32345106E+00   -0.23899001E-04   -0.32066825E-07    0.96301100E-06
 30.0000   -0.26788799E+00   -0.12690790E+01    0.32742438E-01   -0.44066848E-01   -0.28801250E-06   -0.38874265E-06    0.21725068E+00    0.27141448E+00   -0.14516978E-01   -0.26974246E-04   -0.18500286E-07    0.26160327E-07    0.00000000E+00    0.66608239E+00   -0.25494178E+00    0.74554344E-02   -0.43811550E-07    0.74050157E-06    0.00000000E+00    0.14425973E-01   -0.22661182E+00   -0.19754788E-04    0.68973837E-07    0.76613154E-06
 40.0000   -0.12765271E+00   -0.82532460E+00   -0.72828960E-01   -0.42149961E-01   -0.27750074E-06   -0.53446804E-07    0.21450894E+00    0.17710760E+00    0.32888745E-02   -0.10464765E-04    0.41890724E-08   -0.59289532E-08    0.00000000E+00    0.29399968E+00   -0.24030538E+00   -0.25528392E-02   -0.15234857E-07    0.72405024E-06    0.00000000E+00   -0.33241519E-02   -0.30356577E+00   -0.15318586E-04   -0.47647456E-07    0.88625445E-06
 50.0000   -0.55138457E-01   -0.59025922E+00   -0.58476810E-01   -0.39414054E-01   -0.19021334E-06   -0.10312931E-07    0.19330189E+00    0.22100259E+00    0.24467809E-02   -0.28712880E-05    0.31072694E-08   -0.44201055E-08    0.00000000E+00    0.10620011E+00   -0.25878428E+00   -0.76108904E-02   -0.66185432E-07    0.72994892E-06    0.00000000E+00   -0.24565276E-02   -0.20255570E+00   -0.11386840E-04    0.35255211E-07    0.65840568E-06
 60.0000   -0.10677810E-01   -0.44300135E+00   -0.82800964E-01   -0.36063080E-01   -0.18670501E-06    0.68027194E-07    0.18117056E+00    0.15982263E+00   -0.57031747E-02    0.11809305E-05   -0.72624031E-08    0.10283072E-07    0.00000000E+00   -0.48607292E-02   -0.21139258E+00   -0.96729897E-02   -0.34749059E-07    0.61558755E-06    0.00000000E+00    0.57070940E-02   -0.22242916E+00   -0.89600799E-05   -0.27232331E-07    0.65705767E-06
 70.0000    0.21373108E-01   -0.35094044E+00   -0.59513773E-01   -0.32271583E-01   -0.13387914E-06    0.49211421E-07    0.15850542E+00    0.17528050E+00    0.78384492E-02    0.36662816E-05    0.99770906E-08   -0.14137429E-07    0.00000000E+00   -0.66914946E-01   -0.19088454E+00   -0.97992248E-02   -0.53536798E-07    0.53370805E-06    0.00000000E+00   -0.78259951E-02   -0.14278176E+00   -0.63955554E-05    0.21344532E-07    0.46060406E-06
 80.0000    0.40899112E-01   -0.27229323E+00   -0.65947881E-01   -0.28198834E-01   -0.12831671E-06    0.74567991E-07    0.14140790E+00    0.12820680E+00   -0.92321165E-02    0.49739741E-05   -0.11743907E-07    0.16658147E-07    0.00000000E+00   -0.11573376E+00   -0.13535389E+00   -0.86445713E-02   -0.25963384E-07    0.39044477E-06    0.00000000E+00    0.92490607E-02   -0.13555993E+00   -0.45457633E-05   -0.16826208E-07    0.40021579E-06
 90.0000    0.56991706E-01   -0.22588265E+00   -0.45957142E-01   -0.23992708E-01   -0.91480238E-07    0.49904156E-07    0.11833249E+00    0.12862627E+00    0.10304044E-01    0.58792031E-05    0.13096680E-07   -0.18603094E-07    0.00000000E+00   -0.13385180E+00   -0.99285309E-01   -0.66578792E-02   -0.30762265E-07    0.27468304E-06    0.00000000E+00   -0.10283883E-01   -0.68260257E-01   -0.25441419E-05    0.13085588E-07    0.22308418E-06
100.0000    0.63168282E-01   -0.17338331E+00   -0.45501898E-01   -0.19793690E-01   -0.83355408E-07    0.56628455E-07    0.99410889E-01    0.91656307E-01   -0.11068612E-01    0.60563948E-05   -0.14089756E-07    0.19962166E-07    0.00000000E+00   -0.15449848E+00   -0.44520780E-01   -0.41702912E-02   -0.83567503E-08    0.12860876E-06    0.00000000E+00    0.11089437E-01   -0.46657489E-01   -0.97490586E-06   -0.98798441E-08    0.13365913E-06
110.0000    0.68743638E-01   -0.14773229E+00   -0.30480102E-01   -0.15733888E-01   -0.57372304E-07    0.36397903E-07    0.77990287E-01    0.83470088E-01    0.11755456E-01    0.61583233E-05    0.14967568E-07   -0.21197389E-07    0.00000000E+00   -0.14827573E+00   -0.39113317E-02   -0.14411625E-02   -0.57752016E-08    0.62577760E-08    0.00000000E+00   -0.11734161E-01    0.80962353E-02    0.64198459E-06    0.69606120E-08   -0.17946971E-07
120.0000    0.65228387E-01   -0.10812026E+00   -0.26538830E-01   -0.11936968E-01   -0.47411231E-07    0.34233891E-07    0.60011439E-01    0.56712416E-01   -0.12315800E-01    0.56610626E-05   -0.15674607E-07    0.22214215E-07    0.00000000E+00   -0.15108021E+00    0.43515028E-01    0.13196702E-02    0.10370157E-07   -0.12350122E-06    0.00000000E+00    0.12335381E-01    0.36154836E-01    0.19565069E-05   -0.41847235E-08   -0.11541291E-06
130.0000    0.62804473E-01   -0.93981245E-01   -0.17192078E-01   -0.85157321E-02   -0.31137360E-07    0.21753037E-07    0.42524430E-01    0.43657870E-01    0.12930009E-01    0.52390087E-05    0.16458915E-07   -0.23319483E-07    0.00000000E+00   -0.12820510E+00    0.81296208E-01    0.39389251E-02    0.17220194E-07   -0.23288272E-06    0.00000000E+00   -0.12911801E-01    0.75118561E-01    0.31835705E-05    0.14710594E-08   -0.22962670E-06
140.0000    0.51927544E-01   -0.61267871E-01   -0.10984504E-01   -0.55705147E-02   -0.19859515E-07    0.13933654E-07    0.27806337E-01    0.28999030E-01   -0.13592492E-01    0.42792411E-05   -0.17309426E-07    0.24507060E-07    0.00000000E+00   -0.11877586E+00    0.11560155E+00    0.62739530E-02    0.25594391E-07   -0.33004687E-06    0.00000000E+00    0.13607352E-01    0.10460932E+00    0.41923648E-05    0.15299739E-08   -0.32029434E-06
150.0000    0.43833339E-01   -0.54353752E-01   -0.84380285E-02   -0.31868484E-02   -0.14176680E-07    0.11782410E-07    0.16380739E-01    0.12484693E-01    0.14554709E-01    0.35131091E-05    0.18532578E-07   -0.26244113E-07    0.00000000E+00   -0.84047065E-01    0.14565757E+00    0.82093752E-02    0.35695647E-07   -0.41241115E-06    0.00000000E+00   -0.14542463E-01    0.12288037E+00    0.49651916E-05   -0.49008733E-08   -0.38293497E-06
160.0000    0.27795697E-01   -0.24249001E-01    0.63019023E-03   -0.14334813E-02   -0.42416399E-09   -0.23629065E-08    0.64434426E-02    0.13993151E-01   -0.16182241E-01    0.22422576E-05   -0.20608669E-07    0.29175028E-07    0.00000000E+00   -0.67771906E-01    0.16136554E+00    0.96557006E-02    0.33469679E-07   -0.46296174E-06    0.00000000E+00    0.16190033E-01    0.15305750E+00    0.56241776E-05    0.96206821E-08   -0.46125154E-06
170.0000    0.17088722E-01   -0.23899095E-01   -0.74953758E-02   -0.36101037E-03   -0.10354638E-07    0.12704437E-07    0.32333058E-02   -0.10978197E-01    0.20300544E-01    0.13261865E-05    0.25859545E-07   -0.36593863E-07    0.00000000E+00   -0.23851668E-01    0.18322050E+00    0.10549193E-01    0.50434956E-07   -0.51323195E-06    0.00000000E+00   -0.20295883E-01    0.13989063E+00    0.58398603E-05   -0.18060229E-07   -0.44842536E-06
179.9000    0.24674637E-01   -0.10388120E+00   -0.15434873E-01   -0.14225379E-06   -0.20652029E-07    0.26832435E-07    0.21503398E-02   -0.28144605E-01    0.24428855E+00    0.15965419E-05    0.31091936E-06   -0.44061973E-06    0.00000000E+00    0.91292246E-01    0.19430203E+00    0.10851291E-01    0.61644020E-07   -0.53611454E-06    0.00000000E+00   -0.24428291E+00    0.12582515E+00    0.58498256E-05   -0.38650928E-07   -0.42574448E-06
180.0000    0.00000000E+00    0.00000000E+00    0.00000000E+00    0.00000000E+00    0.00000000E+00    0.00000000E+00    0.00000000E+00    0.00000000E+00    0.00000000E+00    0.00000000E+00    0.00000000E+00    0.00000000E+00    0.00000000E+00    0.00000000E+00   -0.17744872E+01   -0.18107012E+03   -0.28863796E-05    0.25727239E-05    0.00000000E+00    0.00000000E+00    0.52213714E+01    0.53279300E+03    0.58557831E-05   -0.10207453E-04
