  0.0000    0.00000000E+00    0.00000000E+00    0.00000000E+00    0.00000000E+00    0.00000000E+00    0.00000000E+00    0.00000000E+00    0.00000000E+00    0.00000000E+00    0.00000000E+00    0.00000000E+00    0.00000000E+00    0.00000000E+00    0.00000000E+00   -0.63978324E+11   -0.83896928E+05   -0.32813284E+06   -0.13130736E+06    0.00000000E+00    0.00000000E+00    0.77364487E+12    0.16779588E+06    0.65626602E+06   -0.17238061E+07
  0.0003   -0.21310734E+10   -0.75046147E+10    0.10282723E+10   -0.29390666E+04   -0.15707143E+04   -0.47341325E+04   -0.11344509E+06   -0.24670531E+10   -0.38694394E+09   -0.36490309E+04   -0.49273252E+03    0.69767733E+03    0.00000000E+00    0.68274314E+10    0.10231111E+10   -0.27258649E+03    0.49870866E+03   -0.26488313E+04    0.00000000E+00    0.38693245E+09    0.58676602E+08    0.54697372E+03   -0.99737009E+03   -0.11778851E+04
  0.0004   -0.12952787E+10   -0.42562458E+10    0.82727707E+09   -0.17675104E+04   -0.67858763E+03   -0.32236560E+04   -0.22998697E+06   -0.10659993E+10   -0.10893979E+09   -0.20812284E+04   -0.13872059E+03    0.19642614E+03    0.00000000E+00    0.39498762E+10    0.44306600E+09   -0.11617454E+03    0.22001974E+03   -0.11430463E+04    0.00000000E+00    0.10893207E+09    0.14811794E+08    0.23410765E+03   -0.44000163E+03   -0.48556923E+03
  0.0005   -0.87030592E+09   -0.27158485E+10    0.62711213E+09   -0.11759797E+04   -0.35380602E+03   -0.22830789E+04    0.34829168E+06   -0.55531512E+09   -0.57088577E+08   -0.13419511E+04   -0.72693113E+02    0.10293648E+03    0.00000000E+00    0.25534190E+10    0.23115539E+09   -0.59362754E+02    0.11725927E+03   -0.59387644E+03    0.00000000E+00    0.57084060E+08    0.12603891E+07    0.12045179E+03   -0.23448849E+03   -0.23836600E+03
  0.0006   -0.62250174E+09   -0.18855805E+10    0.48528675E+09   -0.83732081E+03   -0.20253480E+03   -0.16954904E+04   -0.39373336E+06   -0.31847751E+09   -0.19256805E+08   -0.93469758E+03   -0.24521361E+02    0.34721046E+02    0.00000000E+00    0.17887605E+10    0.13240068E+09   -0.34299655E+02    0.65237869E+02   -0.34208490E+03    0.00000000E+00    0.19252007E+08    0.57641421E+07    0.70297193E+02   -0.13045512E+03   -0.14818816E+03
  0.0007   -0.46819164E+09   -0.13788021E+10    0.37841745E+09   -0.62638606E+03   -0.13191466E+03   -0.12960933E+04    0.39119405E+06   -0.20677774E+09   -0.16066048E+08   -0.68867494E+03   -0.20461363E+02    0.28964872E+02    0.00000000E+00    0.13170037E+10    0.86286056E+08   -0.21153483E+02    0.45204221E+02   -0.22024966E+03    0.00000000E+00    0.16064107E+08   -0.32819569E+07    0.43981066E+02   -0.90390786E+02   -0.80294042E+02
  0.0008   -0.36407001E+09   -0.10545141E+10    0.30726039E+09   -0.48570592E+03   -0.84664286E+02   -0.10299325E+04   -0.36764428E+06   -0.13333117E+09   -0.60743219E+07   -0.52777456E+03   -0.77325298E+01    0.10954758E+02    0.00000000E+00    0.10124200E+10    0.55356958E+08   -0.14122342E+02    0.26524449E+02   -0.14377792E+03    0.00000000E+00    0.60714710E+07    0.43824137E+07    0.29899997E+02   -0.53026605E+02   -0.66508838E+02
  0.0009   -0.29151908E+09   -0.83050291E+09    0.24878259E+09   -0.38787345E+03   -0.63259049E+02   -0.82862379E+03    0.32705231E+06   -0.99014431E+08   -0.53466856E+07   -0.41753906E+03   -0.68118808E+01    0.96368773E+01    0.00000000E+00    0.80069000E+09    0.41410399E+08   -0.95039806E+01    0.22370105E+02   -0.10502651E+03    0.00000000E+00    0.53454239E+07   -0.33430509E+07    0.20644159E+02   -0.44724686E+02   -0.34439990E+02
  0.0010   -0.23855930E+09   -0.67135474E+09    0.20989905E+09   -0.31653792E+03   -0.42866698E+02   -0.68860856E+03   -0.28038079E+06   -0.67597221E+08   -0.33952200E+07   -0.33843278E+03   -0.43198558E+01    0.61253351E+01    0.00000000E+00    0.64946167E+09    0.28024701E+08   -0.68888105E+01    0.13041320E+02   -0.73174996E+02    0.00000000E+00    0.33936415E+07    0.32330607E+07    0.15396993E+02   -0.26067436E+02   -0.36013754E+02
  0.0012   -0.16831734E+09   -0.46415672E+09    0.15173860E+09   -0.22247525E+03   -0.24751719E+02   -0.49156645E+03   -0.17507125E+06   -0.39039788E+08   -0.27128745E+07   -0.23530642E+03   -0.34510856E+01    0.48949104E+01    0.00000000E+00    0.45138480E+09    0.16180590E+08   -0.36689837E+01    0.74695357E+01   -0.42309082E+02    0.00000000E+00    0.27117389E+07    0.20253484E+07    0.89288186E+01   -0.14926477E+02   -0.21157340E+02
  0.0014   -0.12507533E+09   -0.33980298E+09    0.11442022E+09   -0.16486512E+03   -0.15817119E+02   -0.36782407E+03   -0.75308851E+05   -0.24909991E+08   -0.23309125E+07   -0.17301636E+03   -0.29703587E+01    0.42005539E+01    0.00000000E+00    0.33172634E+09    0.10343767E+08   -0.20189289E+01    0.49251394E+01   -0.26896840E+02    0.00000000E+00    0.23304798E+07    0.90074869E+06    0.56041263E+01   -0.98395889E+01   -0.12610688E+02
  0.0015   -0.10914465E+09   -0.29685670E+09    0.10029469E+09   -0.14413857E+03   -0.13493681E+02   -0.32204430E+03    0.31510520E+05   -0.21153559E+08    0.86930146E+06   -0.15056424E+03    0.11069546E+01   -0.15673993E+01    0.00000000E+00    0.29012793E+09    0.88398053E+07   -0.14678908E+01    0.46476395E+01   -0.22547492E+02    0.00000000E+00   -0.86990973E+06   -0.37545090E+06    0.44914093E+01   -0.92803371E+01   -0.81252849E+01
  0.0016   -0.96565084E+08   -0.25948383E+09    0.89137882E+08   -0.12705186E+03   -0.10957237E+02   -0.28518459E+03    0.52867850E+04   -0.17195356E+08   -0.18764833E+07   -0.13252873E+03   -0.23889794E+01    0.33839090E+01    0.00000000E+00    0.25405491E+09    0.71703707E+07   -0.10874220E+01    0.36554126E+01   -0.18403804E+02    0.00000000E+00    0.18762568E+07   -0.76542292E+04    0.37198148E+01   -0.73024410E+01   -0.72788933E+01
  0.0017   -0.85579708E+08   -0.23068106E+09    0.79801077E+08   -0.11282818E+03   -0.89079465E+01   -0.25441118E+03   -0.36144589E+05   -0.14018683E+08    0.84968752E+06   -0.11725186E+03    0.10835425E+01   -0.15304703E+01    0.00000000E+00    0.22602403E+09    0.58317450E+07   -0.79426643E+00    0.28283148E+01   -0.15112699E+02    0.00000000E+00   -0.85024145E+06    0.37422712E+06    0.31229530E+01   -0.56474540E+01   -0.67987413E+01
  0.0018   -0.76772046E+08   -0.20468883E+09    0.71293508E+08   -0.10090332E+03   -0.80550212E+01   -0.22738523E+03    0.59436014E+05   -0.12584836E+08   -0.13189212E+07   -0.10473485E+03   -0.16795912E+01    0.23779910E+01    0.00000000E+00    0.20085672E+09    0.52772100E+07   -0.52535649E+00    0.29269551E+01   -0.13308065E+02    0.00000000E+00    0.13187107E+07   -0.62220316E+06    0.25757077E+01   -0.58472133E+01   -0.39330426E+01
  0.0019   -0.68920404E+08   -0.18428056E+09    0.65014471E+08   -0.90709844E+02   -0.60617287E+01   -0.20607486E+03   -0.76101393E+05   -0.95900502E+07    0.53601983E+06   -0.93899684E+02    0.68099081E+00   -0.96804211E+00    0.00000000E+00    0.18093588E+09    0.39649679E+07   -0.37668284E+00    0.17049851E+01   -0.10493001E+02    0.00000000E+00   -0.53641928E+06    0.82327402E+06    0.22702882E+01   -0.34036315E+01   -0.59363847E+01
  0.0020   -0.62469794E+08   -0.16567388E+09    0.58299061E+08   -0.82069527E+02   -0.61462426E+01   -0.18549981E+03    0.85478793E+05   -0.95608251E+07   -0.72742640E+06   -0.84831569E+02   -0.92767518E+00    0.13102086E+01    0.00000000E+00    0.16285707E+09    0.40309014E+07   -0.17067564E+00    0.24081363E+01   -0.99926904E+01    0.00000000E+00    0.72691570E+06   -0.92487918E+06    0.18495863E+01   -0.48080955E+01   -0.19627600E+01
  0.0030   -0.28113653E+08   -0.73593898E+08    0.27155840E+08   -0.36903537E+02   -0.15430761E+01   -0.85086393E+02   -0.19541996E+05   -0.24387741E+07    0.47023238E+06   -0.37670169E+02    0.59885805E+00   -0.84778372E+00    0.00000000E+00    0.72715609E+08    0.10108155E+07    0.43358200E+00    0.43617441E+00   -0.26735390E+01    0.00000000E+00   -0.47038517E+06    0.20741593E+06    0.57641874E+00   -0.86743193E+00   -0.15055346E+01
  0.0040   -0.15996062E+08   -0.41025997E+08    0.15549240E+08   -0.20895548E+02   -0.63606980E+00   -0.48472376E+02   -0.10321838E+05   -0.10055582E+07   -0.34880566E+06   -0.21233111E+02   -0.44322441E+00    0.62985530E+00    0.00000000E+00    0.40680113E+08    0.41636948E+06    0.57596528E+00    0.16815196E+00   -0.11127838E+01    0.00000000E+00    0.34873109E+06    0.11719320E+06    0.24483577E+00   -0.33070657E+00   -0.69124443E+00
  0.0050   -0.10247597E+08   -0.26367536E+08    0.99261742E+07   -0.13442681E+02   -0.49235732E+00   -0.31029638E+02    0.20657040E+05   -0.75067537E+06    0.13822082E+06   -0.13566737E+02    0.17708168E+00   -0.24814639E+00    0.00000000E+00    0.26173216E+08    0.32550931E+06    0.62600418E+00    0.25324474E+00   -0.74816516E+00    0.00000000E+00   -0.13826400E+06   -0.22864627E+06    0.10791814E+00   -0.50427177E+00    0.19914478E+00
  0.0060   -0.71469297E+07   -0.18253325E+08    0.71014646E+07   -0.93582298E+01   -0.87559749E-01   -0.21934790E+02   -0.19188871E+05   -0.15370030E+06    0.87538388E+04   -0.94276478E+01    0.10505826E-01   -0.16424835E-01    0.00000000E+00    0.18144062E+08    0.56362600E+05    0.62386103E+00   -0.51661640E-01   -0.22505781E+00    0.00000000E+00   -0.87817771E+04    0.21089754E+06    0.82326530E-01    0.10455070E+00   -0.54426296E+00
  0.0070   -0.52727875E+07   -0.13354210E+08    0.51215978E+07   -0.69056382E+01   -0.20468897E+00   -0.15960978E+02    0.11496918E+05   -0.30854757E+06   -0.10188592E+06   -0.69334212E+01   -0.12977782E+00    0.18366810E+00    0.00000000E+00    0.13290209E+08    0.13588980E+06    0.63416444E+00    0.11717874E+00   -0.30087809E+00    0.00000000E+00    0.10186214E+06   -0.12590148E+06    0.36962417E-01   -0.23236203E+00    0.15496632E+00
  0.0080   -0.40235679E+07   -0.10303086E+08    0.39886381E+07   -0.52996032E+01   -0.73740387E-01   -0.12344547E+02   -0.23903534E+04   -0.11666445E+06    0.12176943E+06   -0.52957729E+01    0.15419573E+00   -0.22042064E+00    0.00000000E+00    0.10250490E+08    0.48901508E+05    0.62617634E+00    0.15500718E-01   -0.13494185E+00    0.00000000E+00   -0.12178664E+06    0.25541074E+05    0.30808598E-01   -0.29415574E-01   -0.10799116E+00
  0.0090   -0.32020881E+07   -0.80563882E+07    0.31744049E+07   -0.41990178E+01   -0.31989173E-01   -0.97978558E+01   -0.47473070E+04   -0.53663448E+05   -0.93436990E+05   -0.41965712E+01   -0.11909844E+00    0.16835486E+00    0.00000000E+00    0.80281989E+07    0.21216880E+05    0.62022253E+00   -0.92230492E-02   -0.74495510E-01    0.00000000E+00    0.93423355E+05    0.52634262E+05    0.23754628E-01    0.20297350E-01   -0.14162881E+00
  0.0100   -0.25849458E+07   -0.65712946E+07    0.25202301E+07   -0.34154048E+01   -0.97185047E-01   -0.78505222E+01    0.80838610E+04   -0.14338014E+06    0.37118040E+05   -0.33920272E+01    0.46918916E-01   -0.67272512E-01    0.00000000E+00    0.65452620E+07    0.64939475E+05    0.61843192E+00    0.67369964E-01   -0.13241244E+00    0.00000000E+00   -0.37130565E+05   -0.89133895E+05    0.99440301E-02   -0.13211944E+00    0.14209565E+00
  0.0120   -0.18056849E+07   -0.45274430E+07    0.17626598E+07   -0.23866629E+01   -0.53590560E-01   -0.54763079E+01    0.42721126E+04   -0.79116735E+05   -0.53039457E+05   -0.23605611E+01   -0.67210651E-01    0.95962063E-01    0.00000000E+00    0.45158931E+07    0.36035457E+05    0.60543853E+00    0.36146343E-01   -0.74714582E-01    0.00000000E+00    0.53031471E+05   -0.46821586E+05    0.59847922E-02   -0.70691428E-01    0.73352377E-01
  0.0140   -0.13284644E+07   -0.33232790E+07    0.13284657E+07   -0.17637250E+01    0.37626856E-02   -0.40831826E+01   -0.32428390E+04    0.35828880E+04   -0.43036240E+05   -0.17347231E+01   -0.54765963E-01    0.77632453E-01    0.00000000E+00    0.33163509E+07   -0.23114394E+04    0.59193867E+00   -0.14799439E-01   -0.76884346E-02    0.00000000E+00    0.43030569E+05    0.35789175E+05    0.74526777E-02    0.30549159E-01   -0.79554093E-01
  0.0160   -0.10128957E+07   -0.25650277E+07    0.10263447E+07   -0.13602861E+01    0.14305297E-01   -0.31431828E+01   -0.40614428E+04    0.19301518E+05    0.17263208E+05   -0.13248161E+01    0.22380836E-01   -0.30728391E-01    0.00000000E+00    0.25579663E+07   -0.93567716E+04    0.58169883E+00   -0.21749006E-01    0.70365419E-02    0.00000000E+00   -0.17268006E+05    0.44612168E+05    0.61583335E-02    0.43481254E-01   -0.93765411E-01
  0.0180   -0.79851582E+06   -0.20359902E+07    0.79403502E+06   -0.10851519E+01   -0.11636547E-01   -0.24544377E+01    0.57563670E+03   -0.17337364E+05    0.36461817E+05   -0.10453839E+01    0.46211072E-01   -0.65961523E-01    0.00000000E+00    0.20297098E+07    0.81519611E+04    0.57411318E+00    0.66706437E-02   -0.18408376E-01    0.00000000E+00   -0.36465859E+05   -0.64344956E+04    0.21721180E-02   -0.11837666E-01    0.79576744E-02
  0.0200   -0.64979720E+06   -0.16374948E+07    0.63117849E+06   -0.88798965E+00   -0.26013701E-01   -0.19677965E+01    0.31426218E+04   -0.37103600E+05    0.26831080E+04   -0.84843083E+00    0.32049403E-02   -0.50494806E-02    0.00000000E+00    0.16340286E+07    0.17600716E+05    0.56668928E+00    0.22467568E-01   -0.31679982E-01    0.00000000E+00   -0.26865598E+04   -0.34583575E+05   -0.23720699E-03   -0.43884121E-01    0.62510178E-01
  0.0220   -0.54005225E+06   -0.13411918E+07    0.53022666E+06   -0.74074298E+00   -0.10331246E-01   -0.16415418E+01    0.89106952E+03   -0.14606102E+05   -0.25886682E+05   -0.70305225E+00   -0.33057231E-01    0.46581595E-01    0.00000000E+00    0.13399229E+07    0.70441487E+04    0.55835877E+00    0.75818402E-02   -0.14089061E-01    0.00000000E+00    0.25884143E+05   -0.97558245E+04    0.59347397E-03   -0.15014653E-01    0.14998557E-01
  0.0240   -0.45308018E+06   -0.11305563E+07    0.45897363E+06   -0.62821745E+00    0.93117986E-02   -0.14026931E+01   -0.20130491E+04    0.13032876E+05   -0.13061859E+05   -0.59005207E+00   -0.16090993E-01    0.24093035E-01    0.00000000E+00    0.11291867E+07   -0.59650602E+04    0.55028284E+00   -0.11510345E-01    0.68408059E-02    0.00000000E+00    0.13059550E+05    0.22162610E+05    0.21962198E-02    0.23003363E-01   -0.45178581E-01
  0.0260   -0.38359821E+06   -0.97414933E+06    0.39054698E+06   -0.54148234E+00    0.73257853E-02   -0.11941686E+01   -0.15581043E+04    0.99928328E+04    0.14526601E+05   -0.50113656E+00    0.18988802E-01   -0.25701416E-01    0.00000000E+00    0.97178611E+06   -0.45033793E+04    0.54401858E+00   -0.87473372E-02    0.51070394E-02    0.00000000E+00   -0.14528503E+05    0.17109629E+05    0.18267219E-02    0.18473862E-01   -0.34162887E-01
  0.0280   -0.33041904E+06   -0.84166517E+06    0.32615087E+06   -0.47339482E+00   -0.80461923E-02   -0.10114298E+01    0.92233043E+03   -0.11532160E+05    0.16647868E+05   -0.43187835E+00    0.21350520E-01   -0.29865648E-01    0.00000000E+00    0.83947911E+06    0.56743032E+04    0.53884955E+00    0.69531686E-02   -0.10503485E-01    0.00000000E+00   -0.16649516E+05   -0.10175819E+05    0.16181983E-03   -0.12564665E-01    0.18740634E-01
  0.0300   -0.28978645E+06   -0.72509467E+06    0.28018366E+06   -0.41808171E+00   -0.12678249E-01   -0.87464651E+00    0.16591633E+04   -0.17539455E+05   -0.44612479E+04   -0.37739457E+00   -0.55421070E-02    0.81826549E-02    0.00000000E+00    0.72418152E+06    0.85157650E+04    0.53344048E+00    0.11389318E-01   -0.14808923E-01    0.00000000E+00    0.44599079E+04   -0.18246768E+05   -0.70234059E-03   -0.22837846E-01    0.33297241E-01
  0.0400   -0.16350964E+06   -0.40617517E+06    0.15792744E+06   -0.25332318E+00   -0.65330611E-02   -0.49238739E+00    0.91434101E+03   -0.93249555E+04   -0.64024363E+04   -0.21254705E+00   -0.79744217E-02    0.11722290E-01    0.00000000E+00    0.40592846E+06    0.46254887E+04    0.50972873E+00    0.61413711E-02   -0.80886680E-02    0.00000000E+00    0.64016489E+04   -0.10051077E+05   -0.45091386E-03   -0.12520682E-01    0.18400855E-01
  0.0500   -0.10493297E+06   -0.25892226E+06    0.10175421E+06   -0.17695174E+00   -0.34554616E-02   -0.31649620E+00    0.45854916E+03   -0.46855972E+04   -0.65391592E+04   -0.13622173E+00   -0.85134166E-02    0.11603915E-01    0.00000000E+00    0.25890151E+06    0.24075934E+04    0.49126478E+00    0.31689411E-02   -0.42378758E-02    0.00000000E+00    0.65386740E+04   -0.50376541E+04   -0.32556956E-03   -0.64903277E-02    0.90077134E-02
  0.0600   -0.73021304E+05   -0.17926047E+06    0.71455421E+05   -0.13545375E+00   -0.14108819E-02   -0.22123920E+00    0.15793110E+03   -0.17431265E+04   -0.58654968E+04   -0.94633233E-01   -0.70864966E-02    0.10958353E-01    0.00000000E+00    0.17931189E+06    0.99336941E+03    0.47621303E+00    0.11675685E-02   -0.18884730E-02    0.00000000E+00    0.58651591E+04   -0.17317950E+04   -0.25515020E-03   -0.30122632E-02    0.23155005E-02
  0.0700   -0.53706702E+05   -0.13150897E+06    0.53256901E+05   -0.11043310E+00   -0.47583606E-04   -0.16388925E+00   -0.41248360E+02    0.16962805E+03   -0.48012690E+04   -0.69619713E-01   -0.62050099E-02    0.85658065E-02    0.00000000E+00    0.13156648E+06    0.69762460E+02    0.46353354E+00   -0.49110369E-04   -0.26373040E-03    0.00000000E+00    0.48010186E+04    0.45820803E+03   -0.47038501E-04    0.16031898E-05   -0.14080464E-02
  0.0800   -0.41114102E+05   -0.10074361E+06    0.41417579E+05   -0.94177861E-01    0.84674081E-03   -0.12657196E+00   -0.16601652E+03    0.13597699E+04   -0.35765218E+04   -0.53217398E-01   -0.43544524E-02    0.66485029E-02    0.00000000E+00    0.10077674E+06   -0.50877525E+03    0.45249514E+00   -0.91407366E-03    0.65114292E-03    0.00000000E+00    0.35763307E+04    0.18297920E+04    0.14774641E-03    0.25698237E-02   -0.30594217E-02
  0.0900   -0.32439321E+05   -0.79819158E+05    0.33210249E+05   -0.83031517E-01    0.12655102E-02   -0.10090383E+00   -0.23318287E+03    0.20047658E+04   -0.23402218E+04   -0.42057463E-01   -0.28785441E-02    0.43210083E-02    0.00000000E+00    0.79815192E+05   -0.82685981E+03    0.44274295E+00   -0.13864747E-02    0.11573100E-02    0.00000000E+00    0.23400705E+04    0.25679293E+04    0.14042803E-03    0.27456741E-02   -0.51544066E-02
  0.1000   -0.26207429E+05   -0.64961761E+05    0.27215320E+05   -0.75067833E-01    0.14592864E-02   -0.82267015E-01   -0.25538711E+03    0.22304341E+04   -0.11963754E+04   -0.33968246E-01   -0.13631785E-02    0.23173989E-02    0.00000000E+00    0.64918169E+05   -0.94459878E+03    0.43409655E+00   -0.15641588E-02    0.13418428E-02    0.00000000E+00    0.11962509E+04    0.28116520E+04    0.18639740E-03    0.32832698E-02   -0.53666091E-02
  0.1100   -0.21582708E+05   -0.54024903E+05    0.22644282E+05   -0.69178370E-01    0.15142583E-02   -0.68149518E-01   -0.24346289E+03    0.21403908E+04   -0.21712587E+03   -0.28085650E-01   -0.36394015E-03    0.30403459E-03    0.00000000E+00    0.53945408E+05   -0.91143342E+03    0.42628812E+00   -0.14463114E-02    0.13576589E-02    0.00000000E+00    0.21702560E+03    0.26801151E+04    0.19051371E-03    0.33326817E-02   -0.49125321E-02
  0.1200   -0.18062476E+05   -0.45716345E+05    0.19038517E+05   -0.64748663E-01    0.11483431E-02   -0.57422514E-01   -0.20729693E+03    0.18269010E+04    0.55195886E+03   -0.23493293E-01    0.96635349E-03   -0.73171489E-03    0.00000000E+00    0.45608458E+05   -0.77133285E+03    0.41913913E+00   -0.13124926E-02    0.10604667E-02    0.00000000E+00   -0.55204363E+03    0.22820545E+04    0.14436523E-03    0.28414209E-02   -0.41791830E-02
  0.1300   -0.15328851E+05   -0.39223776E+05    0.16122279E+05   -0.61259753E-01    0.98292275E-03   -0.48616304E-01   -0.15601347E+03    0.13739711E+04    0.10890524E+04   -0.19991277E-01    0.15337836E-02   -0.18166208E-02    0.00000000E+00    0.39097017E+05   -0.56425537E+03    0.41259544E+00   -0.90031353E-03    0.83558434E-03    0.00000000E+00   -0.10891218E+04    0.17178127E+04    0.65989452E-04    0.19199677E-02   -0.33647801E-02
  0.1400   -0.13171843E+05   -0.34020025E+05    0.13725268E+05   -0.58532741E-01    0.55348206E-03   -0.41671483E-01   -0.97852028E+02    0.85688944E+03    0.13935390E+04   -0.17180392E-01    0.20398801E-02   -0.22472593E-02    0.00000000E+00    0.33884525E+05   -0.32597363E+03    0.40654302E+00   -0.48940398E-03    0.51343437E-03    0.00000000E+00   -0.13936015E+04    0.10780006E+04    0.10640142E-04    0.11379758E-02   -0.21784285E-02
  0.1500   -0.11447215E+05   -0.29755196E+05    0.11739219E+05   -0.56305988E-01    0.22719693E-03   -0.35887808E-01   -0.39932337E+02    0.34043709E+03    0.14830040E+04   -0.15039090E-01    0.17357180E-02   -0.28266550E-02    0.00000000E+00    0.29620599E+05   -0.87247328E+02    0.40090003E+00   -0.13292058E-03    0.13549060E-03    0.00000000E+00   -0.14830562E+04    0.44091804E+03    0.11693485E-03    0.76303993E-03   -0.59341802E-03
  0.1600   -0.10052347E+05   -0.26193624E+05    0.10092339E+05   -0.54505605E-01   -0.59684262E-04   -0.31108161E-01    0.11987606E+02   -0.12311055E+03    0.13895492E+04   -0.13178833E-01    0.18121692E-02   -0.24626956E-02    0.00000000E+00    0.26068229E+05    0.12711060E+03    0.39560513E+00    0.12493790E-03   -0.26611027E-03    0.00000000E+00   -0.13895924E+04   -0.13012367E+03   -0.36972340E-04   -0.18765772E-03    0.21265996E-03
  0.1700   -0.89119388E+04   -0.23175085E+05    0.87337561E+04   -0.53022693E-01   -0.32503123E-03   -0.27193909E-01    0.53694302E+02   -0.49553546E+03    0.11555031E+04   -0.11677675E-01    0.15349025E-02   -0.20199336E-02    0.00000000E+00    0.23065266E+05    0.29895003E+03    0.39063704E+00    0.33082877E-03   -0.58887309E-03    0.00000000E+00   -0.11555446E+04   -0.58879021E+03   -0.51797926E-04   -0.72099145E-03    0.10903864E-02
  0.1800   -0.79692989E+04   -0.20589822E+05    0.76239707E+04   -0.51771430E-01   -0.61954515E-03   -0.24074234E-01    0.82605823E+02   -0.75339779E+03    0.82882072E+03   -0.10398669E-01    0.12236895E-02   -0.13261278E-02    0.00000000E+00    0.20499688E+05    0.41712246E+03    0.38595924E+00    0.52234248E-03   -0.76090978E-03    0.00000000E+00   -0.82885858E+03   -0.90670406E+03   -0.57210649E-04   -0.95821222E-03    0.18312085E-02
  0.1900   -0.71809158E+04   -0.18361836E+05    0.67291041E+04   -0.50688474E-01   -0.65605445E-03   -0.21357740E-01    0.97745642E+02   -0.88776792E+03    0.45848513E+03   -0.93824014E-02    0.54998268E-03   -0.86051936E-03    0.00000000E+00    0.18293151E+05    0.47734432E+03    0.38151632E+00    0.63117711E-03   -0.83734412E-03    0.00000000E+00   -0.45852044E+03   -0.10731280E+04   -0.32878585E-04   -0.11271738E-02    0.21742402E-02
  0.2000   -0.65130034E+04   -0.16437334E+05    0.60176858E+04   -0.49799026E-01   -0.76615149E-03   -0.19279201E-01    0.99604271E+02   -0.90296151E+03    0.90250499E+02   -0.84523592E-02    0.30985715E-03    0.32206893E-04    0.00000000E+00    0.16389649E+05    0.48160331E+03    0.37730151E+00    0.68838961E-03   -0.79323415E-03    0.00000000E+00   -0.90281275E+02   -0.10934736E+04   -0.10423133E-03   -0.14560888E-02    0.19079173E-02
  0.2100   -0.59392386E+04   -0.14776653E+05    0.54591769E+04   -0.48985802E-01   -0.63035031E-03   -0.17425181E-01    0.89901291E+02   -0.81437474E+03   -0.23691862E+03   -0.76923621E-02   -0.25810994E-03    0.47075602E-03    0.00000000E+00    0.14747628E+05    0.43712855E+03    0.37329319E+00    0.56990623E-03   -0.77489358E-03    0.00000000E+00    0.23689012E+03   -0.98665974E+03   -0.85532310E-04   -0.11908520E-02    0.18445476E-02
  0.2200   -0.54392201E+04   -0.13348582E+05    0.50236537E+04   -0.48301093E-01   -0.44644907E-03   -0.15901419E-01    0.71271845E+02   -0.64567734E+03   -0.49350358E+03   -0.70506637E-02   -0.66716903E-03    0.85106519E-03    0.00000000E+00    0.13334447E+05    0.35505815E+03    0.36949782E+00    0.49865891E-03   -0.59365622E-03    0.00000000E+00    0.49348286E+03   -0.78167574E+03   -0.49089034E-04   -0.81354152E-03    0.15912371E-02
  0.2300   -0.49973574E+04   -0.12126540E+05    0.46822486E+04   -0.47716153E-01   -0.37011333E-03   -0.14774771E-01    0.46907683E+02   -0.42554782E+03   -0.66102228E+03   -0.64194595E-02   -0.63995842E-03    0.13936370E-02    0.00000000E+00    0.12122638E+05    0.24890740E+03    0.36582653E+00    0.33575196E-03   -0.42999674E-03    0.00000000E+00    0.66099810E+03   -0.51363384E+03   -0.35357690E-04   -0.58393732E-03    0.99622642E-03
  0.2400   -0.46020078E+04   -0.11086077E+05    0.44080083E+04   -0.47185982E-01   -0.14583960E-03   -0.13706813E-01    0.20186073E+02   -0.18434426E+03   -0.73244339E+03   -0.59777038E-02   -0.10144574E-02    0.12388608E-02    0.00000000E+00    0.11087426E+05    0.13298711E+03    0.36233143E+00    0.16009205E-03   -0.24903482E-03    0.00000000E+00    0.73242273E+03   -0.21968151E+03   -0.42990643E-04   -0.43105126E-03    0.24478576E-03
  0.2500   -0.42447534E+04   -0.10203531E+05    0.41768988E+04   -0.46727944E-01   -0.38585586E-04   -0.12888565E-01   -0.56800276E+01    0.49033152E+02   -0.71155738E+03   -0.54871990E-02   -0.99850093E-03    0.11905627E-02    0.00000000E+00    0.10205366E+05    0.20918026E+02    0.35897836E+00    0.29395650E-04   -0.34957403E-04    0.00000000E+00    0.71153757E+03    0.64844490E+02   -0.23104830E-04    0.28512157E-04   -0.17097803E-03
  0.2600   -0.39197579E+04   -0.94554680E+04    0.39687385E+04   -0.46298763E-01    0.19612168E-03   -0.12013465E-01   -0.27941354E+02    0.24987496E+03   -0.61139671E+03   -0.50439733E-02   -0.68023795E-03    0.12006874E-02    0.00000000E+00    0.94536918E+04   -0.75641483E+02    0.35572686E+00   -0.17467847E-03    0.58028022E-04    0.00000000E+00    0.61137566E+03    0.30970052E+03   -0.35530383E-04    0.26845698E-03   -0.68431813E-03
  0.2700   -0.36231741E+04   -0.88187657E+04    0.37679203E+04   -0.45936725E-01    0.30644657E-03   -0.11285335E-01   -0.44538081E+02    0.39965655E+03   -0.45189647E+03   -0.46932220E-02   -0.61744393E-03    0.77278849E-03    0.00000000E+00    0.88102947E+04   -0.14796432E+03    0.35266547E+00   -0.26743604E-03    0.18776733E-03    0.00000000E+00    0.45187882E+03    0.49223856E+03    0.32974655E-04    0.72938290E-03   -0.78495956E-03
  0.2800   -0.33525959E+04   -0.82710956E+04    0.35637811E+04   -0.45609231E-01    0.35100044E-03   -0.10612759E-01   -0.54236781E+02    0.48729349E+03   -0.25717908E+03   -0.43525936E-02   -0.37675677E-03    0.41443926E-03    0.00000000E+00    0.82540677E+04   -0.19082999E+03    0.34965357E+00   -0.36871461E-03    0.21836242E-03    0.00000000E+00    0.25716487E+03    0.59889656E+03    0.43692772E-04    0.81193217E-03   -0.10305372E-02
  0.2900   -0.31065596E+04   -0.77916395E+04    0.33506013E+04   -0.45323811E-01    0.32218347E-03   -0.99857408E-02   -0.56673361E+02    0.50952341E+03   -0.52621714E+02   -0.40647290E-02   -0.14481576E-03    0.17071795E-04    0.00000000E+00    0.77654711E+04   -0.20270702E+03    0.34678494E+00   -0.35654645E-03    0.26706956E-03    0.00000000E+00    0.52610344E+02    0.62566937E+03    0.27736365E-04    0.74136947E-03   -0.11834649E-02
  0.3000   -0.28841073E+04   -0.73618572E+04    0.31272167E+04   -0.45080688E-01    0.27118499E-03   -0.93495100E-02   -0.52305083E+02    0.47047160E+03    0.13789537E+03   -0.37519402E-02    0.28281890E-03   -0.14140794E-03    0.00000000E+00    0.73271722E+04   -0.18555423E+03    0.34403706E+00   -0.25969315E-03    0.31115332E-03    0.00000000E+00   -0.13790823E+03    0.57759359E+03    0.58032348E-05    0.60899696E-03   -0.11679351E-02
  0.3100   -0.26844266E+04   -0.69661802E+04    0.28962915E+04   -0.44842597E-01    0.23102344E-03   -0.86792440E-02   -0.42284041E+02    0.38051330E+03    0.29434855E+03   -0.34786276E-02    0.53050557E-03   -0.37504010E-03    0.00000000E+00    0.69246085E+04   -0.14428001E+03    0.34133385E+00   -0.23192640E-03    0.21194241E-03    0.00000000E+00   -0.29436189E+03    0.46734302E+03    0.40504681E-04    0.65147349E-03   -0.78627932E-03
  0.3200   -0.25065761E+04   -0.65925075E+04    0.26633397E+04   -0.44630992E-01    0.14852441E-03   -0.80450808E-02   -0.28270978E+02    0.25460374E+03    0.40233008E+03   -0.33149998E-02    0.35320552E-03   -0.88453887E-03    0.00000000E+00    0.65464103E+04   -0.85954120E+02    0.33876496E+00   -0.11292028E-03    0.15151243E-03    0.00000000E+00   -0.40234102E+03    0.31318730E+03    0.23383523E-04    0.41118963E-03   -0.55231234E-03
  0.3300   -0.23493058E+04   -0.62324575E+04    0.24355865E+04   -0.44440959E-01    0.79310825E-04   -0.74136252E-02   -0.12212544E+02    0.11026582E+03    0.45407155E+03   -0.30943102E-02    0.57190006E-03   -0.82502389E-03    0.00000000E+00    0.61845895E+04   -0.18858791E+02    0.33624699E+00   -0.54286091E-04    0.37318506E-05    0.00000000E+00   -0.45408096E+03    0.13654318E+03    0.44030012E-05    0.25223027E-03   -0.16783665E-03
  0.3400   -0.22109699E+04   -0.58813115E+04    0.22207973E+04   -0.44270509E-01   -0.70457649E-04   -0.69026076E-02    0.38924242E+01   -0.34508015E+02    0.44870097E+03   -0.29191275E-02    0.51410324E-03   -0.86629843E-03    0.00000000E+00    0.58344760E+04    0.48503587E+02    0.33380843E+00    0.60857318E-04   -0.88361064E-04    0.00000000E+00   -0.44871048E+03   -0.40608280E+02   -0.36208472E-05   -0.78076530E-04    0.46852411E-04
  0.3600   -0.19826126E+04   -0.52029271E+04    0.18574902E+04   -0.43967291E-01   -0.18929773E-03   -0.59037550E-02    0.29269205E+02   -0.26259832E+03    0.29397770E+03   -0.26325890E-02    0.21898362E-03   -0.68542118E-03    0.00000000E+00    0.51652225E+04    0.15437199E+03    0.32910799E+00    0.18654438E-03   -0.28837181E-03    0.00000000E+00   -0.29398738E+03   -0.31972442E+03   -0.53821333E-04   -0.52099445E-03    0.46261859E-03
  0.3700   -0.18876670E+04   -0.48804014E+04    0.17183252E+04   -0.43824411E-01   -0.20714157E-03   -0.54934660E-02    0.36067797E+02   -0.32365344E+03    0.16987627E+03   -0.24642255E-02    0.31083148E-03   -0.21178269E-03    0.00000000E+00    0.48495391E+04    0.18235860E+03    0.32685159E+00    0.19120520E-03   -0.36981011E-03    0.00000000E+00   -0.16988513E+03   -0.39449119E+03   -0.35837437E-04   -0.40984677E-03    0.80378175E-03
  0.3800   -0.18020954E+04   -0.45745791E+04    0.16098065E+04   -0.43715811E-01   -0.28481033E-03   -0.52372837E-02    0.38169627E+02   -0.34244870E+03    0.35686977E+02   -0.23485781E-02   -0.18964443E-04   -0.12875329E-03    0.00000000E+00    0.45510292E+04    0.19043397E+03    0.32469324E+00    0.25206341E-03   -0.33379530E-03    0.00000000E+00   -0.35694070E+02   -0.41759390E+03   -0.20287404E-04   -0.37403967E-03    0.91066294E-03
  0.3900   -0.17234385E+04   -0.42901901E+04    0.15305112E+04   -0.43597542E-01   -0.24814978E-03   -0.49566758E-02    0.35696747E+02   -0.32008571E+03   -0.92467895E+02   -0.22332324E-02   -0.40901897E-04    0.24357005E-03    0.00000000E+00    0.42736189E+04    0.17911184E+03    0.32258064E+00    0.24769209E-03   -0.30333477E-03    0.00000000E+00    0.92461528E+02   -0.39037613E+03   -0.51075516E-04   -0.49065501E-03    0.71031379E-03
  0.4000   -0.16495314E+04   -0.40314185E+04    0.14767161E+04   -0.43485108E-01   -0.17039853E-03   -0.47134273E-02    0.29276522E+02   -0.26220787E+03   -0.20036369E+03   -0.21303611E-02   -0.26607255E-03    0.35033433E-03    0.00000000E+00    0.40207840E+04    0.15105831E+03    0.32050274E+00    0.19028571E-03   -0.27443615E-03    0.00000000E+00    0.20035469E+03   -0.31974003E+03    0.16756570E-04   -0.13918041E-03    0.84448066E-03
  0.4100   -0.15786318E+04   -0.38012535E+04    0.14428963E+04   -0.43380643E-01   -0.12545701E-03   -0.45644410E-02    0.19935165E+02   -0.17805045E+03   -0.27710576E+03   -0.20302647E-02   -0.37598340E-03    0.47651587E-03    0.00000000E+00    0.37949698E+04    0.11063017E+03    0.31846668E+00    0.15670226E-03   -0.18364483E-03    0.00000000E+00    0.27709861E+03   -0.21697578E+03   -0.49914181E-04   -0.33075257E-03    0.33676042E-03
  0.4200   -0.15095049E+04   -0.36010524E+04    0.14223853E+04   -0.43291737E-01   -0.13431668E-04   -0.43893147E-02    0.89552041E+01   -0.79158165E+02   -0.31610843E+03   -0.19422015E-02   -0.33692032E-03    0.63556832E-03    0.00000000E+00    0.35972068E+04    0.63275579E+02    0.31649220E+00    0.18211034E-04   -0.17645250E-03    0.00000000E+00    0.31610007E+03   -0.96192686E+02    0.55561940E-04    0.22262492E-03    0.51855596E-03
  0.4300   -0.14414557E+04   -0.34303178E+04    0.14081297E+04   -0.43200195E-01    0.15327931E-04   -0.43166986E-02   -0.22854236E+01    0.22073786E+02   -0.31552350E+03   -0.18583866E-02   -0.38093070E-03    0.58975846E-03    0.00000000E+00    0.34269079E+04    0.14848314E+02    0.31457660E+00   -0.56696852E-04   -0.10237680E-03    0.00000000E+00    0.31551834E+03    0.27454995E+02    0.18632357E-05    0.13040392E-03    0.45940272E-04
  0.4400   -0.13743087E+04   -0.32867389E+04    0.13934416E+04   -0.43129975E-01    0.65819118E-04   -0.42210204E-02   -0.12473861E+02    0.11382703E+03   -0.27812587E+03   -0.17967061E-02   -0.40424805E-03    0.45138954E-03    0.00000000E+00    0.32819011E+04   -0.29074776E+02    0.31270846E+00   -0.45986298E-04    0.43460511E-04    0.00000000E+00    0.27811945E+03    0.13952425E+03    0.40458101E-04    0.31647209E-03   -0.11276592E-03
  0.4500   -0.13083385E+04   -0.31664268E+04    0.13726722E+04   -0.43051433E-01    0.12231185E-03   -0.41006320E-02   -0.20505130E+02    0.18615805E+03   -0.21068698E+03   -0.16968757E-02   -0.36194873E-03    0.28621716E-03    0.00000000E+00    0.31586379E+04   -0.63800411E+02    0.31088082E+00   -0.62617563E-04    0.13366058E-03    0.00000000E+00    0.21068086E+03    0.22786281E+03   -0.29159231E-04    0.10567105E-03   -0.59533525E-03
  0.4600   -0.12441603E+04   -0.30643321E+04    0.13417259E+04   -0.42989242E-01    0.16485074E-03   -0.39628887E-02   -0.25592693E+02    0.23198971E+03   -0.12295938E+03   -0.16049530E-02   -0.12736477E-03    0.25091239E-03    0.00000000E+00    0.30525594E+04   -0.85987266E+02    0.30906994E+00   -0.12374018E-03    0.14079449E-03    0.00000000E+00    0.12295345E+03    0.28381832E+03    0.70781608E-05    0.32567123E-03   -0.54747883E-03
  0.4700   -0.11825967E+04   -0.29747865E+04    0.12983826E+04   -0.42924828E-01    0.13622547E-03   -0.38581709E-02   -0.27336607E+02    0.24772573E+03   -0.26383983E+02   -0.15492426E-02   -0.44125348E-04    0.37043396E-04    0.00000000E+00    0.29585681E+04   -0.93937890E+02    0.30730415E+00   -0.12235934E-03    0.16663495E-03    0.00000000E+00    0.26378109E+02    0.30299159E+03   -0.36116695E-04    0.16830481E-03   -0.76383067E-03
  0.4800   -0.11245321E+04   -0.28920793E+04    0.12423921E+04   -0.42853088E-01    0.18747338E-03   -0.36346717E-02   -0.25744400E+02    0.23343068E+03    0.67308805E+02   -0.14864769E-02    0.52810860E-04   -0.15426065E-03    0.00000000E+00    0.28715433E+04   -0.87688018E+02    0.30558403E+00   -0.15067401E-03    0.11909292E-03    0.00000000E+00   -0.67314034E+02    0.28547043E+03    0.13088810E-04    0.36053243E-03   -0.51770026E-03
  0.4900   -0.10707749E+04   -0.28110222E+04    0.11753437E+04   -0.42812833E-01    0.11621734E-03   -0.34996573E-02   -0.21205191E+02    0.19261044E+03    0.14743848E+03   -0.14230124E-02    0.49691003E-04   -0.40389466E-03    0.00000000E+00    0.27868313E+04   -0.68891969E+02    0.30388843E+00   -0.13873140E-03    0.73210613E-04    0.00000000E+00   -0.14744247E+03    0.23553315E+03   -0.12877218E-04    0.21403261E-03   -0.51057101E-03
  0.5000   -0.10219393E+04   -0.27274250E+04    0.11003455E+04   -0.42744475E-01    0.13491214E-03   -0.32502350E-02   -0.14422524E+02    0.13160045E+03    0.20552949E+03   -0.13754326E-02    0.13916921E-03   -0.49312997E-03    0.00000000E+00    0.27006655E+04   -0.40540261E+02    0.30224013E+00   -0.13386179E-03   -0.91420990E-05    0.00000000E+00   -0.20553339E+03    0.16091803E+03    0.13118682E-04    0.20045307E-03   -0.29460163E-03
  0.5500   -0.85196104E+03   -0.22242565E+04    0.75694577E+03   -0.42559935E-01   -0.17817874E-03   -0.25068771E-02    0.19979032E+02   -0.17786543E+03    0.94360997E+02   -0.11076138E-02    0.12734717E-03   -0.16294879E-03    0.00000000E+00    0.22045504E+04    0.10354359E+03    0.29447534E+00    0.98544789E-04   -0.22000086E-03    0.00000000E+00   -0.94364277E+02   -0.21748478E+03   -0.59139397E-04   -0.42700280E-03    0.24207610E-03
  0.6000   -0.74217187E+03   -0.17585929E+04    0.68937573E+03   -0.42378563E-01   -0.13107341E-04   -0.21339305E-02    0.54020031E+01   -0.46556826E+02   -0.18497134E+03   -0.96180849E-03   -0.27302111E-03    0.29603213E-03    0.00000000E+00    0.17540952E+04    0.39827770E+02    0.28738919E+00    0.29294785E-04   -0.93232965E-04    0.00000000E+00    0.18496778E+03   -0.57113184E+02   -0.27584026E-04   -0.92136671E-04    0.83568621E-04
  0.6500   -0.61818053E+03   -0.15599367E+04    0.68799842E+03   -0.42261727E-01    0.14701442E-03   -0.19695715E-02   -0.16711045E+02    0.15252344E+03   -0.16757490E+02   -0.79671225E-03   -0.25015738E-05    0.49051840E-04    0.00000000E+00    0.15480752E+04   -0.55626591E+02    0.28085144E+00   -0.15870718E-03    0.12424695E-04    0.00000000E+00    0.16756644E+02    0.18611941E+03    0.45276299E-04    0.42521838E-03   -0.14736684E-03
  0.7000   -0.51627732E+03   -0.14171853E+04    0.51767840E+03   -0.42186870E-01   -0.30925195E-04   -0.16235318E-02    0.13804906E+01   -0.10255895E+02    0.15196750E+03   -0.67090259E-03    0.26517787E-03   -0.20234106E-03    0.00000000E+00    0.13977799E+04    0.20003048E+02    0.27484544E+00    0.25028792E-04   -0.36509387E-04    0.00000000E+00   -0.15197044E+03   -0.12896904E+02   -0.25811983E-04   -0.63058418E-04   -0.23381865E-04
  0.7500   -0.46626574E+03   -0.11651155E+04    0.39181383E+03   -0.42135736E-01   -0.14877369E-03   -0.13541655E-02    0.13556668E+02   -0.11979474E+03   -0.33832091E+02   -0.61043392E-03   -0.22070985E-04    0.82011419E-04    0.00000000E+00    0.11557723E+04    0.70655448E+02    0.26925417E+00    0.12366249E-03   -0.93704765E-04    0.00000000E+00    0.33829413E+02   -0.14682184E+03   -0.49015854E-04   -0.34703353E-03    0.10465508E-03
  0.8000   -0.41812971E+03   -0.98939207E+03    0.42372366E+03   -0.42063595E-01    0.17282938E-04   -0.12862775E-02   -0.48751316E+01    0.46123867E+02   -0.11377222E+03   -0.53972548E-03   -0.14105690E-03    0.20895651E-03    0.00000000E+00    0.98472152E+03   -0.86341231E+01    0.26399300E+00   -0.10369323E-04    0.16193039E-04    0.00000000E+00    0.11376972E+03    0.55933245E+02    0.10867995E-04    0.16269347E-04   -0.15580593E-03
  0.8500   -0.35384328E+03   -0.94738267E+03    0.39811692E+03   -0.42028071E-01    0.43538508E-04   -0.11812444E-02   -0.91873948E+01    0.84952503E+02    0.63938767E+02   -0.48210741E-03   -0.23060552E-04   -0.21976434E-03    0.00000000E+00    0.93442035E+03   -0.27795891E+02    0.25908201E+00   -0.62684711E-04    0.22827684E-04    0.00000000E+00   -0.63942703E+02    0.10335930E+03   -0.78221527E-05    0.85164512E-04   -0.23281418E-03
  0.9000   -0.31375319E+03   -0.85356396E+03    0.28019354E+03   -0.42000226E-01   -0.62179196E-04   -0.92417785E-03    0.75129839E+01   -0.65332486E+02    0.75067526E+02   -0.43028227E-03    0.20140759E-04   -0.21079999E-03    0.00000000E+00    0.84057198E+03    0.42436572E+02    0.25444368E+00    0.45629713E-04   -0.84923860E-04    0.00000000E+00   -0.75068177E+02   -0.80345123E+02   -0.21394251E-04   -0.12658479E-03    0.12059217E-03
  0.9500   -0.29608105E+03   -0.70505022E+03    0.25522800E+03   -0.41973967E-01   -0.35555434E-04   -0.82074911E-03    0.58973016E+01   -0.50772378E+02   -0.78035953E+02   -0.39664345E-03   -0.13854281E-03    0.10153013E-03    0.00000000E+00    0.70018456E+03    0.34901952E+02    0.25006146E+00    0.25429360E-04   -0.81944406E-04    0.00000000E+00    0.78034950E+02   -0.62563845E+02    0.76589707E-05   -0.25802777E-04    0.16667115E-03
  1.0000   -0.26403348E+03   -0.65030660E+03    0.29236104E+03   -0.41959794E-01    0.31146863E-04   -0.86828438E-03   -0.77838983E+01    0.72369864E+02   -0.39124448E+02   -0.33414583E-03   -0.19344648E-04    0.10101937E-03    0.00000000E+00    0.64392006E+03   -0.23839458E+02    0.24591671E+00   -0.58561687E-04    0.14778977E-04    0.00000000E+00    0.39122578E+02    0.87927451E+02   -0.20125208E-04   -0.18220812E-05   -0.27232562E-03
  1.1000   -0.21407157E+03   -0.55583116E+03    0.17301263E+03   -0.41947116E-01   -0.42168281E-04   -0.57443128E-03    0.79311095E+01   -0.69049660E+02    0.82190417E+01   -0.28847498E-03   -0.46571508E-04   -0.71856897E-04    0.00000000E+00    0.54780728E+03    0.41920797E+02    0.23820277E+00    0.16060919E-04   -0.11290590E-03    0.00000000E+00   -0.82195015E+01   -0.84939186E+02   -0.11316420E-04   -0.91154430E-04    0.17015589E-03
  1.2000   -0.17888245E+03   -0.47197149E+03    0.20692006E+03   -0.41943802E-01    0.31782252E-04   -0.60479492E-03   -0.63555736E+01    0.59543701E+02    0.16199063E+02   -0.22373851E-03    0.37536297E-04   -0.12299150E-04    0.00000000E+00    0.46415749E+03   -0.19653005E+02    0.23118880E+00   -0.19470159E-04    0.40991132E-04    0.00000000E+00   -0.16199200E+02    0.72215428E+02   -0.30956734E-04   -0.14470037E-04   -0.23663648E-03
  1.3000   -0.15708403E+03   -0.38291557E+03    0.12541173E+03   -0.41950633E-01   -0.38549313E-04   -0.42437098E-03    0.52483526E+01   -0.44881153E+02   -0.33413548E+02   -0.19911583E-03   -0.32327931E-04    0.70466850E-04    0.00000000E+00    0.37809538E+03    0.28940522E+02    0.22474782E+00    0.35445930E-04   -0.53587854E-04    0.00000000E+00    0.33412828E+02   -0.55426367E+02   -0.13553308E-04   -0.10268129E-03    0.67834610E-04
  1.4000   -0.12817771E+03   -0.36156022E+03    0.14348454E+03   -0.41960084E-01    0.13531522E-04   -0.42789007E-03   -0.29590833E+01    0.28990013E+02    0.43370630E+02   -0.17691710E-03   -0.40935233E-05   -0.13752067E-03    0.00000000E+00    0.35334204E+03   -0.65581095E+01    0.21879423E+00    0.17493855E-04    0.37669486E-04    0.00000000E+00   -0.43371970E+02    0.34853856E+02   -0.23655408E-04   -0.32121813E-04   -0.13934761E-03
  1.5000   -0.12005123E+03   -0.27972762E+03    0.10489357E+03   -0.41983163E-01   -0.14921941E-04   -0.33762073E-03    0.16184422E+01   -0.12200131E+02   -0.46586683E+02   -0.17461209E-03   -0.13974279E-03    0.35783561E-05    0.00000000E+00    0.27638821E+03    0.12360578E+02    0.21326373E+00    0.41706330E-04    0.36797524E-05    0.00000000E+00    0.46585506E+02   -0.15496153E+02    0.48445007E-05    0.25201575E-04    0.72874563E-04
  1.6000   -0.96979803E+02   -0.28251737E+03    0.96433738E+02   -0.42004343E-01   -0.16636458E-04   -0.31330908E-03    0.50007932E+00   -0.21333477E+01    0.44026224E+02   -0.11410372E-03    0.94602858E-04   -0.40841185E-04    0.00000000E+00    0.27498091E+03    0.71420933E+01    0.20807669E+00    0.39840087E-05   -0.17988214E-04    0.00000000E+00   -0.44026905E+02   -0.31967960E+01   -0.15062858E-04   -0.50518378E-04   -0.40683626E-04
  2.0000   -0.64408532E+02   -0.17188599E+03    0.46923897E+02   -0.42116052E-01   -0.22456374E-04   -0.16681493E-03    0.33710324E+01   -0.27962143E+02    0.38457394E+01   -0.85646982E-04   -0.27887688E-06   -0.12110064E-04    0.00000000E+00    0.16735798E+03    0.17948640E+02    0.19029763E+00    0.36341427E-04   -0.18876487E-04    0.00000000E+00   -0.38459081E+01   -0.34775673E+02    0.67406642E-05    0.35432443E-04    0.14241772E-03
  2.5000   -0.39142149E+02   -0.11969300E+03    0.38512550E+02   -0.42271733E-01   -0.12269720E-04   -0.13075127E-03    0.33705941E+00   -0.65200141E+00    0.22562411E+02   -0.51241005E-04    0.43135434E-04   -0.26276472E-04    0.00000000E+00    0.11502766E+03    0.39467269E+01    0.17263833E+00   -0.64987029E-05   -0.18640572E-04    0.00000000E+00   -0.22563173E+02   -0.14025100E+01   -0.22358097E-04   -0.79404084E-04   -0.75089346E-04
  3.0000   -0.28346828E+02   -0.78779884E+02    0.34650780E+02   -0.42428611E-01    0.20625199E-04   -0.85975851E-04   -0.14421719E+01    0.15362254E+02    0.35725758E+01   -0.39026980E-04   -0.62740456E-05   -0.17264861E-04    0.00000000E+00    0.75596265E+02   -0.43479001E+01    0.15836105E+00   -0.85339246E-05    0.48421296E-05    0.00000000E+00   -0.35724015E+01    0.18169641E+02   -0.18980394E-04   -0.43678672E-04   -0.99576485E-04
  4.0000   -0.16675773E+02   -0.41929689E+02    0.99957451E+01   -0.42745671E-01    0.75863893E-05   -0.23164922E-04    0.11952922E+01   -0.83746566E+01   -0.57497435E+01   -0.23828778E-04   -0.16606217E-04    0.10825247E-05    0.00000000E+00    0.39876800E+02    0.59553799E+01    0.13613769E+00    0.76603596E-05   -0.10661010E-04    0.00000000E+00    0.57494173E+01   -0.10843300E+02    0.12288205E-04    0.60037936E-04    0.93396698E-04
  5.0000   -0.96677274E+01   -0.31595627E+02    0.11446057E+02   -0.43037130E-01    0.24383977E-04   -0.10829130E-04   -0.27536124E+00    0.48602012E+01    0.61211588E+01   -0.11992427E-04    0.10703002E-04   -0.81283762E-05    0.00000000E+00    0.29347681E+02   -0.82959139E+00    0.11922347E+00   -0.68253807E-06    0.18696502E-05    0.00000000E+00   -0.61212775E+01    0.53323481E+01    0.39155951E-05    0.14096715E-04   -0.23079349E-05
  6.0000   -0.76920519E+01   -0.18142284E+02    0.50074675E+01   -0.43313478E-01   -0.16546466E-04   -0.31951640E-04    0.45599436E+00   -0.17236802E+01   -0.56774252E+01   -0.70704017E-05    0.10048941E-04    0.27515200E-04    0.00000000E+00    0.16749925E+02    0.19279548E+01    0.10567852E+00    0.45184264E-05   -0.14128111E-05    0.00000000E+00    0.56770298E+01   -0.27140408E+01   -0.14123676E-04   -0.56698027E-04   -0.48348443E-04
  7.0000   -0.47428381E+01   -0.17465745E+02    0.43612102E+01   -0.43551231E-01    0.10793952E-04   -0.26230499E-05    0.22098286E+00    0.38918466E+00    0.48250590E+01   -0.94853357E-05   -0.94438591E-05   -0.24287864E-04    0.00000000E+00    0.15738270E+02    0.68324649E+00    0.94442231E-01   -0.63864806E-05   -0.84884476E-05    0.00000000E+00   -0.48250150E+01   -0.13130053E+00   -0.16526120E-05    0.25220113E-04    0.25624052E-04
  8.0000   -0.43732000E+01   -0.10439177E+02    0.37036175E+01   -0.43773310E-01   -0.90287879E-06   -0.12296836E-04    0.12195851E+00    0.12777813E+01   -0.37814069E+01   -0.60324231E-05   -0.89428344E-05    0.26904375E-05    0.00000000E+00    0.92843054E+01    0.81470416E-01    0.84908331E-01    0.16637518E-05    0.14131130E-05    0.00000000E+00    0.37808689E+01    0.95553686E+00   -0.74968000E-05   -0.41591207E-04   -0.44530859E-04
  9.0000   -0.28847079E+01   -0.10853509E+02    0.14680691E+01   -0.43968470E-01    0.43011710E-05   -0.21525555E-06    0.43215672E+00   -0.15169061E+01    0.26824091E+01   -0.85612991E-05   -0.10648472E-04   -0.18900743E-04    0.00000000E+00    0.94862189E+01    0.12616393E+01    0.76666656E-01   -0.82241291E-06   -0.47037707E-05    0.00000000E+00   -0.26826905E+01   -0.24592744E+01   -0.77060752E-05   -0.36945859E-04   -0.29380049E-04
 10.0000   -0.27139653E+01   -0.73373286E+01    0.29601235E+01   -0.44143079E-01    0.31555360E-05   -0.59511067E-05    0.48349441E-02    0.23257547E+01   -0.16249827E+01    0.20139069E-05    0.35985816E-04    0.40984978E-04    0.00000000E+00    0.62744057E+01   -0.66221444E+00    0.69450631E-01    0.31001609E-05    0.51374240E-05    0.00000000E+00    0.16248647E+01    0.22382275E+01    0.34533483E-05    0.20844214E-04    0.13958441E-04
 12.0000   -0.17578464E+01   -0.58497323E+01    0.21993002E+01   -0.44426475E-01    0.18745341E-05   -0.48914812E-05    0.20528263E-01    0.21760311E+01    0.11296426E+00   -0.47887763E-05   -0.20265813E-04   -0.20613341E-04    0.00000000E+00    0.48331694E+01   -0.75201768E+00    0.57344036E-01   -0.10564769E-05    0.12570605E-05    0.00000000E+00   -0.11298136E+00    0.20586455E+01    0.32283461E-05    0.42793825E-05   -0.20539171E-05
 16.0000   -0.85390451E+00   -0.41135542E+01    0.65464599E+00   -0.44764873E-01    0.19876308E-05   -0.26348434E-07    0.20723572E+00    0.47588467E+00    0.13822739E+01    0.67681881E-06    0.66641841E-05    0.24117013E-05    0.00000000E+00    0.32010124E+01   -0.13758694E+00    0.39436220E-01    0.67118985E-05    0.71351765E-05    0.00000000E+00   -0.13822721E+01   -0.13431539E-01    0.39722885E-05    0.30004570E-05    0.30417783E-05
 20.0000   -0.58839251E+00   -0.26114447E+01   -0.18797582E+00   -0.44831391E-01   -0.38508376E-05   -0.32725412E-05    0.32336193E+00   -0.59473725E+00    0.42821686E+00   -0.14315756E-05   -0.84002976E-05   -0.97176811E-05    0.00000000E+00    0.18482275E+01    0.26527063E+00    0.26781897E-01    0.25838443E-05    0.17677551E-05    0.00000000E+00   -0.42815490E+00   -0.13141162E+01   -0.35375793E-05   -0.39268735E-05    0.11592638E-06
 25.0000   -0.32843989E+00   -0.19875665E+01    0.20418445E+00   -0.44587091E-01    0.10948971E-05    0.46673585E-06    0.20253614E+00    0.45270440E+00    0.68695917E+00    0.31258168E-06   -0.15962728E-05   -0.37096615E-05    0.00000000E+00    0.12935610E+01   -0.30145815E+00    0.15480594E-01    0.11432325E-05    0.20706504E-05    0.00000000E+00   -0.68720913E+00   -0.20716202E-01    0.12203425E-05   -0.54686071E-05   -0.54048750E-05
 30.0000   -0.28098723E+00   -0.12133764E+01    0.26509352E+00   -0.44028586E-01   -0.28168401E-05   -0.36323844E-05    0.16843159E+00    0.71155487E+00   -0.14548725E+00   -0.67459026E-06   -0.59594983E-05   -0.55119155E-05    0.00000000E+00    0.61687937E+00   -0.46281206E+00    0.74440969E-02   -0.24225961E-05   -0.99878249E-06    0.00000000E+00    0.14551330E+00    0.31112606E+00   -0.46382708E-05   -0.11793966E-04   -0.12751127E-04
 40.0000   -0.12469594E+00   -0.83786865E+00   -0.23255117E+00   -0.42127144E-01   -0.72821070E-06   -0.12780950E-07    0.24818759E+00   -0.12564456E+00    0.32606029E-01   -0.66524009E-06    0.19286591E-05    0.18283486E-05    0.00000000E+00    0.30497405E+00   -0.97517523E-01   -0.25611700E-02    0.14221067E-05    0.17221135E-05    0.00000000E+00   -0.32783087E-01   -0.67360011E+00    0.65804403E-06    0.17918881E-05    0.38641785E-05
 50.0000   -0.52941743E-01   -0.59950414E+00    0.60046065E-01   -0.39398735E-01    0.10165839E-05    0.83185574E-06    0.16838087E+00    0.44546238E+00    0.24288450E-01   -0.16229848E-05   -0.82179817E-05   -0.82927037E-05    0.00000000E+00    0.11431642E+00   -0.36480008E+00   -0.76202928E-02   -0.24923331E-05   -0.13700475E-05    0.00000000E+00   -0.24133801E-01    0.71750345E-01   -0.16711875E-05    0.29794547E-05    0.27587190E-05
 60.0000   -0.15816188E-01   -0.42110596E+00   -0.17405542E+00   -0.36052962E-01   -0.25713987E-05   -0.20359276E-05    0.20040966E+00   -0.13222973E-01   -0.57244069E-01   -0.69815776E-06   -0.16663007E-06    0.94778787E-08    0.00000000E+00   -0.24145334E-01   -0.12973803E+00   -0.96777816E-02    0.12392220E-05    0.16383533E-05    0.00000000E+00    0.57205964E-01   -0.43386872E+00    0.27238150E-05    0.12120608E-04    0.13455379E-04
 70.0000    0.28423535E-01   -0.38096039E+00    0.12204344E-01   -0.32264485E-01   -0.26391732E-05   -0.26767191E-05    0.14341940E+00    0.31114689E+00    0.78190849E-01    0.15070232E-05    0.21760728E-05    0.19355233E-05    0.00000000E+00   -0.40510385E-01   -0.25506733E+00   -0.98057977E-02   -0.33725848E-05   -0.25878855E-05    0.00000000E+00   -0.78349978E-01    0.23233769E-01    0.16565923E-05    0.86076174E-05    0.85361401E-05
 80.0000    0.32581094E-01   -0.23694273E+00   -0.12243524E+00   -0.28194264E-01   -0.19468579E-05   -0.15701932E-05    0.15330755E+00    0.21153494E-01   -0.92556868E-01    0.54451451E-06    0.20872762E-05    0.23720219E-05    0.00000000E+00   -0.14693544E+00   -0.84797572E-01   -0.86471871E-02    0.29641468E-05    0.32250215E-05    0.00000000E+00    0.92365217E-01   -0.26634261E+00   -0.23953490E-05   -0.74397018E-05   -0.66203147E-05
 90.0000    0.66260706E-01   -0.26378396E+00   -0.28927952E-02   -0.23988734E-01    0.15842958E-05    0.15931953E-05    0.10907645E+00    0.21017399E+00    0.10027606E+00    0.54484807E-06   -0.26714768E-05   -0.29799701E-05    0.00000000E+00   -0.10063890E+00   -0.13778968E+00   -0.66596743E-02   -0.23252293E-05   -0.19013276E-05    0.00000000E+00   -0.10000859E+00    0.31721912E-01   -0.11529896E-05   -0.50809479E-05   -0.51785385E-05
100.0000    0.53195647E-01   -0.13103198E+00   -0.78700688E-01   -0.19791206E-01   -0.42612132E-05   -0.40190952E-05    0.10640207E+00    0.28728893E-01   -0.11085504E+00   -0.57779578E-06   -0.62941890E-05   -0.59531501E-05    0.00000000E+00   -0.19197563E+00   -0.14810978E-01   -0.41705932E-02    0.63516674E-07    0.10908176E-06    0.00000000E+00    0.11084730E+00   -0.12357081E+00    0.66668286E-06    0.11885747E-05    0.15687330E-05
110.0000    0.79319239E-01   -0.19269014E+00   -0.70793704E-02   -0.15731758E-01   -0.20387733E-05   -0.20169940E-05    0.73064148E-01    0.12782237E+00    0.11740109E+00    0.93415013E-06    0.36163300E-05    0.32551526E-05    0.00000000E+00   -0.10861154E+00   -0.24842893E-01   -0.14402809E-02    0.18893685E-05    0.19657962E-05    0.00000000E+00   -0.11745565E+00    0.62295898E-01    0.29894981E-06   -0.76653111E-05   -0.78569607E-05
120.0000    0.54133207E-01   -0.60961562E-01   -0.40727986E-01   -0.11936109E-01   -0.38808480E-05   -0.37555508E-05    0.62987568E-01    0.30024831E-01   -0.12326504E+00   -0.13262730E-06   -0.16734773E-06    0.21186980E-06    0.00000000E+00   -0.19272298E+00    0.56244367E-01    0.13216969E-02    0.63836656E-06    0.46533413E-06    0.00000000E+00    0.12341148E+00    0.33858582E-02   -0.15750974E-05   -0.13377525E-04   -0.13387941E-04
130.0000    0.74438694E-01   -0.14343587E+00   -0.12368123E-01   -0.85143230E-02    0.39624160E-06    0.43429139E-06    0.41508498E-01    0.52906079E-01    0.12926627E+00   -0.20961361E-05   -0.63226080E-05   -0.67202879E-05    0.00000000E+00   -0.84589455E-01    0.76989944E-01    0.39394440E-02   -0.34394251E-05   -0.36762801E-05    0.00000000E+00   -0.12917151E+00    0.86357255E-01   -0.38296176E-05   -0.18995513E-04   -0.19261186E-04
140.0000    0.39684576E-01   -0.92294064E-02   -0.58904251E-02   -0.55709544E-02   -0.43488913E-05   -0.43307697E-05    0.26736025E-01    0.38799503E-01   -0.13605772E+00   -0.26807735E-05   -0.92891403E-05   -0.88705668E-05    0.00000000E+00   -0.16469234E+00    0.11108280E+00    0.62748761E-02    0.15288302E-06   -0.18885655E-06    0.00000000E+00    0.13612335E+00    0.11640376E+00    0.12640852E-05   -0.39819859E-05   -0.43400951E-05
150.0000    0.56932490E-01   -0.10997741E+00   -0.25095564E-01   -0.31863252E-02   -0.13866926E-05   -0.13094876E-05    0.19891164E-01   -0.19223403E-01    0.14563184E+00   -0.30778959E-05   -0.14405217E-04   -0.14853245E-04    0.00000000E+00   -0.34980327E-01    0.16060574E+00    0.82119138E-02    0.19336244E-06   -0.30073151E-06    0.00000000E+00   -0.14533208E+00    0.84259964E-01   -0.78016457E-06   -0.52304772E-05   -0.54896979E-05
160.0000    0.13223770E-01    0.37626482E-01    0.32898675E-01   -0.14351066E-02   -0.85231700E-05   -0.86243808E-05   -0.35177803E-03    0.75230251E-01   -0.16187501E+00   -0.15095329E-06   -0.32633085E-06    0.17166792E-06    0.00000000E+00   -0.12234044E+00    0.13250231E+00    0.96615338E-02    0.28710327E-05    0.24633973E-05    0.00000000E+00    0.16195787E+00    0.22782580E+00   -0.47985879E-05   -0.21737464E-04   -0.22438357E-04
170.0000    0.35363584E-01   -0.10160385E+00   -0.68244984E-01   -0.35996785E-03    0.41274711E-05    0.43374227E-05    0.16030579E-01   -0.12609781E+00    0.20311351E+00   -0.21438673E-05   -0.11606863E-04   -0.12231729E-04    0.00000000E+00    0.44605862E-01    0.23755486E+00    0.10553370E-01   -0.25869753E-07   -0.75669306E-06    0.00000000E+00   -0.20300764E+00   -0.83934611E-03   -0.12546161E-04   -0.34661624E-04   -0.34659042E-04
179.9000    0.22322024E+00   -0.94745957E+00   -0.49715254E+00   -0.18745030E-06    0.65716747E-04    0.67246207E-04    0.10439925E+00   -0.93788542E+00    0.22306030E+01    0.77158720E-04    0.32455544E-03    0.31769313E-03    0.00000000E+00    0.83622646E+00    0.62630354E+00    0.10858047E-01   -0.32976357E-04   -0.34903142E-04    0.00000000E+00   -0.22296430E+01   -0.99076600E+00   -0.14974642E-04    0.25237315E-04    0.28285347E-04
180.0000    0.00000000E+00    0.00000000E+00    0.00000000E+00    0.00000000E+00    0.00000000E+00    0.00000000E+00    0.00000000E+00    0.00000000E+00    0.00000000E+00    0.00000000E+00    0.00000000E+00    0.00000000E+00    0.00000000E+00    0.00000000E+00   -0.19653473E+03   -0.20054564E+05   -0.87276677E-02   -0.81230404E-02    0.00000000E+00    0.00000000E+00    0.50917522E+03    0.51956655E+05   -0.22007040E-02   -0.37671511E-02
