  0.0000    0.00000000E+00    0.00000000E+00    0.00000000E+00    0.00000000E+00    0.00000000E+00    0.00000000E+00    0.00000000E+00    0.00000000E+00    0.00000000E+00    0.00000000E+00    0.00000000E+00    0.00000000E+00    0.00000000E+00    0.00000000E+00   -0.44605662E+05   -0.70789715E+02   -0.22806420E+00   -0.90837557E-01    0.00000000E+00    0.00000000E+00    0.53734899E+06    0.13991956E+03    0.45596833E+00   -0.11971537E+01
  0.0003   -0.13005076E+03   -0.13009044E+03   -0.70504005E+01   -0.16060096E-02   -0.10286382E-04    0.11403753E-04   -0.51693409E+03   -0.53307679E+03   -0.29624177E+04   -0.77587780E+00   -0.37722963E-02    0.53414042E-02    0.00000000E+00   -0.23715882E+03   -0.44595685E+05   -0.70786506E+02   -0.22804364E+00   -0.90847690E-01    0.00000000E+00    0.29596457E+04    0.53730847E+06    0.13991314E+03    0.45592721E+00   -0.11970701E+01
  0.0004   -0.17339562E+03   -0.17348968E+03   -0.12533342E+02   -0.28550205E-02   -0.18285917E-04    0.20272158E-04   -0.51681065E+03   -0.54550724E+03   -0.39496666E+04   -0.10344674E+01   -0.50294437E-02    0.71214692E-02    0.00000000E+00   -0.31615813E+03   -0.44587926E+05   -0.70784010E+02   -0.22802766E+00   -0.90855570E-01    0.00000000E+00    0.39459707E+04    0.53727696E+06    0.13990815E+03    0.45589523E+00   -0.11970052E+01
  0.0005   -0.21673587E+03   -0.21691958E+03   -0.19581932E+02   -0.44607532E-02   -0.28569769E-04    0.31672874E-04   -0.51665199E+03   -0.56148731E+03   -0.49367239E+04   -0.12930260E+01   -0.62863470E-02    0.89011886E-02    0.00000000E+00   -0.39511149E+03   -0.44577952E+05   -0.70780802E+02   -0.22800710E+00   -0.90865701E-01    0.00000000E+00    0.49321043E+04    0.53723645E+06    0.13990173E+03    0.45585411E+00   -0.11969217E+01
  0.0006   -0.26007035E+03   -0.26038777E+03   -0.28195495E+02   -0.64231038E-02   -0.41136989E-04    0.45604762E-04   -0.51645811E+03   -0.58101551E+03   -0.59235418E+04   -0.15515457E+01   -0.75429454E-02    0.10680476E-01    0.00000000E+00   -0.47400742E+03   -0.44565762E+05   -0.70776881E+02   -0.22798198E+00   -0.90878080E-01    0.00000000E+00    0.59179985E+04    0.53718695E+06    0.13989389E+03    0.45580387E+00   -0.11968196E+01
  0.0007   -0.30339790E+03   -0.30390191E+03   -0.38373199E+02   -0.87419454E-02   -0.55986417E-04    0.62066433E-04   -0.51622908E+03   -0.60409009E+03   -0.69100723E+04   -0.18100187E+01   -0.87991779E-02    0.12459246E-01    0.00000000E+00   -0.55283444E+03   -0.44551359E+05   -0.70772247E+02   -0.22795230E+00   -0.90892707E-01    0.00000000E+00    0.69036056E+04    0.53712845E+06    0.13988462E+03    0.45574450E+00   -0.11966990E+01
  0.0008   -0.34671738E+03   -0.34746964E+03   -0.50114067E+02   -0.11417128E-01   -0.73116686E-04    0.81056241E-04   -0.51596490E+03   -0.63070890E+03   -0.78962676E+04   -0.20684373E+01   -0.10054984E-01    0.14237411E-01    0.00000000E+00   -0.63158110E+03   -0.44534743E+05   -0.70766902E+02   -0.22791805E+00   -0.90909580E-01    0.00000000E+00    0.78888776E+04    0.53706096E+06    0.13987393E+03    0.45567600E+00   -0.11965599E+01
  0.0009   -0.39002764E+03   -0.39109858E+03   -0.63416968E+02   -0.14448479E-01   -0.92526214E-04    0.10257229E-03   -0.51566564E+03   -0.66086954E+03   -0.88820800E+04   -0.23267938E+01   -0.11310302E-01    0.16014885E-01    0.00000000E+00   -0.71023594E+03   -0.44515916E+05   -0.70760844E+02   -0.22787925E+00   -0.90928697E-01    0.00000000E+00    0.88737670E+04    0.53698448E+06    0.13986181E+03    0.45559839E+00   -0.11964022E+01
  0.0010   -0.43332752E+03   -0.43479637E+03   -0.78280623E+02   -0.17835802E-01   -0.11421321E-03    0.12661244E-03   -0.51533134E+03   -0.69456922E+03   -0.98674617E+04   -0.25850803E+01   -0.12565071E-01    0.17791584E-01    0.00000000E+00   -0.78878752E+03   -0.44494879E+05   -0.70754074E+02   -0.22783589E+00   -0.90950057E-01    0.00000000E+00    0.98582259E+04    0.53689903E+06    0.13984827E+03    0.45551166E+00   -0.11962261E+01
  0.0012   -0.51989155E+03   -0.52242891E+03   -0.11268432E+03   -0.25677466E-01   -0.16441142E-03    0.18225516E-03   -0.51455787E+03   -0.77257312E+03   -0.11836742E+05   -0.31014127E+01   -0.15072722E-01    0.21342306E-01    0.00000000E+00   -0.94553521E+03   -0.44446183E+05   -0.70738402E+02   -0.22773551E+00   -0.90999493E-01    0.00000000E+00    0.11825662E+05    0.53670120E+06    0.13981692E+03    0.45531089E+00   -0.11958182E+01
  0.0014   -0.60640030E+03   -0.61042800E+03   -0.15331193E+03   -0.34940094E-01   -0.22369279E-03    0.24796219E-03   -0.51364501E+03   -0.86469207E+03   -0.13803728E+05   -0.36173724E+01   -0.17577452E-01    0.24888892E-01    0.00000000E+00   -0.11017329E+04   -0.44388671E+05   -0.70719887E+02   -0.22761695E+00   -0.91057867E-01    0.00000000E+00    0.13790804E+05    0.53646753E+06    0.13977988E+03    0.45507375E+00   -0.11953365E+01
  0.0015   -0.64963109E+03   -0.65458393E+03   -0.17595492E+03   -0.40103536E-01   -0.25673297E-03    0.28458179E-03   -0.51313651E+03   -0.91603438E+03   -0.14786242E+05   -0.38751932E+01   -0.18828569E-01    0.26660419E-01    0.00000000E+00   -0.11795971E+04   -0.44356614E+05   -0.70709564E+02   -0.22755086E+00   -0.91090398E-01    0.00000000E+00    0.14772397E+05    0.53633727E+06    0.13975924E+03    0.45494155E+00   -0.11950679E+01
  0.0016   -0.69284462E+03   -0.69885416E+03   -0.20014783E+03   -0.45621292E-01   -0.29203550E-03    0.32370732E-03   -0.51259338E+03   -0.97089242E+03   -0.15768040E+05   -0.41328977E+01   -0.20078775E-01    0.28430655E-01    0.00000000E+00   -0.12572897E+04   -0.44322361E+05   -0.70698533E+02   -0.22748024E+00   -0.91125153E-01    0.00000000E+00    0.15753274E+05    0.53619807E+06    0.13973717E+03    0.45480030E+00   -0.11947809E+01
  0.0017   -0.73603977E+03   -0.74324623E+03   -0.22588836E+03   -0.51493007E-01   -0.32959711E-03    0.36533489E-03   -0.51201573E+03   -0.10292612E+04   -0.16749074E+05   -0.43904782E+01   -0.21328009E-01    0.30199514E-01    0.00000000E+00   -0.13347995E+04   -0.44285914E+05   -0.70686792E+02   -0.22740509E+00   -0.91162130E-01    0.00000000E+00    0.16733388E+05    0.53604994E+06    0.13971369E+03    0.45464998E+00   -0.11944755E+01
  0.0018   -0.77921538E+03   -0.78776764E+03   -0.25317401E+03   -0.57718302E-01   -0.36941435E-03    0.40946034E-03   -0.51140370E+03   -0.10911353E+04   -0.17729297E+05   -0.46479270E+01   -0.22576210E-01    0.31966912E-01    0.00000000E+00   -0.14121150E+04   -0.44247276E+05   -0.70674344E+02   -0.22732542E+00   -0.91201324E-01    0.00000000E+00    0.17712692E+05    0.53589289E+06    0.13968879E+03    0.45449062E+00   -0.11941518E+01
  0.0019   -0.82237032E+03   -0.83242588E+03   -0.28200219E+03   -0.64296775E-01   -0.41148356E-03    0.45607928E-03   -0.51075732E+03   -0.11565092E+04   -0.18708663E+05   -0.49052364E+01   -0.23823319E-01    0.33732762E-01    0.00000000E+00   -0.14892250E+04   -0.44206450E+05   -0.70661188E+02   -0.22724123E+00   -0.91242730E-01    0.00000000E+00    0.18691138E+05    0.53572693E+06    0.13966247E+03    0.45432222E+00   -0.11938096E+01
  0.0020   -0.86550347E+03   -0.87722841E+03   -0.31237011E+03   -0.71228002E-01   -0.45580087E-03    0.50518705E-03   -0.51007678E+03   -0.12253769E+04   -0.19687124E+05   -0.51623987E+01   -0.25069275E-01    0.35496982E-01    0.00000000E+00   -0.15661184E+04   -0.44163439E+05   -0.70647326E+02   -0.22715252E+00   -0.91286345E-01    0.00000000E+00    0.19668680E+05    0.53555207E+06    0.13963474E+03    0.45414479E+00   -0.11934491E+01
  0.0030   -0.12953879E+04   -0.13348143E+04   -0.70002186E+03   -0.15983228E+00   -0.10216216E-02    0.11319538E-02   -0.50141813E+03   -0.21046737E+04   -0.29411665E+05   -0.77242526E+01   -0.37452354E-01    0.53030871E-01    0.00000000E+00   -0.23206799E+04   -0.43614051E+05   -0.70469985E+02   -0.22601882E+00   -0.91842800E-01    0.00000000E+00    0.29384070E+05    0.53331684E+06    0.13928001E+03    0.45187716E+00   -0.11888402E+01
  0.0040   -0.17218642E+04   -0.18148393E+04   -0.12375266E+04   -0.28307907E+00   -0.18064877E-02    0.20006888E-02   -0.48950169E+03   -0.33244625E+04   -0.38994715E+05   -0.10263058E+02   -0.49655261E-01    0.70309645E-01    0.00000000E+00   -0.30414449E+04   -0.42851190E+05   -0.70222908E+02   -0.22444257E+00   -0.92613446E-01    0.00000000E+00    0.38958052E+05    0.53020777E+06    0.13878578E+03    0.44872434E+00   -0.11824281E+01
  0.0050   -0.21438494E+04   -0.23242446E+04   -0.19197641E+04   -0.44017998E+00   -0.28032366E-02    0.31028028E-02   -0.47452782E+03   -0.48737004E+04   -0.48391311E+05   -0.12771406E+02   -0.61620741E-01    0.87252231E-01    0.00000000E+00   -0.37178087E+04   -0.41881039E+05   -0.69907280E+02   -0.22243454E+00   -0.93590033E-01    0.00000000E+00    0.48345691E+05    0.52624482E+06    0.13815443E+03    0.44470790E+00   -0.11742528E+01
  0.0060   -0.25603055E+04   -0.28695222E+04   -0.27402748E+04   -0.63013653E+00   -0.40028290E-02    0.44274623E-02   -0.45674675E+03   -0.67384477E+04   -0.57558335E+05   -0.15242119E+02   -0.73293887E-01    0.10378088E+00    0.00000000E+00   -0.43397192E+04   -0.40711412E+05   -0.69524604E+02   -0.22000838E+00   -0.94762155E-01    0.00000000E+00    0.57503893E+05    0.52145324E+06    0.13738897E+03    0.43985508E+00   -0.11643646E+01
  0.0070   -0.29702484E+04   -0.34566171E+04   -0.36913487E+04   -0.85175132E+00   -0.53944711E-02    0.59617423E-02   -0.43645325E+03   -0.89020561E+04   -0.66454922E+05   -0.17668302E+02   -0.84622664E-01    0.11982193E+00    0.00000000E+00   -0.48977978E+04   -0.39351648E+05   -0.69076688E+02   -0.21718038E+00   -0.96117395E-01    0.00000000E+00    0.66391820E+05    0.51586330E+06    0.13649300E+03    0.43419853E+00   -0.11528240E+01
  0.0080   -0.33727568E+04   -0.40908405E+04   -0.47641320E+04   -0.11036411E+01   -0.69657610E-02    0.76908057E-02   -0.41398041E+03   -0.11345391E+05   -0.75042836E+05   -0.20043390E+02   -0.95558381E-01    0.13530641E+00    0.00000000E+00   -0.53834495E+04   -0.37812495E+05   -0.68565624E+02   -0.21396937E+00   -0.97641496E-01    0.00000000E+00    0.74971259E+05    0.50950989E+06    0.13547072E+03    0.42777585E+00   -0.11397008E+01
  0.0090   -0.37669795E+04   -0.47767925E+04   -0.59487470E+04   -0.13842519E+01   -0.87028543E-02    0.95981095E-02   -0.38969273E+03   -0.14047084E+05   -0.83286806E+05   -0.22361195E+02   -0.10605613E+00    0.15017074E+00    0.00000000E+00   -0.57889606E+04   -0.36105972E+05   -0.67993770E+02   -0.21039642E+00   -0.99318559E-01    0.00000000E+00    0.83206962E+05    0.50243218E+06    0.13432684E+03    0.42062921E+00   -0.11250733E+01
  0.0100   -0.41521418E+04   -0.55182977E+04   -0.72344257E+04   -0.16918758E+01   -0.10590647E-01    0.11665631E-01   -0.36397834E+03   -0.16983815E+05   -0.91154825E+05   -0.24615944E+02   -0.11607514E+00    0.16435722E+00    0.00000000E+00   -0.61075821E+04   -0.34245218E+05   -0.67363729E+02   -0.20648462E+00   -0.10113126E+00    0.00000000E+00    0.91066942E+05    0.49467310E+06    0.13306656E+03    0.41280481E+00   -0.11090274E+01
  0.0120   -0.48925976E+04   -0.71790992E+04   -0.10062318E+05   -0.23806709E+01   -0.14752812E-01    0.16203307E-01   -0.30989307E+03   -0.23461168E+05   -0.10565271E+06   -0.28915455E+02   -0.13453654E+00    0.19049771E+00    0.00000000E+00   -0.64623783E+04   -0.30118205E+05   -0.65940559E+02   -0.19774540E+00   -0.10508854E+00    0.00000000E+00    0.10554951E+06    0.47729872E+06    0.13021978E+03    0.39532451E+00   -0.10730564E+01
  0.0140   -0.55896087E+04   -0.90867527E+04   -0.13149474E+05   -0.31539967E+01   -0.19313974E-01    0.21139595E-01   -0.25499684E+03   -0.30563660E+05   -0.11835380E+06   -0.32905221E+02   -0.15070991E+00    0.21339846E+00    0.00000000E+00   -0.64153299E+04   -0.25552615E+05   -0.64320820E+02   -0.18796646E+00   -0.10935537E+00    0.00000000E+00    0.11823640E+06    0.45778737E+06    0.12697979E+03    0.37576449E+00   -0.10325909E+01
  0.0160   -0.62400532E+04   -0.11240581E+05   -0.16393051E+05   -0.39946106E+01   -0.24129120E-01    0.26303121E-01   -0.20242186E+03   -0.38066801E+05   -0.12913810E+06   -0.36556813E+02   -0.16444250E+00    0.23284315E+00    0.00000000E+00   -0.59520226E+04   -0.20676431E+05   -0.62531410E+02   -0.17737660E+00   -0.11376680E+00    0.00000000E+00    0.12900774E+06    0.43656735E+06    0.12340039E+03    0.35458237E+00   -0.98849094E+00
  0.0180   -0.68421604E+04   -0.13626150E+05   -0.19690685E+05   -0.48847189E+01   -0.29053399E-01    0.31523816E-01   -0.15492111E+03   -0.45745977E+05   -0.13794889E+06   -0.39850367E+02   -0.17566204E+00    0.24872946E+00    0.00000000E+00   -0.50759324E+04   -0.15618712E+05   -0.60600500E+02   -0.16620911E+00   -0.11815908E+00    0.00000000E+00    0.13780685E+06    0.41407726E+06    0.11953792E+03    0.33224475E+00   -0.94163915E+00
  0.0200   -0.73953910E+04   -0.16216545E+05   -0.22945141E+05   -0.58066174E+01   -0.33948563E-01    0.36640790E-01   -0.11467121E+03   -0.53386373E+05   -0.14478996E+06   -0.42774498E+02   -0.18437338E+00    0.26106427E+00    0.00000000E+00   -0.38072174E+04   -0.10504145E+05   -0.58556637E+02   -0.15469263E+00   -0.12237726E+00    0.00000000E+00    0.14463759E+06    0.39074939E+06    0.11544949E+03    0.30920896E+00   -0.89290815E+00
  0.0220   -0.79002548E+04   -0.18974362E+05   -0.26068361E+05   -0.67432779E+01   -0.38688605E-01    0.41509148E-01   -0.83133508E+02   -0.60791676E+05   -0.14972019E+06   -0.45325884E+02   -0.19065148E+00    0.26995372E+00    0.00000000E+00   -0.21806393E+04   -0.54482284E+04   -0.56427909E+02   -0.14304299E+00   -0.12628185E+00    0.00000000E+00    0.14955884E+06    0.36699469E+06    0.11119127E+03    0.28590665E+00   -0.84313054E+00
  0.0240   -0.83580858E+04   -0.21854249E+05   -0.28984684E+05   -0.76788525E+01   -0.43164261E-01    0.46005384E-01   -0.60984456E+02   -0.67791079E+05   -0.15284573E+06   -0.47508566E+02   -0.19463153E+00    0.27558921E+00    0.00000000E+00   -0.24280187E+03   -0.55332371E+03   -0.54241199E+02   -0.13145633E+00   -0.12975407E+00    0.00000000E+00    0.15267673E+06    0.34319014E+06    0.10681704E+03    0.26273014E+00   -0.79307377E+00
  0.0260   -0.87707977E+04   -0.24805770E+05   -0.31633087E+05   -0.85990748E+01   -0.47286200E-01    0.50031097E-01   -0.48118306E+02   -0.74244287E+05   -0.15431063E+06   -0.49333019E+02   -0.19649694E+00    0.27823046E+00    0.00000000E+00    0.19510649E+04    0.40942424E+04   -0.52021573E+02   -0.12010393E+00   -0.13269962E+00    0.00000000E+00    0.15413528E+06    0.31966898E+06    0.10237694E+03    0.24002201E+00   -0.74342047E+00
  0.0280   -0.91406421E+04   -0.27776376E+05   -0.33968386E+05   -0.94915469E+01   -0.50986783E-01    0.53514921E-01   -0.43718841E+02   -0.80044349E+05   -0.15428648E+06   -0.50815072E+02   -0.19646623E+00    0.27818688E+00    0.00000000E+00    0.43405293E+04    0.84259370E+04   -0.49791803E+02   -0.10912879E+00   -0.13505068E+00    0.00000000E+00    0.15410602E+06    0.29671421E+06    0.97916502E+02    0.21806830E+00   -0.69475520E+00
  0.0300   -0.94699899E+04   -0.30714276E+05   -0.35961411E+05   -0.10345908E+02   -0.54220424E-01    0.56412702E-01   -0.46389805E+02   -0.85118356E+05   -0.15296195E+06   -0.51974742E+02   -0.19477964E+00    0.27579864E+00    0.00000000E+00    0.68633476E+04    0.12391641E+05   -0.47572047E+02   -0.98644085E-01   -0.13676623E+00    0.00000000E+00    0.15277755E+06    0.27455523E+06    0.93476059E+02    0.19709537E+00   -0.64755735E+00
  0.0400   -0.10582582E+05   -0.43433865E+05   -0.40738274E+05   -0.13825002E+02   -0.63135463E-01    0.62193397E-01   -0.99581150E+02   -0.99142116E+05   -0.13347243E+06   -0.53790222E+02   -0.16996223E+00    0.24065772E+00    0.00000000E+00    0.19525489E+05    0.26140493E+05   -0.37134961E+02   -0.55580217E-01   -0.13599988E+00    0.00000000E+00    0.13328275E+06    0.18015482E+06    0.72596892E+02    0.11094951E+00   -0.44328601E+00
  0.0500   -0.10940828E+05   -0.50982473E+05   -0.38939212E+05   -0.15839565E+02   -0.62482754E-01    0.57311400E-01   -0.97162747E+02   -0.98094284E+05   -0.10604464E+06   -0.51196743E+02   -0.13503635E+00    0.19120364E+00    0.00000000E+00    0.29087887E+05    0.31176887E+05   -0.28482296E+02   -0.27976351E-01   -0.12389018E+00    0.00000000E+00    0.10586565E+06    0.11460761E+06    0.55286372E+02    0.55724122E-01   -0.29685933E+00
  0.0600   -0.10726819E+05   -0.53676432E+05   -0.33993156E+05   -0.16612780E+02   -0.56810884E-01    0.47767024E-01   -0.57689816E+02   -0.89136203E+05   -0.80288532E+05   -0.46557961E+02   -0.10223916E+00    0.14476370E+00    0.00000000E+00    0.34534732E+05    0.30983906E+05   -0.21780999E+02   -0.11807053E-01   -0.10712719E+00    0.00000000E+00    0.80127622E+05    0.72020609E+05    0.41878817E+02    0.23369454E-01   -0.19819764E+00
  0.0700   -0.10202782E+05   -0.52974145E+05   -0.28008228E+05   -0.16507644E+02   -0.49100371E-01    0.37065266E-01   -0.60832822E+02   -0.77026178E+05   -0.59268531E+05   -0.41323503E+02   -0.75472845E-01    0.10686324E+00    0.00000000E+00    0.36657829E+05    0.28143670E+05   -0.16778106E+02   -0.31661289E-02   -0.89748445E-01    0.00000000E+00    0.59127847E+05    0.45611527E+05    0.31868601E+02    0.60735633E-02   -0.13424757E+00
  0.0800   -0.95704827E+04   -0.50108336E+05   -0.22256346E+05   -0.15871054E+02   -0.41253693E-01    0.27216624E-01   -0.71579369E+02   -0.64714610E+05   -0.43663875E+05   -0.36283917E+02   -0.55602332E-01    0.78726965E-01    0.00000000E+00    0.36385035E+05    0.24357294E+05   -0.13095610E+02    0.10371412E-02   -0.73896617E-01    0.00000000E+00    0.43542693E+05    0.29557964E+05    0.24499900E+02   -0.23449395E-02   -0.93278247E-01
  0.0900   -0.88845943E+04   -0.46237707E+05   -0.17440000E+05   -0.14970262E+02   -0.34383246E-01    0.19269871E-01   -0.53781108E+02   -0.53910377E+05   -0.32426681E+05   -0.31746325E+02   -0.41293265E-01    0.58465479E-01    0.00000000E+00    0.34732789E+05    0.20693791E+05   -0.10372058E+02    0.30483019E-02   -0.60614906E-01    0.00000000E+00    0.32323161E+05    0.19407086E+05    0.19049929E+02   -0.63772825E-02   -0.66082019E-01
  0.1000   -0.81810868E+04   -0.42169284E+05   -0.13533299E+05   -0.13957350E+02   -0.28579997E-01    0.13054387E-01   -0.44792252E+02   -0.44792441E+05   -0.24136648E+05   -0.27769814E+02   -0.30737057E-01    0.43517894E-01    0.00000000E+00    0.32506087E+05    0.17429090E+05   -0.83466962E+01    0.38567506E-02   -0.49762801E-01    0.00000000E+00    0.24048735E+05    0.12936810E+05    0.14997246E+02   -0.80024568E-02   -0.47801780E-01
  0.1100   -0.75234290E+04   -0.38159028E+05   -0.10352085E+05   -0.12919042E+02   -0.23680093E-01    0.81674762E-02   -0.53637577E+02   -0.37111712E+05   -0.18157876E+05   -0.24354954E+02   -0.23123967E-01    0.32737651E-01    0.00000000E+00    0.30023883E+05    0.14562803E+05   -0.68335080E+01    0.39172153E-02   -0.40884376E-01    0.00000000E+00    0.18083510E+05    0.89562314E+04    0.11969850E+02   -0.81301232E-02   -0.35683433E-01
  0.1200   -0.69230403E+04   -0.34356555E+05   -0.78923630E+04   -0.11918569E+02   -0.19729945E-01    0.45504368E-02   -0.49052684E+02   -0.30909244E+05   -0.13951461E+05   -0.21453361E+02   -0.17767762E-01    0.25153071E-01    0.00000000E+00    0.27478129E+05    0.12195990E+05   -0.56829546E+01    0.37243859E-02   -0.33795847E-01    0.00000000E+00    0.13888756E+05    0.63050968E+04    0.96686745E+01   -0.77498596E-02   -0.27147112E-01
  0.1300   -0.63592453E+04   -0.30948387E+05   -0.60243924E+04   -0.10983602E+02   -0.16586861E-01    0.19468218E-02   -0.38301547E+02   -0.25967901E+05   -0.10785515E+05   -0.18975807E+02   -0.13736470E-01    0.19444521E-01    0.00000000E+00    0.25091775E+05    0.10288459E+05   -0.47943185E+01    0.34736363E-02   -0.28178190E-01    0.00000000E+00    0.10732907E+05    0.44183450E+04    0.78922797E+01   -0.72525851E-02   -0.20845359E-01
  0.1400   -0.58450975E+04   -0.27922185E+05   -0.45235824E+04   -0.10116727E+02   -0.13966920E-01   -0.50390016E-04   -0.41788684E+02   -0.21862079E+05   -0.83695521E+04   -0.16857844E+02   -0.10660190E-01    0.15088235E-01    0.00000000E+00    0.22906781E+05    0.86769392E+04   -0.41063816E+01    0.31069643E-02   -0.23587120E-01    0.00000000E+00    0.83257084E+04    0.32300776E+04    0.65182162E+01   -0.65224389E-02   -0.16459579E-01
  0.1500   -0.53918245E+04   -0.25189354E+05   -0.33446350E+04   -0.93242668E+01   -0.11817568E-01   -0.15279990E-02   -0.43973354E+02   -0.18493596E+05   -0.66573897E+04   -0.15054681E+02   -0.84801151E-02    0.12000946E-01    0.00000000E+00    0.20874452E+05    0.73387795E+04   -0.35658998E+01    0.27259113E-02   -0.19851404E-01    0.00000000E+00    0.66211374E+04    0.24442535E+04    0.54399767E+01   -0.57626296E-02   -0.13282229E-01
  0.1600   -0.49785916E+04   -0.22781446E+05   -0.24725574E+04   -0.86090332E+01   -0.10121981E-01   -0.25153066E-02   -0.35920580E+02   -0.15827039E+05   -0.53578914E+04   -0.13506201E+02   -0.68255161E-02    0.96577159E-02    0.00000000E+00    0.19043998E+05    0.62784323E+04   -0.31314233E+01    0.24376684E-02   -0.16877553E-01    0.00000000E+00    0.53282745E+04    0.17861863E+04    0.45746386E+01   -0.51876471E-02   -0.10682742E-01
  0.1700   -0.45983127E+04   -0.20693828E+05   -0.17770744E+04   -0.79606045E+01   -0.87057543E-02   -0.32386914E-02   -0.34494759E+02   -0.13605399E+05   -0.42755112E+04   -0.12163594E+02   -0.54473884E-02    0.77059657E-02    0.00000000E+00    0.17434956E+05    0.53890752E+04   -0.27822975E+01    0.21568400E-02   -0.14422327E-01    0.00000000E+00    0.42517489E+04    0.13369616E+04    0.38808673E+01   -0.46267872E-02   -0.87398696E-02
  0.1800   -0.42624160E+04   -0.18827836E+05   -0.12018360E+04   -0.73721474E+01   -0.74915465E-02   -0.37941699E-02   -0.38640636E+02   -0.11706181E+05   -0.34807536E+04   -0.11003689E+02   -0.44355112E-02    0.62728189E-02    0.00000000E+00    0.15974929E+05    0.46203162E+04   -0.25007792E+01    0.18627564E-02   -0.12351370E-01    0.00000000E+00    0.34621478E+04    0.10834753E+04    0.33231501E+01   -0.40387858E-02   -0.73720326E-02
  0.1900   -0.39617930E+04   -0.17161638E+05   -0.77954609E+03   -0.68431864E+01   -0.65206037E-02   -0.41223768E-02   -0.34773103E+02   -0.10180571E+05   -0.29047907E+04   -0.99973547E+01   -0.37022398E-02    0.52341748E-02    0.00000000E+00    0.14651635E+05    0.40036845E+04   -0.22670457E+01    0.16441471E-02   -0.10672949E-01    0.00000000E+00    0.28907475E+04    0.83547917E+03    0.28618144E+01   -0.36011688E-02   -0.61714704E-02
  0.2000   -0.36823734E+04   -0.15716991E+05   -0.45914614E+03   -0.63660621E+01   -0.57216558E-02   -0.43091202E-02   -0.30538614E+02   -0.89243248E+04   -0.23840793E+04   -0.91115708E+01   -0.30393214E-02    0.42951558E-02    0.00000000E+00    0.13493913E+05    0.34967512E+04   -0.20719376E+01    0.14694671E-02   -0.92880784E-02    0.00000000E+00    0.23741233E+04    0.61895935E+03    0.24785134E+01   -0.32509017E-02   -0.51550930E-02
  0.2100   -0.34306433E+04   -0.14434757E+05   -0.17681288E+03   -0.59317389E+01   -0.50060583E-02   -0.44621041E-02   -0.33567786E+02   -0.78059073E+04   -0.19619824E+04   -0.83325351E+01   -0.25019733E-02    0.35339480E-02    0.00000000E+00    0.12457952E+05    0.30403618E+04   -0.19110748E+01    0.12741733E-02   -0.80793178E-02    0.00000000E+00    0.19556872E+04    0.52398247E+03    0.21644596E+01   -0.28589451E-02   -0.44709459E-02
  0.2200   -0.32078234E+04   -0.13268331E+05    0.38397128E+02   -0.55388706E+01   -0.44097095E-02   -0.45278360E-02   -0.33394293E+02   -0.68712405E+04   -0.16811925E+04   -0.76495349E+01   -0.21445595E-02    0.30275287E-02    0.00000000E+00    0.11505231E+05    0.26584822E+04   -0.17747394E+01    0.11126235E-02   -0.70660376E-02    0.00000000E+00    0.16781696E+04    0.44019556E+03    0.19001892E+01   -0.25340589E-02   -0.38882942E-02
  0.2300   -0.30009037E+04   -0.12241869E+05    0.18405269E+03   -0.51843123E+01   -0.39331380E-02   -0.44993651E-02   -0.28746843E+02   -0.61199048E+04   -0.14260375E+04   -0.70417620E+01   -0.18197848E-02    0.25673342E-02    0.00000000E+00    0.10660229E+05    0.23543292E+04   -0.16565975E+01    0.10044705E-02   -0.62384823E-02    0.00000000E+00    0.14259730E+04    0.32042993E+03    0.16730067E+01   -0.23155863E-02   -0.33013698E-02
  0.2400   -0.28094340E+04   -0.11338595E+05    0.31586791E+03   -0.48603368E+01   -0.34990965E-02   -0.44708452E-02   -0.29349252E+02   -0.54403551E+04   -0.11793228E+04   -0.64977085E+01   -0.15057540E-02    0.21223619E-02    0.00000000E+00    0.99130914E+04    0.20769960E+04   -0.15566240E+01    0.88500540E-03   -0.55047485E-02    0.00000000E+00    0.11819438E+04    0.26618618E+03    0.14828348E+01   -0.20741416E-02   -0.28930474E-02
  0.2500   -0.26396828E+04   -0.10507630E+05    0.42919309E+03   -0.45643451E+01   -0.31113859E-02   -0.44317728E-02   -0.31279024E+02   -0.48346585E+04   -0.10202103E+04   -0.60151353E+01   -0.13032703E-02    0.18353455E-02    0.00000000E+00    0.92206455E+04    0.18279479E+04   -0.14710859E+01    0.76527984E-03   -0.48582923E-02    0.00000000E+00    0.10252515E+04    0.25047665E+03    0.13221803E+01   -0.18318581E-02   -0.26024345E-02
  0.2600   -0.24840878E+04   -0.97574442E+04    0.49519953E+03   -0.42961134E+01   -0.28065334E-02   -0.43299851E-02   -0.27993831E+02   -0.43536456E+04   -0.89773657E+03   -0.55830924E+01   -0.11474378E-02    0.16143951E-02    0.00000000E+00    0.85908170E+04    0.16327440E+04   -0.13946655E+01    0.69090165E-03   -0.43321374E-02    0.00000000E+00    0.90497213E+03    0.18798189E+03    0.11803805E+01   -0.16799797E-02   -0.22582947E-02
  0.2700   -0.23368497E+04   -0.91000567E+04    0.54733370E+03   -0.40505990E+01   -0.25378378E-02   -0.42216772E-02   -0.26345073E+02   -0.39308579E+04   -0.75057705E+03   -0.51906863E+01   -0.96016657E-03    0.13489388E-02    0.00000000E+00    0.80368038E+04    0.14613660E+04   -0.13276855E+01    0.62290279E-03   -0.38729023E-02    0.00000000E+00    0.75982007E+03    0.14067417E+03    0.10580543E+01   -0.15405940E-02   -0.19733697E-02
  0.2800   -0.22040285E+04   -0.84969661E+04    0.60454846E+03   -0.38240873E+01   -0.22781372E-02   -0.41379944E-02   -0.28564584E+02   -0.35258963E+04   -0.64256432E+03   -0.48376858E+01   -0.82274001E-03    0.11540707E-02    0.00000000E+00    0.75263158E+04    0.12947980E+04   -0.12700323E+01    0.53739124E-03   -0.34459772E-02    0.00000000E+00    0.65362867E+03    0.14573139E+03    0.95494843E+00   -0.13659390E-02   -0.18142729E-02
  0.2900   -0.20844024E+04   -0.79366853E+04    0.63566499E+03   -0.36172344E+01   -0.20676704E-02   -0.40232557E-02   -0.27359627E+02   -0.31946655E+04   -0.58321128E+03   -0.45205480E+01   -0.74727157E-03    0.10469430E-02    0.00000000E+00    0.70489155E+04    0.11599155E+04   -0.12177074E+01    0.47841728E-03   -0.30899933E-02    0.00000000E+00    0.59592362E+03    0.12366810E+03    0.86303939E+00   -0.12441369E-02   -0.16245944E-02
  0.3000   -0.19703133E+04   -0.74415785E+04    0.64732756E+03   -0.34278659E+01   -0.18962054E-02   -0.38876699E-02   -0.24541362E+02   -0.29229254E+04   -0.50135239E+03   -0.42299693E+01   -0.64314024E-03    0.89924036E-03    0.00000000E+00    0.66252697E+04    0.10510226E+04   -0.11698999E+01    0.44075372E-03   -0.27926545E-02    0.00000000E+00    0.51557314E+03    0.80564056E+02    0.78067947E+00   -0.11647526E-02   -0.14126031E-02
  0.3100   -0.18643431E+04   -0.69942548E+04    0.66969857E+03   -0.32519928E+01   -0.17220836E-02   -0.37823711E-02   -0.25713280E+02   -0.26508828E+04   -0.41957014E+03   -0.39643833E+01   -0.53910216E-03    0.75168026E-03    0.00000000E+00    0.62415745E+04    0.94003109E+03   -0.11281486E+01    0.38490811E-03   -0.25070412E-02    0.00000000E+00    0.43516562E+03    0.82339337E+02    0.71092095E+00   -0.10488181E-02   -0.13021301E-02
  0.3200   -0.17698130E+04   -0.65700514E+04    0.68517309E+03   -0.30896810E+01   -0.15677786E-02   -0.36756725E-02   -0.26283684E+02   -0.24092461E+04   -0.38450288E+03   -0.37246728E+01   -0.49454571E-03    0.68835437E-03    0.00000000E+00    0.58759244E+04    0.84138003E+03   -0.10903055E+01    0.33456221E-03   -0.22538931E-02    0.00000000E+00    0.40133646E+03    0.86246247E+02    0.64944240E+00   -0.94371433E-03   -0.12090457E-02
  0.3300   -0.16806479E+04   -0.61859813E+04    0.67946851E+03   -0.29409357E+01   -0.14514840E-02   -0.35418282E-02   -0.23591905E+02   -0.22239331E+04   -0.34615498E+03   -0.35045719E+01   -0.44580734E-03    0.61911772E-03    0.00000000E+00    0.55432716E+04    0.76794220E+03   -0.10544357E+01    0.31088046E-03   -0.20516477E-02    0.00000000E+00    0.36411316E+03    0.54038304E+02    0.59234896E+00   -0.89178645E-03   -0.10580321E-02
  0.3400   -0.15952686E+04   -0.58449898E+04    0.67920269E+03   -0.28025182E+01   -0.13366671E-02   -0.34261935E-02   -0.23213361E+02   -0.20431680E+04   -0.28533515E+03   -0.33004133E+01   -0.36844918E-03    0.50936733E-03    0.00000000E+00    0.52473322E+04    0.69559275E+03   -0.10221292E+01    0.27928871E-03   -0.18606607E-02    0.00000000E+00    0.30431820E+03    0.44046379E+02    0.54279624E+00   -0.82390020E-03   -0.95940625E-03
  0.3600   -0.14477790E+04   -0.52170882E+04    0.67543019E+03   -0.25544360E+01   -0.11345614E-02   -0.32124819E-02   -0.22985399E+02   -0.17251739E+04   -0.24183640E+03   -0.29441760E+01   -0.31322276E-03    0.43077245E-03    0.00000000E+00    0.46996294E+04    0.56788587E+03   -0.96511921E+00    0.21755156E-03   -0.15295153E-02    0.00000000E+00    0.26255701E+03    0.43079734E+02    0.46004145E+00   -0.69066139E-03   -0.82319362E-03
  0.3700   -0.13788399E+04   -0.49487656E+04    0.66180637E+03   -0.24440035E+01   -0.10595348E-02   -0.30955424E-02   -0.21360822E+02   -0.16054412E+04   -0.20241881E+03   -0.27846941E+01   -0.26310450E-03    0.35962486E-03    0.00000000E+00    0.44643671E+04    0.52144382E+03   -0.93877728E+00    0.20283698E-03   -0.14013537E-02    0.00000000E+00    0.22388038E+03    0.23584889E+02    0.42351486E+00   -0.65619686E-03   -0.72875436E-03
  0.3800   -0.13151397E+04   -0.46985109E+04    0.66018074E+03   -0.23400572E+01   -0.97451137E-03   -0.30055179E-02   -0.22549606E+02   -0.14727764E+04   -0.17078415E+03   -0.26373985E+01   -0.22289245E-03    0.30251475E-03    0.00000000E+00    0.42446680E+04    0.46814347E+03   -0.91515495E+00    0.17229619E-03   -0.12679192E-02    0.00000000E+00    0.19290340E+03    0.36404876E+02    0.39274607E+00   -0.58999344E-03   -0.70199086E-03
  0.3900   -0.12578110E+04   -0.44562415E+04    0.65137922E+03   -0.22435316E+01   -0.90467184E-03   -0.29086010E-02   -0.22251558E+02   -0.13624243E+04   -0.16718088E+03   -0.25028124E+01   -0.21837068E-03    0.29595129E-03    0.00000000E+00    0.40312465E+04    0.42459483E+03   -0.89248631E+00    0.15143350E-03   -0.11548071E-02    0.00000000E+00    0.18987358E+03    0.36917137E+02    0.36418029E+00   -0.54307185E-03   -0.65664521E-03
  0.4000   -0.12021375E+04   -0.42386622E+04    0.63226786E+03   -0.21541454E+01   -0.85378003E-03   -0.27989142E-02   -0.20169507E+02   -0.12800044E+04   -0.14812782E+03   -0.23765888E+01   -0.19417103E-03    0.26153532E-03    0.00000000E+00    0.38388755E+04    0.39379704E+03   -0.87024779E+00    0.14538081E-03   -0.10661122E-02    0.00000000E+00    0.17132642E+03    0.15680616E+02    0.33674781E+00   -0.52570694E-03   -0.57394742E-03
  0.4100   -0.11487761E+04   -0.40418494E+04    0.62299445E+03   -0.20697370E+01   -0.79442057E-03   -0.27110257E-02   -0.20438187E+02   -0.11866114E+04   -0.11741440E+03   -0.22581157E+01   -0.15511895E-03    0.20609940E-03    0.00000000E+00    0.36646793E+04    0.35740601E+03   -0.84993069E+00    0.12716082E-03   -0.97237735E-03    0.00000000E+00    0.14105465E+03    0.18849014E+02    0.31340909E+00   -0.48395396E-03   -0.54194182E-03
  0.4200   -0.11010150E+04   -0.38486400E+04    0.61618560E+03   -0.19904304E+01   -0.73608636E-03   -0.26317445E-02   -0.21120376E+02   -0.10952196E+04   -0.11249858E+03   -0.21495562E+01   -0.14891278E-03    0.19718236E-03    0.00000000E+00    0.34933973E+04    0.32138316E+03   -0.83084914E+00    0.10607310E-03   -0.88264295E-03    0.00000000E+00    0.13650945E+03    0.30021671E+02    0.29277061E+00   -0.43642219E-03   -0.52878206E-03
  0.4300   -0.10558240E+04   -0.36685544E+04    0.59759130E+03   -0.19169898E+01   -0.69754867E-03   -0.25360025E-02   -0.19413221E+02   -0.10325056E+04   -0.10892481E+03   -0.20483522E+01   -0.14441130E-03    0.19068936E-03    0.00000000E+00    0.33331572E+04    0.29852009E+03   -0.81167770E+00    0.10167876E-03   -0.81670041E-03    0.00000000E+00    0.13324570E+03    0.15043245E+02    0.27216016E+00   -0.42224384E-03   -0.46852348E-03
  0.4400   -0.10111680E+04   -0.35094095E+04    0.58216658E+03   -0.18478229E+01   -0.65846846E-03   -0.24494691E-02   -0.18620262E+02   -0.96984228E+03   -0.84492801E+02   -0.19521321E+01   -0.11334509E-03    0.14659195E-03    0.00000000E+00    0.31912588E+04    0.27545553E+03   -0.79350560E+00    0.94327144E-04   -0.75309529E-03    0.00000000E+00    0.10907287E+03    0.75329879E+01    0.25373533E+00   -0.40212619E-03   -0.42530098E-03
  0.4500   -0.97041884E+03   -0.33554111E+04    0.57543583E+03   -0.17821160E+01   -0.61115024E-03   -0.23814441E-02   -0.19579892E+02   -0.89598994E+03   -0.73521308E+02   -0.18630067E+01   -0.99415125E-04    0.12676878E-03    0.00000000E+00    0.30539269E+04    0.24672331E+03   -0.77674794E+00    0.76069815E-04   -0.68295967E-03    0.00000000E+00    0.98303291E+02    0.21004160E+02    0.23830588E+00   -0.36018086E-03   -0.42479890E-03
  0.4600   -0.93317385E+03   -0.32053726E+04    0.56071724E+03   -0.17209228E+01   -0.57769789E-03   -0.23027109E-02   -0.18758137E+02   -0.84212557E+03   -0.77724478E+02   -0.17806483E+01   -0.10480422E-03    0.13431048E-03    0.00000000E+00    0.29197806E+04    0.22707387E+03   -0.75996465E+00    0.69240436E-04   -0.62933871E-03    0.00000000E+00    0.10265356E+03    0.16656169E+02    0.22297171E+00   -0.34108392E-03   -0.39232563E-03
  0.4700   -0.89604897E+03   -0.30725250E+04    0.54209157E+03   -0.16636401E+01   -0.55242552E-03   -0.22201378E-02   -0.17270642E+02   -0.80044097E+03   -0.63724233E+02   -0.17020061E+01   -0.87009387E-04    0.10903440E-03    0.00000000E+00    0.28006199E+04    0.21301952E+03   -0.74337842E+00    0.68879302E-04   -0.58646250E-03    0.00000000E+00    0.88757924E+02    0.28170908E+01    0.20815867E+00   -0.33492373E-03   -0.34359034E-03
  0.4800   -0.86083169E+03   -0.29488608E+04    0.53314717E+03   -0.16088860E+01   -0.51690582E-03   -0.21571012E-02   -0.17825061E+02   -0.74471381E+03   -0.47702209E+02   -0.16279126E+01   -0.66636111E-04    0.80116877E-04    0.00000000E+00    0.26896900E+04    0.19210961E+03   -0.72806937E+00    0.56514488E-04   -0.53449923E-03    0.00000000E+00    0.72796308E+02    0.11235576E+02    0.19600804E+00   -0.30476346E-03   -0.33932903E-03
  0.4900   -0.82936017E+03   -0.28245378E+04    0.52284029E+03   -0.15573178E+01   -0.48573974E-03   -0.20942266E-02   -0.17917223E+02   -0.69536926E+03   -0.51908101E+02   -0.15597576E+01   -0.72016834E-04    0.87675330E-04    0.00000000E+00    0.25780951E+04    0.17390098E+03   -0.71311439E+00    0.46599026E-04   -0.48839693E-03    0.00000000E+00    0.77014687E+02    0.16816026E+02    0.18465507E+00   -0.27951660E-03   -0.33125010E-03
  0.5000   -0.79862576E+03   -0.27108043E+04    0.50451544E+03   -0.15092758E+01   -0.46768195E-03   -0.20197935E-02   -0.16354669E+02   -0.66496409E+03   -0.48838720E+02   -0.14950828E+01   -0.68129559E-04    0.82119840E-04    0.00000000E+00    0.24756481E+04    0.16447901E+03   -0.69789042E+00    0.48430519E-04   -0.45757932E-03    0.00000000E+00    0.73920107E+02    0.33298307E+01    0.17283564E+00   -0.27778533E-03   -0.28802935E-03
  0.5500   -0.66511913E+03   -0.22398400E+04    0.44748690E+03   -0.13027790E+01   -0.36124819E-03   -0.17379149E-02   -0.15343149E+02   -0.49466197E+03   -0.16801936E+02   -0.12212654E+01   -0.27386661E-04    0.24303488E-04    0.00000000E+00    0.20502334E+04    0.10632612E+03   -0.62946006E+00    0.23996441E-04   -0.30310950E-03    0.00000000E+00    0.41248327E+02    0.84970554E+01    0.12959676E+00   -0.20247736E-03   -0.22861804E-03
  0.6000   -0.56250198E+03   -0.18730023E+04    0.39084882E+03   -0.11438767E+01   -0.29398591E-03   -0.14964089E-02   -0.12977385E+02   -0.38514269E+03   -0.14756859E+02   -0.10153866E+01   -0.24753230E-04    0.20645364E-04    0.00000000E+00    0.17173051E+04    0.73427672E+02   -0.56735721E+00    0.16897972E-04   -0.20899786E-03    0.00000000E+00    0.37893190E+02    0.66046670E+00    0.98403954E-01   -0.16319110E-03   -0.16522299E-03
  0.6500   -0.47914619E+03   -0.15949288E+04    0.34533605E+03   -0.10184316E+01   -0.24087277E-03   -0.13032784E-02   -0.11759482E+02   -0.29976562E+03    0.25114830E+01   -0.85511130E+00   -0.26655212E-05   -0.10391948E-04    0.00000000E+00    0.14639365E+04    0.49382761E+02   -0.51097443E+00    0.98835416E-05   -0.14203957E-03    0.00000000E+00    0.18874964E+02    0.28281692E+01    0.76393548E-01   -0.12590267E-03   -0.13460337E-03
  0.7000   -0.41358198E+03   -0.13672135E+04    0.30387185E+03   -0.91789222E+00   -0.20406493E-03   -0.11389085E-02   -0.10075143E+02   -0.24035405E+03   -0.23502234E+01   -0.73076197E+00   -0.87010225E-05   -0.14707009E-05    0.00000000E+00    0.12562109E+04    0.35335023E+02   -0.45910215E+00    0.90624035E-05   -0.99643678E-04    0.00000000E+00    0.21717959E+02    0.36124911E+00    0.59832281E-01   -0.10314091E-03   -0.10425227E-03
  0.7500   -0.35848656E+03   -0.11903347E+04    0.26892893E+03   -0.83566602E+00   -0.17510242E-03   -0.10024462E-02   -0.88026656E+01   -0.19448564E+03    0.82186438E+01   -0.63070030E+00    0.49572452E-05   -0.20326920E-04    0.00000000E+00    0.10945151E+04    0.25837372E+02   -0.41159732E+00    0.91188305E-05   -0.70368298E-04    0.00000000E+00    0.90167148E+01   -0.16280604E+00    0.47438619E-01   -0.84440326E-04   -0.83939463E-04
  0.8000   -0.31445285E+03   -0.10397341E+04    0.23929642E+03   -0.76726461E+00   -0.15188491E-03   -0.88806603E-03   -0.76702466E+01   -0.15852622E+03    0.18139724E+01   -0.55127103E+00   -0.29647512E-05   -0.85453285E-05    0.00000000E+00    0.95702791E+03    0.19281894E+02   -0.36823237E+00    0.94509897E-05   -0.49868603E-04    0.00000000E+00    0.13277145E+02    0.69242786E+00    0.38054104E-01   -0.68645337E-04   -0.70775550E-04
  0.8500   -0.27648510E+03   -0.92053848E+03    0.21247572E+03   -0.70957909E+00   -0.13503752E-03   -0.78870637E-03   -0.64389964E+01   -0.13312395E+03    0.85949408E+01   -0.48564300E+00    0.59270842E-05   -0.20514737E-04    0.00000000E+00    0.84808971E+03    0.16251630E+02   -0.32866956E+00    0.12183051E-04   -0.37814115E-04    0.00000000E+00    0.44297745E+01   -0.17892937E+01    0.30558329E-01   -0.59960103E-04   -0.54455449E-04
  0.9000   -0.24573052E+03   -0.81608126E+03    0.19145917E+03   -0.65991578E+00   -0.11850087E-03   -0.70751355E-03   -0.57414265E+01   -0.10928709E+03    0.27583218E+01   -0.43251057E+00   -0.12333859E-05   -0.97191976E-05    0.00000000E+00    0.75288408E+03    0.12588329E+02   -0.29306652E+00    0.11907213E-04   -0.26820028E-04    0.00000000E+00    0.83262724E+01    0.11155928E+01    0.25042652E-01   -0.47456327E-04   -0.50888382E-04
  0.9500   -0.21872525E+03   -0.73189132E+03    0.17067506E+03   -0.61692513E+00   -0.10819363E-03   -0.63326523E-03   -0.46071088E+01   -0.95223487E+02    0.69995216E+01   -0.38762653E+00    0.44463587E-05   -0.17087250E-04    0.00000000E+00    0.67609505E+03    0.12384786E+02   -0.26082071E+00    0.15351374E-04   -0.22749680E-04    0.00000000E+00    0.23123121E+01   -0.26057340E+01    0.20260613E-01   -0.44430418E-04   -0.36414034E-04
  1.0000   -0.19653389E+03   -0.65674452E+03    0.15577511E+03   -0.57878191E+00   -0.95339008E-04   -0.57457181E-03   -0.42345095E+01   -0.78238715E+02    0.25597104E+01   -0.35056103E+00   -0.92692621E-06   -0.88017220E-05    0.00000000E+00    0.60776655E+03    0.97391488E+01   -0.23225290E+00    0.14074563E-04   -0.15887346E-04    0.00000000E+00    0.51594723E+01    0.14323256E+01    0.16957840E-01   -0.33811836E-04   -0.38218300E-04
  1.1000   -0.16036719E+03   -0.53925974E+03    0.12885911E+03   -0.51440623E+00   -0.78237643E-04   -0.47466499E-03   -0.30800427E+01   -0.57922726E+02    0.20839838E+01   -0.29175674E+00   -0.98674620E-06   -0.73979975E-05    0.00000000E+00    0.50098956E+03    0.83220041E+01   -0.18417535E+00    0.15239249E-04   -0.10362898E-04    0.00000000E+00    0.30122413E+01    0.15726179E+01    0.11779878E-01   -0.24746885E-04   -0.29584950E-04
  1.2000   -0.13316439E+03   -0.45013553E+03    0.10827619E+03   -0.46138180E+00   -0.65048187E-04   -0.39815342E-03   -0.22073984E+01   -0.44209991E+02    0.16556376E+01   -0.24797453E+00   -0.10259045E-05   -0.61193746E-05    0.00000000E+00    0.42006909E+03    0.73301321E+01   -0.14699749E+00    0.15377652E-04   -0.71730605E-05    0.00000000E+00    0.15103737E+01    0.15281443E+01    0.83737582E-02   -0.18610345E-04   -0.23311590E-04
  1.3000   -0.11228486E+03   -0.38089877E+03    0.92290449E+02   -0.41652359E+00   -0.54584881E-04   -0.33851092E-03   -0.15531719E+01   -0.34696744E+02    0.13563625E+01   -0.21424748E+00   -0.95339809E-06   -0.51261660E-05    0.00000000E+00    0.35716751E+03    0.63928324E+01   -0.11883873E+00    0.14714033E-04   -0.49531331E-05    0.00000000E+00    0.45625608E+00    0.13233772E+01    0.60734326E-02   -0.14415387E-04   -0.18486678E-04
  1.4000   -0.95962805E+02   -0.32602365E+03    0.79668932E+02   -0.37788757E+00   -0.46139782E-04   -0.29123648E-03   -0.10647851E+01   -0.27927287E+02    0.11684600E+01   -0.18746869E+00   -0.79580844E-06   -0.43905056E-05    0.00000000E+00    0.30719793E+03    0.54136183E+01   -0.97925834E-01    0.13519376E-04   -0.31352969E-05    0.00000000E+00   -0.26302383E+00    0.99931471E+00    0.44772206E-02   -0.11534740E-04   -0.14609072E-04
  1.5000   -0.82988768E+02   -0.28178705E+03    0.69537069E+02   -0.34423101E+00   -0.39251768E-04   -0.25317840E-03   -0.70095470E+00   -0.22990503E+02    0.10442248E+01   -0.16565232E+00   -0.61241350E-06   -0.38249085E-05    0.00000000E+00    0.26676018E+03    0.44007171E+01   -0.82685156E-01    0.12029231E-04   -0.15093120E-05    0.00000000E+00   -0.71879565E+00    0.60310778E+00    0.33385735E-02   -0.95490066E-05   -0.11404432E-04
  1.6000   -0.72517257E+02   -0.24560761E+03    0.61273883E+02   -0.31471229E+00   -0.33594683E-04   -0.22210011E-03   -0.43048675E+00   -0.19299360E+02    0.93756316E+00   -0.14749952E+00   -0.45743840E-06   -0.33417953E-05    0.00000000E+00    0.23351929E+03    0.33911661E+01   -0.71781423E-01    0.10419356E-04   -0.13363796E-07    0.00000000E+00   -0.96227832E+00    0.18125869E+00    0.25042064E-02   -0.81670338E-05   -0.87246653E-05
  2.0000   -0.45823824E+02   -0.15137651E+03    0.39709128E+02   -0.22767349E+00   -0.19069122E-04   -0.14123188E-03    0.93115645E-01   -0.10878605E+02    0.26985807E+00   -0.97581810E-01   -0.53530456E-06   -0.13655068E-05    0.00000000E+00    0.14568906E+03   -0.73414664E-01   -0.52759175E-01    0.45117759E-05    0.47376317E-05    0.00000000E+00   -0.60287242E+00   -0.10572695E+01    0.72923219E-03   -0.53334250E-05   -0.20807988E-05
  2.5000   -0.29080460E+02   -0.92203328E+02    0.25882489E+02   -0.16517141E+00   -0.10324394E-04   -0.89950321E-04    0.16765757E+00   -0.55258527E+01   -0.57698966E+00   -0.62528265E-01   -0.11646158E-05    0.61045837E-06    0.00000000E+00    0.88984412E+02   -0.27400179E+01   -0.47055913E-01   -0.28421483E-06    0.81452860E-05    0.00000000E+00    0.44071094E+00   -0.77473766E+00   -0.48531509E-04   -0.28244703E-05   -0.44103626E-06
  3.0000   -0.19828470E+02   -0.61603275E+02    0.18163865E+02   -0.13176827E+00   -0.61943301E-05   -0.62074373E-04    0.10210292E+00   -0.24522403E+01   -0.26789402E+00   -0.42187073E-01   -0.57144844E-06    0.25271148E-06    0.00000000E+00    0.58945456E+02   -0.38388254E+01   -0.40317049E-01   -0.25061703E-05    0.93037461E-05    0.00000000E+00    0.27529445E+00    0.10431729E+00   -0.32518593E-03   -0.84206688E-06   -0.11629928E-05
  4.0000   -0.10395691E+02   -0.32998863E+02    0.92225627E+01   -0.10468792E+00   -0.41863075E-05   -0.32558970E-04    0.18029578E+00   -0.11492295E+01    0.33785509E+00   -0.21579669E-01    0.34450161E-06   -0.69488934E-06    0.00000000E+00    0.30504476E+02   -0.30534029E+01   -0.13907982E-01   -0.20779459E-05    0.73156654E-05    0.00000000E+00   -0.24585579E+00   -0.58033576E+00   -0.62502489E-03   -0.86796660E-06    0.91740162E-06
  5.0000   -0.60577730E+01   -0.20358587E+02    0.52593997E+01   -0.96874359E-01   -0.32191006E-05   -0.19399329E-04    0.16014432E+00   -0.14359499E+00   -0.36318109E-01   -0.12578502E-01   -0.89931610E-07    0.21798877E-07    0.00000000E+00    0.18108011E+02   -0.21603189E+01    0.19900532E-01   -0.12209332E-05    0.54251585E-05    0.00000000E+00    0.11958651E+00   -0.11892758E+00   -0.67187138E-03   -0.60601683E-07    0.30527191E-06
  6.0000   -0.37261980E+01   -0.13974050E+02    0.29168801E+01   -0.93560684E-01   -0.30189552E-05   -0.11992562E-04    0.20994765E+00   -0.17102144E+00    0.18638096E+00   -0.81643368E-02    0.20906558E-06   -0.36432429E-06    0.00000000E+00    0.12046248E+02   -0.11292838E+01    0.51787658E-01   -0.19444354E-07    0.34547297E-05    0.00000000E+00   -0.12829337E+00   -0.46622993E+00   -0.72542462E-03   -0.34198547E-06    0.10923430E-05
  7.0000   -0.24390633E+01   -0.10072546E+02    0.18229508E+01   -0.90304001E-01   -0.25025200E-05   -0.81107189E-05    0.19901144E+00    0.16898132E+00   -0.34875343E-01   -0.58628828E-02   -0.65498951E-07    0.41792952E-07    0.00000000E+00    0.85083311E+01   -0.61191208E+00    0.77859320E-01    0.50138288E-06    0.23838938E-05    0.00000000E+00    0.70380095E-01   -0.19542003E+00   -0.71359492E-03    0.32751523E-07    0.63394955E-06
  8.0000   -0.16450873E+01   -0.76864647E+01    0.10402334E+01   -0.86139138E-01   -0.22819558E-05   -0.54821717E-05    0.22827503E+00    0.48128506E-01    0.98555088E-01   -0.45313808E-02    0.10860919E-06   -0.19458963E-06    0.00000000E+00    0.64326790E+01   -0.13292156E+00    0.97451173E-01    0.10270907E-05    0.14360159E-05    0.00000000E+00   -0.79157796E-01   -0.41691177E+00   -0.72494278E-03   -0.18951607E-06    0.10930880E-05
  9.0000   -0.11752375E+01   -0.59574127E+01    0.72307671E+00   -0.81106377E-01   -0.18479845E-05   -0.40724867E-05    0.21755607E+00    0.23321109E+00   -0.37884291E-01   -0.37253997E-02   -0.62217790E-07    0.54330964E-07    0.00000000E+00    0.49744738E+01    0.27054613E-01    0.11116459E+00    0.11197794E-05    0.10365475E-05    0.00000000E+00    0.46743714E-01   -0.23107431E+00   -0.70025391E-03    0.46022313E-07    0.75690858E-06
 10.0000   -0.85612731E+00   -0.47999485E+01    0.42144656E+00   -0.75572695E-01   -0.16463296E-05   -0.29428847E-05    0.23582686E+00    0.12316715E+00    0.56197284E-01   -0.31696823E-02    0.59811828E-07   -0.11307575E-06    0.00000000E+00    0.40223524E+01    0.21398571E+00    0.12007290E+00    0.12853236E-05    0.62700942E-06    0.00000000E+00   -0.53727008E-01   -0.38943708E+00   -0.69548070E-03   -0.12455713E-06    0.10735227E-05
 12.0000   -0.51549262E+00   -0.32259539E+01    0.20599417E+00   -0.64218935E-01   -0.11633658E-05   -0.17970946E-05    0.23820413E+00    0.15763489E+00    0.35461153E-01   -0.24657264E-02    0.36660737E-07   -0.72433376E-07    0.00000000E+00    0.27367800E+01    0.28531686E+00    0.12749944E+00    0.12282218E-05    0.35046156E-06    0.00000000E+00   -0.38674445E-01   -0.37166958E+00   -0.65511852E-03   -0.90339740E-07    0.10530795E-05
 16.0000   -0.26186587E+00   -0.16766703E+01    0.92149557E-01   -0.44955889E-01   -0.58775930E-06   -0.87125190E-06    0.23742546E+00    0.18853858E+00    0.18120246E-01   -0.16685349E-02    0.18357873E-07   -0.37387978E-07    0.00000000E+00    0.14433210E+01    0.20682003E+00    0.12052183E+00    0.92069652E-06    0.28442708E-06    0.00000000E+00   -0.22263569E-01   -0.34904752E+00   -0.56906507E-03   -0.56294256E-07    0.10175296E-05
 20.0000   -0.17256111E+00   -0.99884717E+00    0.62382483E-01   -0.31953531E-01   -0.31961131E-06   -0.51152729E-06    0.23448245E+00    0.20118342E+00    0.11038429E-01   -0.12006810E-02    0.11214978E-07   -0.22744088E-07    0.00000000E+00    0.84125177E+00    0.10518197E+00    0.10331353E+00    0.65968263E-06    0.33609661E-06    0.00000000E+00   -0.13892174E-01   -0.33375079E+00   -0.49048712E-03   -0.39947428E-07    0.98681690E-06
 25.0000   -0.11976244E+00   -0.59946206E+00    0.60529990E-01   -0.22172955E-01   -0.14515908E-06   -0.33137597E-06    0.22595526E+00    0.24258603E+00   -0.79706923E-02   -0.84261187E-03   -0.11844979E-07    0.12676379E-07    0.00000000E+00    0.46324182E+00   -0.44194981E-02    0.79314550E-01    0.40599710E-06    0.41959343E-06    0.00000000E+00    0.61956390E-02   -0.27474718E+00   -0.40298915E-03    0.21592067E-07    0.86683533E-06
 30.0000   -0.85725173E-01   -0.41468409E+00    0.27567795E-01   -0.16691219E-01   -0.10448556E-06   -0.18929623E-06    0.22466137E+00    0.20748067E+00    0.36029431E-02   -0.61467062E-03    0.34677271E-08   -0.76165116E-08    0.00000000E+00    0.27601705E+00   -0.53585701E-01    0.56246026E-01    0.26616610E-06    0.43101930E-06    0.00000000E+00   -0.47891857E-02   -0.30394334E+00   -0.33411746E-03   -0.22187761E-07    0.91287572E-06
 40.0000   -0.45693217E-01   -0.24387851E+00    0.87822478E-02   -0.12144087E-01   -0.58653022E-07   -0.85671081E-07    0.21218896E+00    0.20099595E+00    0.68470364E-03   -0.33718578E-03    0.32600978E-09   -0.17804400E-08    0.00000000E+00    0.89734930E-01   -0.13722732E+00    0.16896121E-01    0.38956755E-07    0.46112838E-06    0.00000000E+00   -0.12413153E-02   -0.27451384E+00   -0.21815286E-03   -0.14715515E-07    0.82980988E-06
 50.0000   -0.21081778E-01   -0.16934598E+00   -0.46722671E-02   -0.11579310E-01   -0.52347838E-07   -0.37973888E-07    0.19716424E+00    0.18910245E+00   -0.72521280E-03   -0.16325186E-03   -0.11406780E-08    0.10903957E-08    0.00000000E+00    0.25255774E-02   -0.17419200E+00   -0.11314633E-01   -0.94675306E-07    0.44121594E-06    0.00000000E+00    0.52699576E-03   -0.24190388E+00   -0.13217673E-03   -0.10580942E-07    0.73362185E-06
 60.0000   -0.44289945E-02   -0.12846451E+00   -0.14983235E-01   -0.12501177E-01   -0.57666480E-07   -0.11571455E-07    0.17991372E+00    0.17382710E+00   -0.15293949E-02   -0.43689255E-04   -0.19416481E-08    0.27634436E-08    0.00000000E+00   -0.42373071E-01   -0.17726049E+00   -0.28262985E-01   -0.15860780E-06    0.38672350E-06    0.00000000E+00    0.15347144E-02   -0.20573691E+00   -0.71029290E-04   -0.79463489E-08    0.62499095E-06
 70.0000    0.70822343E-02   -0.10248702E+00   -0.21930068E-01   -0.13619365E-01   -0.64112364E-07    0.33541783E-08    0.16090419E+00    0.15619866E+00   -0.20572155E-02    0.37586777E-04   -0.24666669E-08    0.38622335E-08    0.00000000E+00   -0.63509781E-01   -0.15780725E+00   -0.35430771E-01   -0.17286941E-06    0.31261514E-06    0.00000000E+00    0.21592931E-02   -0.16653684E+00   -0.29898524E-04   -0.61093082E-08    0.50623130E-06
 80.0000    0.14864018E-01   -0.83884626E-01   -0.25436886E-01   -0.14239998E-01   -0.67308250E-07    0.10946808E-07    0.14068339E+00    0.13701516E+00   -0.24406704E-02    0.89696150E-04   -0.28668582E-08    0.46417181E-08    0.00000000E+00   -0.70506710E-01   -0.12502052E+00   -0.34973794E-01   -0.15475959E-06    0.22985856E-06    0.00000000E+00    0.25726780E-02   -0.12520197E+00   -0.40232634E-05   -0.47358515E-08    0.38044051E-06
 90.0000    0.19789464E-01   -0.69222592E-01   -0.25932460E-01   -0.14071956E-01   -0.66013841E-07    0.13765820E-07    0.11984883E+00    0.11700961E+00   -0.27393295E-02    0.11964138E-03   -0.32030111E-08    0.52243720E-08    0.00000000E+00   -0.69369196E-01   -0.85540018E-01   -0.29105665E-01   -0.11765685E-06    0.14550190E-06    0.00000000E+00    0.28645851E-02   -0.82818474E-01    0.10854944E-04   -0.36439120E-08    0.25114216E-06
100.0000    0.22455048E-01   -0.56903671E-01   -0.24126179E-01   -0.13093644E-01   -0.60589847E-07    0.13632897E-07    0.99023431E-01    0.96886853E-01   -0.29847338E-02    0.13303752E-03   -0.35028428E-08    0.56795119E-08    0.00000000E+00   -0.63884567E-01   -0.43914227E-01   -0.19800710E-01   -0.71198527E-07    0.63900962E-07    0.00000000E+00    0.30865172E-02   -0.40564844E-01    0.18233824E-04   -0.27240240E-08    0.12207129E-06
110.0000    0.23287329E-01   -0.46199144E-01   -0.20784451E-01   -0.11445823E-01   -0.52099350E-07    0.11842769E-07    0.78833288E-01    0.77327096E-01   -0.31971658E-02    0.13428200E-03   -0.37825399E-08    0.60533493E-08    0.00000000E+00   -0.56345859E-01   -0.31952349E-02   -0.86936138E-02   -0.22031322E-07   -0.12201373E-07    0.00000000E+00    0.32708244E-02    0.35301005E-03    0.20811798E-04   -0.19039015E-08   -0.29899158E-08
120.0000    0.22605591E-01   -0.36773578E-01   -0.16605872E-01   -0.93518730E-02   -0.41810671E-07    0.92762984E-08    0.59886824E-01    0.58978925E-01   -0.33931083E-02    0.12672579E-03   -0.40559736E-08    0.63827210E-08    0.00000000E+00   -0.48059681E-01    0.34580384E-01    0.29237523E-02    0.25408850E-07   -0.80975631E-07    0.00000000E+00    0.34406511E-02    0.38754349E-01    0.20567739E-04   -0.11300960E-08   -0.12035553E-06
130.0000    0.20664900E-01   -0.28446468E-01   -0.12169570E-01   -0.70630048E-02   -0.30942167E-07    0.64967869E-08    0.42755054E-01    0.42449427E-01   -0.35902077E-02    0.11287004E-03   -0.43408549E-08    0.67042040E-08    0.00000000E+00   -0.39707731E-01    0.68049650E-01    0.14064377E-01    0.68249219E-07   -0.14110146E-06    0.00000000E+00    0.36168061E-02    0.73530739E-01    0.18887697E-04   -0.35506288E-09   -0.22656798E-06
140.0000    0.17685320E-01   -0.21075028E-01   -0.79223536E-02   -0.48229496E-02   -0.20541069E-07    0.38315772E-08    0.27953029E-01    0.28296300E-01   -0.38137781E-02    0.94559680E-04   -0.46659763E-08    0.70668836E-08    0.00000000E+00   -0.31596386E-01    0.96290307E-01    0.23995311E-01    0.10468082E-06   -0.19155054E-06    0.00000000E+00    0.38255812E-02    0.10369206E+00    0.16699603E-04    0.47679963E-09   -0.31852563E-06
150.0000    0.13869629E-01   -0.14496819E-01   -0.41795477E-02   -0.28465609E-02   -0.11429393E-07    0.14287357E-08    0.15922064E-01    0.17030318E-01   -0.41120296E-02    0.73154464E-04   -0.50904116E-08    0.75600013E-08    0.00000000E+00   -0.23825970E-01    0.11866316E+00    0.32187749E-01    0.13358465E-06   -0.23147546E-06    0.00000000E+00    0.41148532E-02    0.12841992E+00    0.14597094E-04    0.14546842E-08   -0.39362150E-06
160.0000    0.94091643E-02   -0.84891814E-02   -0.11119184E-02   -0.13077415E-02   -0.41586024E-08   -0.73785208E-09    0.70099108E-02    0.91586025E-02   -0.46091642E-02    0.49668630E-04   -0.57706933E-08    0.84091242E-08    0.00000000E+00   -0.16413868E-01    0.13469187E+00    0.38274249E-01    0.15423694E-06   -0.26013453E-06    0.00000000E+00    0.46077299E-02    0.14716394E+00    0.12946438E-04    0.27819729E-08   -0.44995908E-06
170.0000    0.44576365E-02   -0.26360978E-02    0.14026901E-02   -0.33321462E-03    0.12011947E-08   -0.31140973E-08    0.14257326E-02    0.54862395E-02   -0.58165382E-02    0.24861387E-04   -0.73570024E-08    0.10537229E-07    0.00000000E+00   -0.94718184E-02    0.14386010E+00    0.42015465E-01    0.16591772E-06   -0.27665926E-06    0.00000000E+00    0.58139785E-02    0.16004506E+00    0.11992254E-04    0.52179760E-08   -0.48715106E-06
179.9000   -0.75501594E-02    0.25199688E-01    0.18235982E-01    0.14627436E-05    0.24441386E-07   -0.31660519E-07   -0.44462440E-03    0.31149797E-01   -0.62570828E-01   -0.46234578E-05   -0.79675790E-07    0.11281962E-06    0.00000000E+00   -0.23539410E-01    0.13549704E+00    0.43275807E-01    0.15270115E-06   -0.26414738E-06    0.00000000E+00    0.62553139E-01    0.19396023E+00    0.13761542E-04    0.40282805E-07   -0.55642422E-06
180.0000    0.00000000E+00    0.00000000E+00    0.00000000E+00    0.00000000E+00    0.00000000E+00    0.00000000E+00    0.00000000E+00    0.00000000E+00    0.00000000E+00    0.00000000E+00    0.00000000E+00    0.00000000E+00    0.00000000E+00    0.00000000E+00   -0.13591390E-01   -0.13868765E+01   -0.70594398E-07   -0.28781300E-07    0.00000000E+00    0.00000000E+00    0.57969701E+00    0.59152756E+02    0.48687868E-06   -0.12965245E-05
