  0.0000    0.00000000E+00    0.00000000E+00    0.00000000E+00    0.00000000E+00    0.00000000E+00    0.00000000E+00    0.00000000E+00    0.00000000E+00    0.00000000E+00    0.00000000E+00    0.00000000E+00    0.00000000E+00    0.00000000E+00    0.00000000E+00   -0.32641509E+09   -0.59919464E+04   -0.16741452E+04   -0.66994868E+03    0.00000000E+00    0.00000000E+00    0.39471747E+10    0.11985481E+05    0.33483134E+04   -0.87949333E+04
  0.0003   -0.63992065E+08   -0.17910730E+09   -0.22953454E+09   -0.72511111E+03   -0.34303907E+03    0.36311019E+03    0.35938383E+06   -0.53841743E+09   -0.11321995E+10   -0.42058349E+04   -0.14417228E+04    0.20414212E+04    0.00000000E+00    0.11910164E+08    0.26556727E+08   -0.44103385E+04   -0.89253677E+03   -0.97423695E+03    0.00000000E+00    0.11321868E+10    0.23717923E+10    0.88222571E+04    0.17850944E+04   -0.55115827E+04
  0.0004   -0.73792795E+08   -0.26942011E+09   -0.28637578E+09   -0.10282405E+04   -0.43663704E+03    0.44438091E+03    0.17752236E+06   -0.68560549E+09   -0.10765210E+10   -0.45814782E+04   -0.13708228E+04    0.19410297E+04    0.00000000E+00    0.91375296E+08    0.14459021E+09   -0.36035667E+04   -0.57281124E+03   -0.10176344E+04    0.00000000E+00    0.10765033E+10    0.16922272E+10    0.72087075E+04    0.11456419E+04   -0.40603938E+04
  0.0005   -0.78970726E+08   -0.33893800E+09   -0.29868975E+09   -0.12447611E+04   -0.46747254E+03    0.45142859E+03   -0.17554435E+06   -0.73438644E+09   -0.92345553E+09   -0.45719285E+04   -0.11759119E+04    0.16650437E+04    0.00000000E+00    0.16659560E+09    0.20903525E+09   -0.28781249E+04   -0.33840345E+03   -0.98148789E+03    0.00000000E+00    0.92343906E+09    0.11645468E+10    0.57578171E+04    0.67682494E+03   -0.29058336E+04
  0.0006   -0.80328630E+08   -0.37904659E+09   -0.28116071E+09   -0.13702534E+04   -0.45393495E+03    0.41103913E+03   -0.10146508E+06   -0.71304915E+09   -0.74949348E+09   -0.43353623E+04   -0.95439172E+03    0.13513801E+04    0.00000000E+00    0.22106554E+09    0.23153862E+09   -0.22739994E+04   -0.18287984E+03   -0.89519455E+03    0.00000000E+00    0.74947745E+09    0.78743894E+09    0.45495588E+04    0.36577637E+03   -0.20567324E+04
  0.0007   -0.78766689E+08   -0.39398107E+09   -0.24901971E+09   -0.14207142E+04   -0.41653894E+03    0.34955530E+03    0.10039209E+06   -0.65411143E+09   -0.58896997E+09   -0.39877011E+04   -0.74998392E+03    0.10619469E+04    0.00000000E+00    0.25354821E+09    0.22847269E+09   -0.17918498E+04   -0.85530688E+02   -0.78841324E+03    0.00000000E+00    0.58895539E+09    0.52852152E+09    0.35852518E+04    0.17107679E+03   -0.14548880E+04
  0.0008   -0.75542301E+08   -0.39065986E+09   -0.21139556E+09   -0.14159852E+04   -0.36829777E+03    0.28204801E+03    0.57424794E+05   -0.57838569E+09   -0.45425576E+09   -0.36035878E+04   -0.57844123E+03    0.81904940E+03    0.00000000E+00    0.26811658E+09    0.21124885E+09   -0.14167815E+04   -0.28697150E+02   -0.67859158E+03    0.00000000E+00    0.45424251E+09    0.35678427E+09    0.28351075E+04    0.57408555E+02   -0.10402169E+04
  0.0009   -0.71657997E+08   -0.37477453E+09   -0.17427426E+09   -0.13750540E+04   -0.31816298E+03    0.21798135E+03   -0.76109113E+05   -0.49977654E+09   -0.34911115E+09   -0.32275869E+04   -0.44455196E+03    0.62946760E+03    0.00000000E+00    0.26901495E+09    0.18786582E+09   -0.11283549E+04    0.20985647E+01   -0.57585938E+03    0.00000000E+00    0.34909952E+09    0.24499372E+09    0.22582464E+04   -0.41839156E+01   -0.75789241E+03
  0.0010   -0.67457115E+08   -0.35178398E+09   -0.14167003E+09   -0.13136759E+04   -0.27234898E+03    0.16349037E+03   -0.44361114E+05   -0.42778875E+09   -0.26994898E+09   -0.28805338E+04   -0.34374825E+03    0.48673362E+03    0.00000000E+00    0.26090046E+09    0.16407352E+09   -0.90609669E+03    0.18477655E+02   -0.48628470E+03    0.00000000E+00    0.26993847E+09    0.17039566E+09    0.18137222E+04   -0.36943028E+02   -0.56115506E+03
  0.0012   -0.58681548E+08   -0.30078737E+09   -0.91593695E+08   -0.11661519E+04   -0.19825642E+03    0.83526096E+02    0.28020378E+05   -0.31134602E+09   -0.16284024E+09   -0.22915146E+04   -0.20735787E+03    0.29361037E+03    0.00000000E+00    0.23350568E+09    0.12263296E+09   -0.60016307E+03    0.29956881E+02   -0.34731607E+03    0.00000000E+00    0.16283190E+09    0.85093099E+08    0.12018399E+04   -0.59903052E+02   -0.32168688E+03
  0.0014   -0.50891110E+08   -0.25190833E+09   -0.57432014E+08   -0.10166047E+04   -0.14428776E+03    0.32398388E+02   -0.24406283E+05   -0.22663522E+09   -0.10231092E+09   -0.18396715E+04   -0.13028091E+03    0.18447251E+03    0.00000000E+00    0.20167332E+09    0.90594363E+08   -0.41295617E+03    0.28475456E+02   -0.25023268E+03    0.00000000E+00    0.10230425E+09    0.46253250E+08    0.82741179E+03   -0.56941458E+02   -0.19923681E+03
  0.0015   -0.47334281E+08   -0.23027438E+09   -0.45509608E+08   -0.94744505E+03   -0.12426506E+03    0.15742522E+02    0.34365159E+05   -0.19512889E+09   -0.82084798E+08   -0.16561787E+04   -0.10452533E+03    0.14800364E+03    0.00000000E+00    0.18656885E+09    0.78458523E+08   -0.34661466E+03    0.26954753E+02   -0.21441820E+03    0.00000000E+00    0.82078807E+08    0.34052975E+08    0.69472193E+03   -0.53900585E+02   -0.15866252E+03
  0.0016   -0.44025240E+08   -0.21079799E+09   -0.35666622E+08   -0.88255655E+03   -0.10718923E+03    0.25369981E+01    0.16023323E+05   -0.16832808E+09   -0.65898108E+08   -0.14956856E+04   -0.83913482E+02    0.11881810E+03    0.00000000E+00    0.17260553E+09    0.67991983E+08   -0.29340829E+03    0.24801263E+02   -0.18437200E+03    0.00000000E+00    0.65892699E+08    0.25734844E+08    0.58830257E+03   -0.49594086E+02   -0.12876579E+03
  0.0017   -0.41053781E+08   -0.19296621E+09   -0.27518247E+08   -0.82219799E+03   -0.92588367E+02   -0.79301293E+01   -0.31613998E+05   -0.14544378E+09   -0.53711878E+08   -0.13558913E+04   -0.68395753E+02    0.96845623E+02    0.00000000E+00    0.15948663E+09    0.58935723E+08   -0.25043743E+03    0.22294085E+02   -0.15901814E+03    0.00000000E+00    0.53706958E+08    0.20222914E+08    0.50235443E+03   -0.44580164E+02   -0.10679475E+03
  0.0018   -0.38356413E+08   -0.17675172E+09   -0.21159822E+08   -0.76676451E+03   -0.80611537E+02   -0.15514613E+02   -0.14890025E+05   -0.12661644E+09   -0.44566648E+08   -0.12338301E+04   -0.56750379E+02    0.80356243E+02    0.00000000E+00    0.14728429E+09    0.51457583E+08   -0.21507341E+03    0.20198967E+02   -0.13810720E+03    0.00000000E+00    0.44562178E+08    0.15736476E+08    0.43162017E+03   -0.40390323E+02   -0.88802650E+02
  0.0019   -0.35831360E+08   -0.16238829E+09   -0.16199298E+08   -0.71598554E+03   -0.70740569E+02   -0.20904399E+02    0.25026435E+05   -0.11107339E+09   -0.36920372E+08   -0.11261813E+04   -0.47013747E+02    0.66569565E+02    0.00000000E+00    0.13631317E+09    0.45280373E+08   -0.18570656E+03    0.18500979E+02   -0.12080138E+03    0.00000000E+00    0.36916295E+08    0.11945033E+08    0.37288043E+03   -0.36994707E+02   -0.73742887E+02
  0.0020   -0.33500616E+08   -0.14962425E+09   -0.11996423E+08   -0.66920050E+03   -0.62113940E+02   -0.25207663E+02    0.98504043E+04   -0.97539786E+08   -0.30457637E+08   -0.10309307E+04   -0.38784216E+02    0.54916882E+02    0.00000000E+00    0.12645417E+09    0.39853946E+08   -0.16146005E+03    0.16683707E+02   -0.10592457E+03    0.00000000E+00    0.30453897E+08    0.94668717E+07    0.32438156E+03   -0.33360493E+02   -0.62484757E+02
  0.0030   -0.18740981E+08   -0.73010687E+08    0.38260521E+07   -0.36767308E+03   -0.20860244E+02   -0.32630865E+02   -0.40478624E+04   -0.32762454E+08   -0.70164835E+07   -0.49510108E+03   -0.89346653E+01    0.12651126E+02    0.00000000E+00    0.64535098E+08    0.13530483E+08   -0.51250355E+02    0.63149192E+01   -0.35310802E+02    0.00000000E+00    0.70146898E+07    0.15111287E+07    0.10391210E+03   -0.12625106E+02   -0.17274003E+02
  0.0040   -0.11778671E+08   -0.42199297E+08    0.52885297E+07   -0.22836180E+03   -0.92467985E+01   -0.25516643E+02    0.37051266E+03   -0.14519126E+08   -0.21911685E+07   -0.28623390E+03   -0.27901953E+01    0.39508034E+01    0.00000000E+00    0.38242795E+08    0.60241741E+07   -0.21829611E+02    0.29398773E+01   -0.15593134E+02    0.00000000E+00    0.21901311E+07    0.33737132E+06    0.45031730E+02   -0.58761717E+01   -0.69140744E+01
  0.0050   -0.80713845E+07   -0.27151922E+08    0.47044745E+07   -0.15470041E+03   -0.48345829E+01   -0.19307617E+02    0.50322372E+03   -0.75899101E+07   -0.10227988E+07   -0.18572159E+03   -0.13024140E+01    0.18441653E+01    0.00000000E+00    0.25013349E+08    0.31544268E+07   -0.11013936E+02    0.15607666E+01   -0.81436386E+01    0.00000000E+00    0.10221258E+07    0.12099468E+06    0.23368765E+02   -0.31186549E+01   -0.34908877E+01
  0.0060   -0.58479351E+07   -0.18921602E+08    0.39059699E+07   -0.11145868E+03   -0.28246827E+01   -0.14841165E+02   -0.15643229E+04   -0.44357281E+07   -0.41625601E+06   -0.12981299E+03   -0.53005295E+00    0.75053375E+00    0.00000000E+00    0.17632945E+08    0.18458167E+07   -0.61559531E+01    0.91775383E+00   -0.47607909E+01    0.00000000E+00    0.41578558E+06    0.59289617E+05    0.13626206E+02   -0.18331036E+01   -0.20155046E+01
  0.0070   -0.44403127E+07   -0.13858122E+08    0.31986039E+07   -0.84038979E+02   -0.18061968E+01   -0.11646510E+02    0.16913388E+04   -0.28331939E+07   -0.29132705E+06   -0.95855683E+02   -0.37097111E+00    0.52527912E+00    0.00000000E+00    0.13028541E+08    0.11808775E+07   -0.36534580E+01    0.59923598E+00   -0.30336629E+01    0.00000000E+00    0.29097969E+06    0.64078475E+04    0.85982878E+01   -0.11964082E+01   -0.12161216E+01
  0.0080   -0.34743756E+07   -0.10616332E+08    0.26612340E+07   -0.65568772E+02   -0.11976622E+01   -0.93847893E+01   -0.20565081E+04   -0.18814403E+07   -0.12131955E+06   -0.73544958E+02   -0.15448578E+00    0.21874655E+00    0.00000000E+00    0.10047294E+08    0.78360393E+06   -0.22644384E+01    0.38736935E+00   -0.20233412E+01    0.00000000E+00    0.12105305E+06    0.31251306E+05    0.58001040E+01   -0.77293180E+00   -0.86907457E+00
  0.0090   -0.27993304E+07   -0.83543644E+07    0.22095000E+07   -0.52590273E+02   -0.86447272E+00   -0.76618672E+01    0.19586017E+04   -0.13543199E+07   -0.11395246E+06   -0.58261307E+02   -0.14510500E+00    0.20546291E+00    0.00000000E+00    0.79504746E+07    0.56593704E+06   -0.13994731E+01    0.29388460E+00   -0.14471868E+01    0.00000000E+00    0.11374133E+06   -0.14305078E+05    0.40522150E+01   -0.58616209E+00   -0.54215338E+00
  0.0100   -0.22975130E+07   -0.67667750E+07    0.18863303E+07   -0.43083439E+02   -0.61057002E+00   -0.64137522E+01   -0.20440998E+04   -0.95970248E+06   -0.47367866E+05   -0.47229098E+02   -0.60317613E-01    0.85406790E-01    0.00000000E+00    0.64675535E+07    0.39979054E+06   -0.87504470E+00    0.19427568E+00   -0.10356560E+01    0.00000000E+00    0.47196723E+05    0.24872377E+05    0.29871584E+01   -0.38710435E+00   -0.46362272E+00
  0.0120   -0.16307609E+07   -0.46803729E+07    0.13958024E+07   -0.30444984E+02   -0.35058802E+00   -0.46446905E+01   -0.18043742E+04   -0.55137033E+06   -0.24858695E+05   -0.32861900E+02   -0.31654881E-01    0.44821405E-01    0.00000000E+00    0.45042375E+07    0.22970814E+06   -0.26389513E+00    0.10920087E+00   -0.59748248E+00    0.00000000E+00    0.24739611E+05    0.20735608E+05    0.17365635E+01   -0.21719526E+00   -0.28098712E+00
  0.0140   -0.12171002E+07   -0.34261699E+07    0.10704497E+07   -0.22649045E+02   -0.21922366E+00   -0.35123982E+01   -0.14566613E+04   -0.34486639E+06   -0.17334744E+05   -0.24174238E+02   -0.22073721E-01    0.31255581E-01    0.00000000E+00    0.33139914E+07    0.14373823E+06    0.43786770E-01    0.67014956E-01   -0.37518710E+00    0.00000000E+00    0.17247145E+05    0.16495237E+05    0.10970499E+01   -0.13299578E+00   -0.18374238E+00
  0.0160   -0.94298531E+06   -0.26147439E+07    0.84488024E+06   -0.17506386E+02   -0.14651122E+00   -0.27457347E+01   -0.10679382E+04   -0.23039664E+06   -0.14516461E+05   -0.18525292E+02   -0.18485100E-01    0.26173923E-01    0.00000000E+00    0.25390182E+07    0.96146844E+05    0.21387915E+00    0.44447182E-01   -0.25134283E+00    0.00000000E+00    0.14449332E+05    0.12082360E+05    0.73580228E+00   -0.87989543E-01   -0.12516020E+00
  0.0180   -0.75202576E+06   -0.20602437E+07    0.68251417E+06   -0.13937468E+02   -0.10346864E+00   -0.22031826E+01   -0.68225662E+03   -0.16250113E+06   -0.13003844E+05   -0.14647214E+02   -0.16558789E-01    0.23446758E-01    0.00000000E+00    0.20067729E+07    0.67976539E+05    0.31444183E+00    0.31734947E-01   -0.17739081E+00    0.00000000E+00    0.12950769E+05    0.77728402E+04    0.51600591E+00   -0.62665245E-01   -0.86577923E-01
  0.0200   -0.61366524E+06   -0.16649421E+07    0.56197365E+06   -0.11360376E+02   -0.76587473E-01   -0.18054657E+01   -0.33057164E+03   -0.12000324E+06   -0.11604999E+05   -0.11870179E+02   -0.14777368E-01    0.20924716E-01    0.00000000E+00    0.16257945E+07    0.50386249E+05    0.37684535E+00    0.24265893E-01   -0.13074439E+00    0.00000000E+00    0.11561987E+05    0.38501985E+04    0.37442672E+00   -0.47807920E-01   -0.59652825E-01
  0.0220   -0.51019043E+06   -0.13734762E+07    0.47019341E+06   -0.94390652E+01   -0.58983544E-01   -0.15055054E+01   -0.34157076E+02   -0.92117635E+05   -0.99487181E+04   -0.98134295E+01   -0.12668604E-01    0.17938032E-01    0.00000000E+00    0.13439387E+07    0.38868262E+05    0.41688777E+00    0.19658875E-01   -0.99917007E-01    0.00000000E+00    0.99131592E+04    0.53536037E+03    0.27912067E+00   -0.38659732E-01   -0.40306736E-01
  0.0240   -0.43076568E+06   -0.11525716E+07    0.39885216E+06   -0.79685251E+01   -0.46903816E-01   -0.12739486E+01    0.19396410E+03   -0.72966017E+05   -0.80007448E+04   -0.82476239E+01   -0.10188164E-01    0.14425648E-01    0.00000000E+00    0.11297032E+07    0.30963937E+05    0.44310946E+00    0.16606921E-01   -0.78651777E-01    0.00000000E+00    0.79708594E+04   -0.20286903E+04    0.21274833E+00   -0.32610206E-01   -0.26369062E-01
  0.0260   -0.36846484E+06   -0.98124435E+06    0.34244777E+06   -0.68179586E+01   -0.38199532E-01   -0.10917196E+01    0.34822276E+03   -0.59181822E+05   -0.58690284E+04   -0.70279865E+01   -0.74731719E-02    0.10582542E-01    0.00000000E+00    0.96313698E+06    0.25265510E+05    0.46040178E+00    0.14367921E-01   -0.63359908E-01    0.00000000E+00    0.58435626E+04   -0.37775917E+04    0.16531832E+00   -0.28178854E-01   -0.16557319E-01
  0.0280   -0.31869530E+06   -0.84572405E+06    0.29721558E+06   -0.59007553E+01   -0.31602305E-01   -0.94596825E+00    0.42969454E+03   -0.48773741E+05   -0.37135597E+04   -0.60595033E+01   -0.47288986E-02    0.66956454E-02    0.00000000E+00    0.83110080E+06    0.20942117E+05    0.47171733E+00    0.12521776E-01   -0.51905392E-01    0.00000000E+00    0.36916042E+04   -0.47199220E+04    0.13077219E+00   -0.24526518E-01   -0.10005961E-01
  0.0300   -0.27831507E+06   -0.73666982E+06    0.26049780E+06   -0.51577377E+01   -0.26354556E-01   -0.82776045E+00    0.44510381E+03   -0.40546386E+05   -0.16989519E+04   -0.52777227E+01   -0.21633950E-02    0.30633289E-02    0.00000000E+00    0.72465489E+06    0.17497796E+05    0.47892214E+00    0.10843098E-01   -0.42987825E-01    0.00000000E+00    0.16798291E+04   -0.49271672E+04    0.10525179E+00   -0.21203753E-01   -0.60456184E-02
  0.0400   -0.15786564E+06   -0.41453900E+06    0.15153889E+06   -0.29415186E+01   -0.99912183E-02   -0.47619155E+00   -0.72196760E+01   -0.15402328E+05    0.27370591E+04   -0.29663836E+01    0.34852513E-02   -0.49351473E-02    0.00000000E+00    0.40917943E+06    0.67041160E+04    0.48546780E+00    0.34511614E-02   -0.17173650E-01    0.00000000E+00   -0.27478066E+04   -0.33648656E+00    0.45671955E-01   -0.65408624E-02   -0.65398272E-02
  0.0500   -0.10190937E+06   -0.26379706E+06    0.99426223E+05   -0.19054680E+01   -0.38412073E-02   -0.30972003E+00   -0.21057668E+03   -0.60077434E+04   -0.52814590E+03   -0.19008607E+01   -0.67251121E-03    0.95229801E-03    0.00000000E+00    0.26108418E+06    0.26257803E+04    0.47770846E+00    0.48774280E-03   -0.75903130E-02    0.00000000E+00    0.52125930E+03    0.23002828E+04    0.24988301E-01   -0.68652125E-03   -0.77632035E-02
  0.0600   -0.71183737E+05   -0.18245469E+06    0.68719006E+05   -0.13409665E+01   -0.34370606E-02   -0.21484697E+00    0.63639888E+02   -0.51391301E+04   -0.15415994E+04   -0.13212277E+01   -0.19630904E-02    0.27795478E-02    0.00000000E+00    0.18089979E+06    0.23615802E+04    0.46909137E+00    0.14940716E-02   -0.57711886E-02    0.00000000E+00    0.15368129E+04   -0.69897755E+03    0.12568420E-01   -0.27476178E-02   -0.59725517E-03
  0.0700   -0.52270194E+05   -0.13470907E+06    0.50552704E+05   -0.99860592E+00   -0.26105364E-02   -0.15813290E+00    0.10453781E+03   -0.38286389E+04    0.70471361E+03   -0.96907745E+00    0.89739963E-03   -0.12706096E-02    0.00000000E+00    0.13361360E+06    0.18103720E+04    0.45924339E+00    0.13885910E-02   -0.41809101E-02    0.00000000E+00   -0.70822409E+03   -0.11667692E+04    0.71514723E-02   -0.25713497E-02    0.10181459E-02
  0.0800   -0.40092322E+05   -0.10314520E+06    0.39646371E+05   -0.77477380E+00   -0.83456773E-03   -0.12280425E+00   -0.77064003E+02   -0.12421626E+04    0.71567762E+03   -0.74181372E+00    0.91128679E-03   -0.12904525E-02    0.00000000E+00    0.10237613E+06    0.62123154E+03    0.44892887E+00    0.15719909E-04   -0.18954617E-02    0.00000000E+00   -0.71836465E+03    0.83455701E+03    0.60026574E-02    0.14863066E-03   -0.24188340E-02
  0.0900   -0.31864447E+05   -0.80899819E+05    0.31383449E+05   -0.62166047E+00   -0.64172780E-03   -0.97191029E-01   -0.47431973E+02   -0.92613181E+03   -0.75525720E+03   -0.58733888E+00   -0.96166832E-03    0.13618352E-02    0.00000000E+00    0.80403406E+05    0.48747517E+03    0.44028593E+00    0.65184876E-04   -0.14345033E-02    0.00000000E+00    0.75312984E+03    0.52157158E+03    0.40641065E-02    0.29751202E-04   -0.15748325E-02
  0.1000   -0.25811220E+05   -0.65650952E+05    0.24979222E+05   -0.51238454E+00   -0.11499418E-02   -0.77997021E-01    0.70232204E+02   -0.16197554E+04   -0.27672126E+03   -0.47544809E+00   -0.35236169E-03    0.49895471E-03    0.00000000E+00    0.65259239E+05    0.82284158E+03    0.43275059E+00    0.72961308E-03   -0.18018098E-02    0.00000000E+00    0.27499927E+03   -0.77480978E+03    0.19258987E-02   -0.13153555E-02    0.10683004E-02
  0.1100   -0.21268624E+05   -0.54613648E+05    0.20919282E+05   -0.43074719E+00   -0.60712034E-03   -0.64964040E-01    0.10283521E+02   -0.83784118E+03    0.64028846E+03   -0.39214626E+00    0.81531131E-03   -0.11544978E-02    0.00000000E+00    0.54264428E+05    0.45708163E+03    0.42504589E+00    0.29170980E-03   -0.11144745E-02    0.00000000E+00   -0.64170866E+03   -0.11968855E+03    0.17609193E-02   -0.45277030E-03   -0.84555632E-04
  0.1200   -0.17944362E+05   -0.45644968E+05    0.17927576E+05   -0.36847779E+00   -0.59409643E-04   -0.55212525E-01   -0.57498705E+02   -0.54237614E+02   -0.22375487E+02   -0.33002404E+00   -0.28519698E-04    0.40317149E-04    0.00000000E+00    0.45391353E+05    0.87682628E+02    0.41786663E+00   -0.18410930E-03   -0.45385966E-03    0.00000000E+00    0.21180322E+02    0.63053003E+03    0.18964906E-02    0.48794218E-03   -0.14518457E-02
  0.1300   -0.15349164E+05   -0.38685883E+05    0.15011422E+05   -0.32052497E+00   -0.41728755E-03   -0.46599030E-01    0.11865794E+02   -0.55455594E+03   -0.49744863E+03   -0.28164101E+00   -0.63344280E-03    0.89692812E-03    0.00000000E+00    0.38500926E+05    0.32329177E+03    0.41180827E+00    0.22528777E-03   -0.76930002E-03    0.00000000E+00    0.49642875E+03   -0.12954520E+03    0.92542747E-03   -0.34027313E-03    0.58264901E-04
  0.1400   -0.13181393E+05   -0.33617697E+05    0.12812829E+05   -0.28232891E+00   -0.54421760E-03   -0.39962120E-01    0.41204642E+02   -0.73098920E+03    0.18931244E+03   -0.24228243E+00    0.24108635E-03   -0.34132202E-03    0.00000000E+00    0.33432155E+05    0.40545242E+03    0.40600775E+00    0.39073135E-03   -0.85661875E-03    0.00000000E+00   -0.19018974E+03   -0.45502122E+03    0.40796567E-03   -0.67887473E-03    0.72097080E-03
  0.1500   -0.11472661E+05   -0.29353857E+05    0.11460415E+05   -0.25108534E+00   -0.80151243E-04   -0.35337430E-01   -0.24415254E+02   -0.73249554E+02    0.32973931E+03   -0.21090538E+00    0.41992528E-03   -0.59449797E-03    0.00000000E+00    0.29187541E+05    0.93176469E+02    0.40015904E+00   -0.44732590E-04   -0.33138442E-03    0.00000000E+00   -0.33050294E+03    0.26668202E+03    0.82018978E-03    0.18496349E-03   -0.63546778E-03
  0.1600   -0.10144948E+05   -0.25558671E+05    0.10099607E+05   -0.22573962E+00   -0.39438831E-04   -0.31110275E-01   -0.24977961E+02   -0.14745494E+02   -0.27670407E+03   -0.18588203E+00   -0.35237450E-03    0.49888900E-03    0.00000000E+00    0.25442968E+05    0.63544455E+02    0.39494581E+00   -0.63887184E-04   -0.25937790E-03    0.00000000E+00    0.27603105E+03    0.27568340E+03    0.68942953E-03    0.21725407E-03   -0.63086940E-03
  0.1700   -0.89831550E+04   -0.22670728E+05    0.87091234E+04   -0.20497244E+00   -0.35690906E-03   -0.27150006E-01    0.29306156E+02   -0.46334871E+03   -0.17540914E+03   -0.16459397E+00   -0.22340104E-03    0.31623467E-03    0.00000000E+00    0.22565897E+05    0.27343638E+03    0.39028707E+00    0.27065613E-03   -0.57055452E-03    0.00000000E+00    0.17481323E+03   -0.32160244E+03    0.89087625E-04   -0.45721402E-03    0.53217662E-03
  0.1800   -0.79707363E+04   -0.20414065E+05    0.78482167E+04   -0.18726863E+00   -0.21437536E-03   -0.24358944E-01    0.10360067E+02   -0.26218797E+03    0.29388700E+03   -0.14640417E+00    0.37420104E-03   -0.52992471E-03    0.00000000E+00    0.20298886E+05    0.17655000E+03    0.38556698E+00    0.14175928E-03   -0.40138622E-03    0.00000000E+00   -0.29441699E+03   -0.11463636E+03    0.17807158E-03   -0.20411403E-03    0.14855786E-03
  0.1900   -0.71786893E+04   -0.18227491E+05    0.72276207E+04   -0.17217526E+00    0.51573834E-04   -0.22183768E-01   -0.28453599E+02    0.11324302E+03    0.39449866E+02   -0.13160270E+00    0.50259796E-04   -0.71105354E-04    0.00000000E+00    0.18135855E+05   -0.27027347E+01    0.38099972E+00   -0.11348095E-03   -0.10516615E-03    0.00000000E+00   -0.39926284E+02    0.31341237E+03    0.46757063E-03    0.30214932E-03   -0.66204507E-03
  0.2000   -0.65107853E+04   -0.16323270E+05    0.63961072E+04   -0.15957247E+00   -0.12536468E-03   -0.19802606E-01    0.17724470E+01   -0.13747212E+03   -0.26665655E+03   -0.11904645E+00   -0.33953764E-03    0.48081527E-03    0.00000000E+00    0.16255709E+05    0.11378807E+03    0.37696644E+00    0.72058389E-04   -0.27800381E-03    0.00000000E+00    0.26622563E+03   -0.17935065E+02    0.14227948E-03   -0.72775563E-04   -0.17599409E-04
  0.2100   -0.58764107E+04   -0.14936841E+05    0.56971049E+04   -0.14870698E+00   -0.25510427E-03   -0.17781906E-01    0.24045593E+02   -0.32175080E+03    0.63310092E+02   -0.10770111E+00    0.80648550E-04   -0.11412116E-03    0.00000000E+00    0.14860154E+05    0.19907442E+03    0.37309742E+00    0.20906368E-03   -0.40337686E-03    0.00000000E+00   -0.63699910E+02   -0.26382309E+03   -0.10198600E-03   -0.35025145E-03    0.46138449E-03
  0.2200   -0.53407426E+04   -0.13674497E+05    0.53452453E+04   -0.13904327E+00   -0.26902324E-04   -0.16471229E-01   -0.10182191E+02   -0.93785997E-02    0.20685679E+03   -0.97996780E-01    0.26342533E-03   -0.37295720E-03    0.00000000E+00    0.13597039E+05    0.45464127E+02    0.36915350E+00   -0.13174357E-04   -0.15304202E-03    0.00000000E+00   -0.20721146E+03    0.11240916E+03    0.17575754E-03    0.91051940E-04   -0.25476811E-03
  0.2300   -0.49196562E+04   -0.12375796E+05    0.49285951E+04   -0.13071489E+00    0.25412556E-04   -0.15137115E-01   -0.16934739E+02    0.73082438E+02   -0.13270215E+03   -0.89953244E-01   -0.16888776E-03    0.23936246E-03    0.00000000E+00    0.12320728E+05    0.92980299E+01    0.36549976E+00   -0.60688725E-04   -0.89293557E-04    0.00000000E+00    0.13237659E+03    0.18775363E+03    0.21174435E-03    0.18327598E-03   -0.39433682E-03
  0.2400   -0.45200785E+04   -0.11362785E+05    0.43800450E+04   -0.12357912E+00   -0.17369265E-03   -0.13648639E-01    0.15524907E+02   -0.20927455E+03   -0.13280264E+03   -0.82623513E-01   -0.16914537E-03    0.23941401E-03    0.00000000E+00    0.11312288E+05    0.14111126E+03    0.36217739E+00    0.14255000E-03   -0.29157033E-03    0.00000000E+00    0.13250364E+03   -0.16922133E+03   -0.10543100E-03   -0.22585600E-03    0.29474329E-03
  0.2500   -0.41375659E+04   -0.10595873E+05    0.40603526E+04   -0.11712376E+00   -0.12895087E-03   -0.12620382E-01    0.94688033E+01   -0.14701605E+03    0.16609670E+03   -0.75883275E-01    0.21150843E-03   -0.29947812E-03    0.00000000E+00    0.10534492E+05    0.11030519E+03    0.35882063E+00    0.10142790E-03   -0.23791941E-03    0.00000000E+00   -0.16637128E+03   -0.10328450E+03   -0.68894443E-04   -0.14595390E-03    0.17179469E-03
  0.2600   -0.38358895E+04   -0.97559104E+04    0.38770801E+04   -0.11130180E+00    0.45148043E-04   -0.11882457E-01   -0.16975877E+02    0.98252026E+02    0.55219857E+02   -0.70247748E-01    0.70327893E-04   -0.99552691E-04    0.00000000E+00    0.97036780E+04   -0.68901034E+01    0.35550028E+00   -0.69741120E-04   -0.48544129E-04    0.00000000E+00   -0.55474051E+02    0.18796904E+03    0.15701670E-03    0.19408447E-03   -0.38419101E-03
  0.2700   -0.35794968E+04   -0.89543034E+04    0.35294123E+04   -0.10629034E+00   -0.46749099E-04   -0.10904775E-01   -0.17312062E+01   -0.32521979E+02   -0.16908074E+03   -0.65340786E-01   -0.21526706E-03    0.30489972E-03    0.00000000E+00    0.89163687E+04    0.53553716E+02    0.35248943E+00    0.24667715E-04   -0.14008709E-03    0.00000000E+00    0.16884432E+03    0.20872918E+02    0.65510836E-05    0.32339081E-05   -0.60980376E-04
  0.2800   -0.33116652E+04   -0.84000318E+04    0.31975265E+04   -0.10182564E+00   -0.15681720E-03   -0.99938161E-02    0.16201771E+02   -0.18899120E+03    0.13713450E+02   -0.60601502E-01    0.17452623E-04   -0.24735983E-04    0.00000000E+00    0.83556809E+04    0.12624382E+03    0.34960266E+00    0.13698792E-03   -0.25139364E-03    0.00000000E+00   -0.13932706E+02   -0.17675483E+03   -0.16685333E-03   -0.22333886E-03    0.32043680E-03
  0.2900   -0.30742382E+04   -0.78886180E+04    0.30725663E+04   -0.97648598E-01   -0.23504573E-04   -0.94760709E-02   -0.41614329E+01   -0.13910523E+01    0.14642454E+03   -0.56372277E-01    0.18649521E-03   -0.26397112E-03    0.00000000E+00    0.78401406E+04    0.36516257E+02    0.34664563E+00    0.56384565E-05   -0.10670162E-03    0.00000000E+00   -0.14662850E+03    0.47009011E+02    0.98565731E-05    0.37681648E-04   -0.10693876E-03
  0.3000   -0.28934825E+04   -0.72855968E+04    0.29131778E+04   -0.93926596E-01    0.34128080E-04   -0.89280889E-02   -0.12653980E+02    0.79312741E+02   -0.67815484E+02   -0.52862760E-01   -0.86284123E-04    0.12234615E-03    0.00000000E+00    0.72500569E+04   -0.27041961E+01    0.34383901E+00   -0.50388255E-04   -0.42068958E-04    0.00000000E+00    0.67624233E+02    0.14093691E+03    0.80488808E-04    0.14803397E-03   -0.28555000E-03
  0.3100   -0.27143913E+04   -0.68057159E+04    0.26297253E+04   -0.90692132E-01   -0.10034318E-03   -0.81905357E-02    0.89380499E+01   -0.11150754E+03   -0.10713715E+03   -0.49547079E-01   -0.13642114E-03    0.19317989E-03    0.00000000E+00    0.67740845E+04    0.86369608E+02    0.34125985E+00    0.85510702E-04   -0.18020023E-03    0.00000000E+00    0.10695791E+03   -0.96456488E+02   -0.12189318E-03   -0.12539554E-03    0.17134707E-03
  0.3200   -0.25273702E+04   -0.64740421E+04    0.24673165E+04   -0.87665172E-01   -0.95165241E-04   -0.76857167E-02    0.85168083E+01   -0.10497021E+03    0.10183612E+03   -0.46314573E-01    0.12967585E-03   -0.18361687E-03    0.00000000E+00    0.64337592E+04    0.82322243E+02    0.33866579E+00    0.81653824E-04   -0.17160563E-03    0.00000000E+00   -0.10200364E+03   -0.92200167E+02   -0.12324422E-03   -0.11917854E-03    0.16446976E-03
  0.3300   -0.23804323E+04   -0.60728532E+04    0.24101770E+04   -0.84822129E-01    0.31212478E-04   -0.73835526E-02   -0.10944058E+02    0.72922488E+02    0.58797290E+02   -0.43583703E-01    0.74867091E-04   -0.10601925E-03    0.00000000E+00    0.60363911E+04   -0.26154623E+01    0.33606453E+00   -0.43547699E-04   -0.35501385E-04    0.00000000E+00   -0.58954929E+02    0.12199535E+03    0.49794217E-04    0.12993041E-03   -0.24538099E-03
  0.3400   -0.22596950E+04   -0.56492281E+04    0.22368772E+04   -0.82342394E-01   -0.15776071E-04   -0.68973947E-02   -0.32035069E+01    0.58620085E+01   -0.11545191E+03   -0.41213052E-01   -0.14705557E-03    0.20812533E-03    0.00000000E+00    0.56229505E+04    0.28155295E+02    0.33366212E+00    0.43769386E-05   -0.82241141E-04    0.00000000E+00    0.11530285E+03    0.37208577E+02   -0.23561080E-04    0.32798094E-04   -0.81671866E-04
  0.3600   -0.19945670E+04   -0.51310744E+04    0.19865331E+04   -0.77936844E-01   -0.25908551E-04   -0.61373586E-02   -0.10529517E+01   -0.97778218E+01    0.10968366E+03   -0.36567291E-01    0.13964702E-03   -0.19778821E-03    0.00000000E+00    0.50961427E+04    0.33922080E+02    0.32900506E+00    0.16237803E-04   -0.88121446E-04    0.00000000E+00   -0.10981591E+03    0.13206020E+02   -0.48531971E-04    0.66986897E-05   -0.33928839E-04
  0.3700   -0.19019579E+04   -0.48003328E+04    0.19228789E+04   -0.75952677E-01    0.32072743E-04   -0.58835490E-02   -0.98881069E+01    0.71599817E+02   -0.32506424E+02   -0.34741346E-01   -0.41391510E-04    0.58612557E-04    0.00000000E+00    0.47736749E+04   -0.52772971E+01    0.32672785E+00   -0.41058808E-04   -0.24823520E-04    0.00000000E+00    0.32380786E+02    0.11066633E+03    0.30058306E-04    0.12017252E-03   -0.22028581E-03
  0.3800   -0.18090409E+04   -0.45271524E+04    0.17538077E+04   -0.74228788E-01   -0.62379043E-04   -0.54578635E-02    0.51885834E+01   -0.62511425E+02   -0.88882171E+02   -0.32989528E-01   -0.11314449E-03    0.16029618E-03    0.00000000E+00    0.45043489E+04    0.57324399E+02    0.32461916E+00    0.54031273E-04   -0.12232381E-03    0.00000000E+00    0.88762883E+02   -0.55061951E+02   -0.10855391E-03   -0.71031115E-04    0.98363679E-04
  0.3900   -0.17027093E+04   -0.43617168E+04    0.16520898E+04   -0.72583871E-01   -0.76604864E-04   -0.51591601E-02    0.76172784E+01   -0.83180668E+02    0.63812431E+02   -0.31184745E-01    0.81197068E-04   -0.11511805E-03    0.00000000E+00    0.43322569E+04    0.66404701E+02    0.32250991E+00    0.68852544E-04   -0.13543754E-03    0.00000000E+00   -0.63925205E+02   -0.82005723E+02   -0.13203675E-03   -0.10164446E-03    0.15064124E-03
  0.4000   -0.16190051E+04   -0.41458642E+04    0.16392654E+04   -0.70982952E-01    0.19289781E-04   -0.50238121E-02   -0.72479556E+01    0.51847134E+02    0.57842728E+02   -0.29647383E-01    0.73659197E-04   -0.10429049E-03    0.00000000E+00    0.41176386E+04    0.19808320E+01    0.32037567E+00   -0.26531666E-04   -0.32625577E-04    0.00000000E+00   -0.57949934E+02    0.81545092E+02    0.20979472E-05    0.88154049E-04   -0.16271454E-03
  0.4100   -0.15546866E+04   -0.38888103E+04    0.15456866E+04   -0.69576102E-01   -0.11875609E-05   -0.47563997E-02   -0.38309269E+01    0.22359668E+02   -0.81392370E+02   -0.28342820E-01   -0.10364082E-03    0.14675794E-03    0.00000000E+00    0.38683903E+04    0.15264872E+02    0.31837579E+00   -0.55823382E-05   -0.52543803E-04    0.00000000E+00    0.81289895E+02    0.44192736E+02   -0.29381352E-04    0.45429867E-04   -0.90526439E-04
  0.4200   -0.14760807E+04   -0.37298324E+04    0.14142981E+04   -0.68311290E-01   -0.79777397E-04   -0.44307809E-02    0.86729851E+01   -0.89228332E+02   -0.22731261E+02   -0.26959363E-01   -0.28974157E-04    0.40957207E-04    0.00000000E+00    0.37072523E+04    0.67359638E+02    0.31646607E+00    0.73452297E-04   -0.13377560E-03    0.00000000E+00    0.22633786E+02   -0.93423997E+02   -0.14366890E-03   -0.11339229E-03    0.17402104E-03
  0.4300   -0.13976661E+04   -0.36040898E+04    0.13849911E+04   -0.67044810E-01   -0.28242662E-04   -0.42890847E-02    0.72477116E+00   -0.16884587E+02    0.84395910E+02   -0.25623460E-01    0.10743945E-03   -0.15219951E-03    0.00000000E+00    0.35769056E+04    0.32626407E+02    0.31450982E+00    0.22311219E-04   -0.78061968E-04    0.00000000E+00   -0.84488537E+02   -0.61343680E+01   -0.71913157E-04   -0.11988289E-04    0.68837269E-05
  0.4400   -0.13440830E+04   -0.34037233E+04    0.13634390E+04   -0.65858319E-01    0.27543332E-04   -0.41669952E-02   -0.78858666E+01    0.61547579E+02   -0.11197908E+02   -0.24555237E-01   -0.14242332E-04    0.20207363E-04    0.00000000E+00    0.33820253E+04   -0.49709580E+01    0.31259476E+00   -0.33148509E-04   -0.17855654E-04    0.00000000E+00    0.11109140E+02    0.88738053E+02    0.63582247E-05    0.98194171E-04   -0.17480313E-03
  0.4500   -0.12914146E+04   -0.32275837E+04    0.12541898E+04   -0.64835539E-01   -0.39762792E-04   -0.38982027E-02    0.28285692E+01   -0.34055277E+02   -0.74612583E+02   -0.23534153E-01   -0.95016153E-04    0.13452499E-03    0.00000000E+00    0.32096929E+04    0.39639941E+02    0.31081002E+00    0.34492358E-04   -0.87457548E-04    0.00000000E+00    0.74527521E+02   -0.29018455E+02   -0.91013364E-04   -0.37730865E-04    0.51542674E-04
  0.4600   -0.12248520E+04   -0.31362959E+04    0.11807478E+04   -0.63851474E-01   -0.64194229E-04   -0.36966941E-02    0.67795725E+01   -0.69024164E+02    0.39025300E+02   -0.22421561E-01    0.49675398E-04   -0.70383600E-04    0.00000000E+00    0.31133303E+04    0.55650487E+02    0.30903507E+00    0.59229573E-04   -0.11197582E-03    0.00000000E+00   -0.39106339E+02   -0.72623972E+02   -0.12733669E-03   -0.87975053E-04    0.13544825E-03
  0.4700   -0.11715715E+04   -0.30122239E+04    0.11843847E+04   -0.62860402E-01    0.10023688E-04   -0.36336648E-02   -0.47614050E+01    0.35473708E+02    0.54860458E+02   -0.21461592E-01    0.69880403E-04   -0.98894512E-04    0.00000000E+00    0.29890595E+04    0.58157847E+01    0.30722848E+00   -0.14716610E-04   -0.32608523E-04    0.00000000E+00   -0.54938019E+02    0.54319882E+02   -0.22644356E-04    0.59165718E-04   -0.10794615E-03
  0.4800   -0.11343137E+04   -0.28416652E+04    0.11329857E+04   -0.61983231E-01    0.62042792E-05   -0.34793584E-02   -0.40385713E+01    0.29662963E+02   -0.57740464E+02   -0.20676902E-01   -0.73506918E-04    0.10412816E-03    0.00000000E+00    0.28246750E+04    0.80828269E+01    0.30551479E+00   -0.10645318E-04   -0.35511651E-04    0.00000000E+00    0.57665735E+02    0.46529741E+02   -0.28635107E-04    0.50482897E-04   -0.92663064E-04
  0.4900   -0.10858872E+04   -0.27384478E+04    0.10377077E+04   -0.61204438E-01   -0.60391292E-04   -0.32528369E-02    0.65208666E+01   -0.64855730E+02   -0.29400905E+02   -0.19817901E-01   -0.37419060E-04    0.53031065E-04    0.00000000E+00    0.27205422E+04    0.52266060E+02    0.30388142E+00    0.56181332E-04   -0.10461207E-03    0.00000000E+00    0.29329297E+02   -0.69651357E+02   -0.12462109E-03   -0.83786275E-04    0.13049195E-03
  0.5000   -0.10335218E+04   -0.26703640E+04    0.10177091E+04   -0.60405523E-01   -0.29725085E-04   -0.31606461E-02    0.17901101E+01   -0.21862064E+02    0.65565305E+02   -0.18947796E-01    0.83482365E-04   -0.11822537E-03    0.00000000E+00    0.26482037E+04    0.31533569E+02    0.30221269E+00    0.25716030E-04   -0.71295106E-04    0.00000000E+00   -0.65633770E+02   -0.17722663E+02   -0.81542611E-04   -0.23506471E-04    0.31016241E-04
  0.5500   -0.86362847E+03   -0.21688186E+04    0.86670042E+03   -0.57109366E-01    0.98793725E-05   -0.26564726E-02   -0.40117059E+01    0.32439876E+02   -0.40341730E+02   -0.15744945E-01   -0.51347819E-04    0.72761096E-04    0.00000000E+00    0.21540564E+04    0.39342302E+01    0.29441853E+00   -0.13056800E-04   -0.25160223E-04    0.00000000E+00    0.40284845E+02    0.46270457E+02   -0.26928251E-04    0.51360594E-04   -0.90987698E-04
  0.6000   -0.72132232E+03   -0.18426749E+04    0.68676715E+03   -0.54669221E-01   -0.47225523E-04   -0.21600235E-02    0.52639134E+01   -0.49693438E+02    0.95617356E+01   -0.13190177E-01    0.12199790E-04   -0.17216317E-04    0.00000000E+00    0.18270634E+04    0.41082157E+02    0.28737457E+00    0.44625479E-04   -0.81761317E-04    0.00000000E+00   -0.96093784E+01   -0.55784367E+02   -0.10876391E-03   -0.66083508E-04    0.10553376E-03
  0.6500   -0.61370317E+03   -0.15754293E+04    0.62501967E+03   -0.52699563E-01    0.13287282E-04   -0.19095483E-02   -0.39939451E+01    0.34617370E+02    0.17111156E+02   -0.11230743E-01    0.21772582E-04   -0.30868865E-04    0.00000000E+00    0.15607923E+04   -0.12730595E+00    0.28081892E+00   -0.15458920E-04   -0.15067271E-04    0.00000000E+00   -0.17151712E+02    0.46072136E+02   -0.22255432E-04    0.52126784E-04   -0.89611383E-04
  0.7000   -0.53393273E+03   -0.13393099E+04    0.50998824E+03   -0.51204027E-01   -0.27201960E-04   -0.15961502E-02    0.25687973E+01   -0.23683635E+02   -0.33347393E+02   -0.97270929E-02   -0.42487965E-04    0.60103293E-04    0.00000000E+00    0.13283011E+04    0.26199093E+02    0.27482299E+00    0.25342173E-04   -0.55257767E-04    0.00000000E+00    0.33312278E+02   -0.26050974E+02   -0.79315691E-04   -0.31028789E-04    0.49115472E-04
  0.7500   -0.45850460E+03   -0.11958028E+04    0.45412133E+03   -0.49966080E-01   -0.10374710E-04   -0.14074518E-02    0.84006629E-01   -0.81289983E+00    0.36690465E+02   -0.84133089E-02    0.46730260E-04   -0.66145759E-04    0.00000000E+00    0.11822299E+04    0.14355660E+02    0.26920650E+00    0.87426460E-05   -0.35421682E-04    0.00000000E+00   -0.36720829E+02    0.12378345E+01   -0.54287625E-04    0.79952294E-06   -0.30086007E-05
  0.8000   -0.40903825E+03   -0.10261415E+04    0.40615690E+03   -0.48958714E-01    0.42127620E-06   -0.12490961E-02   -0.14673025E+01    0.13608018E+02   -0.28688657E+02   -0.74497283E-02   -0.36523674E-04    0.51735262E-04    0.00000000E+00    0.10166383E+04    0.66254978E+01    0.26396047E+00   -0.18542264E-05   -0.22237174E-04    0.00000000E+00    0.28661780E+02    0.18369428E+02   -0.37582815E-04    0.20842473E-04   -0.35669972E-04
  0.8500   -0.35839010E+03   -0.92647557E+03    0.33928918E+03   -0.48153306E-01   -0.27014564E-04   -0.10708174E-02    0.29533866E+01   -0.25872462E+02    0.13584059E+02   -0.65633581E-02    0.17315080E-04   -0.24475465E-04    0.00000000E+00    0.91554653E+03    0.24458803E+02    0.25906353E+00    0.25707563E-04   -0.49538479E-04    0.00000000E+00   -0.13607738E+02   -0.30279590E+02   -0.75786894E-04   -0.35366629E-04    0.57786718E-04
  0.9000   -0.32054519E+03   -0.82337979E+03    0.32699571E+03   -0.47439761E-01    0.86505443E-05   -0.99733217E-03   -0.25454288E+01    0.23882802E+02    0.30772521E+01   -0.58624765E-02    0.38871389E-05   -0.55798430E-05    0.00000000E+00    0.81358406E+03    0.24014536E+00    0.25440649E+00   -0.98456710E-05   -0.10584464E-04    0.00000000E+00   -0.30983881E+01    0.30225097E+02   -0.23795767E-04    0.34777864E-04   -0.58207836E-04
  0.9500   -0.28955694E+03   -0.73165048E+03    0.27181815E+03   -0.46881939E-01   -0.21205887E-04   -0.85743814E-03    0.22299958E+01   -0.18878627E+02   -0.16278972E+02   -0.52786834E-02   -0.20717930E-04    0.29363351E-04    0.00000000E+00    0.72335187E+03    0.19784935E+02    0.25005054E+00    0.20090176E-04   -0.40776991E-04    0.00000000E+00    0.16259945E+02   -0.22283757E+02   -0.65329339E-04   -0.25957164E-04    0.42597481E-04
  1.0000   -0.25755500E+03   -0.67687841E+03    0.25706351E+03   -0.46377558E-01   -0.32983543E-05   -0.79413884E-03   -0.50435792E+00    0.58823032E+01    0.22686724E+02   -0.47298274E-02    0.28899469E-04   -0.40894877E-04    0.00000000E+00    0.66710646E+03    0.75099997E+01    0.24588859E+00    0.22698710E-05   -0.20834194E-04    0.00000000E+00   -0.22703768E+02    0.77761018E+01   -0.38780956E-04    0.89128509E-05   -0.15009861E-04
  1.1000   -0.21327941E+03   -0.55847562E+03    0.20176966E+03   -0.45605564E-01   -0.16916486E-04   -0.63764878E-03    0.17630544E+01   -0.14266633E+02    0.13905627E+02   -0.39130657E-02    0.17707951E-04   -0.25071879E-04    0.00000000E+00    0.54994630E+03    0.16015762E+02    0.23819868E+00    0.15989137E-04   -0.33282395E-04    0.00000000E+00   -0.13919718E+02   -0.17148100E+02   -0.56178272E-04   -0.19823150E-04    0.32931952E-04
  1.2000   -0.18105156E+03   -0.46219614E+03    0.16729075E+03   -0.45020695E-01   -0.17103145E-04   -0.53176312E-03    0.18999866E+01   -0.15314351E+02   -0.72160241E+01   -0.33049552E-02   -0.91969822E-05    0.13002684E-04    0.00000000E+00    0.45538246E+03    0.15668677E+02    0.23118192E+00    0.16278331E-04   -0.31925416E-04    0.00000000E+00    0.72041288E+01   -0.18634158E+02   -0.54621745E-04   -0.21473984E-04    0.35852889E-04
  1.3000   -0.15521784E+03   -0.39041338E+03    0.14877747E+03   -0.44566418E-01   -0.61365100E-05   -0.46384148E-03    0.26048855E+00   -0.42932394E+00   -0.16093428E+02   -0.28248503E-02   -0.20479267E-04    0.29031201E-04    0.00000000E+00    0.38459517E+03    0.79273386E+01    0.22473057E+00    0.53391200E-05   -0.19048862E-04    0.00000000E+00    0.16083257E+02   -0.58901911E+00   -0.37298005E-04   -0.55000660E-06    0.12620754E-05
  1.4000   -0.13302086E+03   -0.34063156E+03    0.13423548E+03   -0.44213813E-01    0.27904053E-05   -0.41017700E-03   -0.10673315E+01    0.11610902E+02   -0.61281703E+01   -0.24284492E-02   -0.78058888E-05    0.11047060E-04    0.00000000E+00    0.33478277E+03    0.16315416E+01    0.21876913E+00   -0.35259636E-05   -0.85453036E-05    0.00000000E+00    0.61194356E+01    0.14017242E+02   -0.22956541E-04    0.16438305E-04   -0.26684899E-04
  1.5000   -0.11446255E+03   -0.30320017E+03    0.11593254E+03   -0.43943194E-01    0.11591683E-05   -0.35550035E-03   -0.75135619E+00    0.88329749E+01    0.84351559E+01   -0.21026804E-02    0.10726447E-04   -0.15223805E-04    0.00000000E+00    0.29702442E+03    0.24148100E+01    0.21323627E+00   -0.18593829E-05   -0.92884014E-05    0.00000000E+00   -0.84427128E+01    0.10539404E+02   -0.24006299E-04    0.12420091E-04   -0.20003755E-04
  1.6000   -0.10017917E+03   -0.26868921E+03    0.95944896E+02   -0.43733385E-01   -0.68844394E-05   -0.30205317E-03    0.56517043E+00   -0.29625227E+01    0.11316813E+02   -0.18443155E-02    0.14402683E-04   -0.20412815E-04    0.00000000E+00    0.26271766E+03    0.75224774E+01    0.20807446E+00    0.62100172E-05   -0.16932434E-04    0.00000000E+00   -0.11323440E+02   -0.39399228E+01   -0.34209307E-04   -0.42877568E-05    0.78331797E-05
  2.0000   -0.64625123E+02   -0.17085010E+03    0.65674141E+02   -0.43215907E-01    0.14970452E-05   -0.20054552E-03   -0.59591881E+00    0.76141020E+01    0.13209364E+01   -0.11850769E-02    0.16703245E-05   -0.23934573E-05    0.00000000E+00    0.16641311E+03    0.11429141E+01    0.19028046E+00   -0.21117204E-05   -0.56278273E-05    0.00000000E+00   -0.13251836E+01    0.88450559E+01   -0.18395938E-04    0.10552355E-04   -0.16658930E-04
  2.5000   -0.41611211E+02   -0.10914109E+03    0.41585480E+02   -0.42976302E-01    0.51713452E-06   -0.12741811E-03   -0.31998846E+00    0.51954811E+01   -0.23090313E+01   -0.76068588E-03   -0.29304870E-05    0.41731095E-05    0.00000000E+00    0.10570180E+03    0.11821827E+01    0.17263888E+00   -0.10813068E-05   -0.47182210E-05    0.00000000E+00    0.23063153E+01    0.58163379E+01   -0.16546919E-04    0.70839724E-05   -0.10809643E-04
  3.0000   -0.29065181E+02   -0.75693856E+02    0.27924232E+02   -0.42923476E-01   -0.82238713E-06   -0.86729614E-04   -0.32028740E-01    0.26324208E+01   -0.37148375E+01   -0.52965284E-03   -0.47374578E-05    0.66910172E-05    0.00000000E+00    0.72864500E+02    0.16618031E+01    0.15835868E+00    0.26991116E-06   -0.48425266E-05    0.00000000E+00    0.37129495E+01    0.26517418E+01   -0.16238029E-04    0.34123938E-05   -0.47455310E-05
  4.0000   -0.16362391E+02   -0.43248048E+02    0.13886833E+02   -0.43026093E-01   -0.27771530E-05   -0.45499162E-04    0.37349145E+00   -0.99532031E+00   -0.26585447E+01   -0.29765087E-03   -0.33691003E-05    0.48097534E-05    0.00000000E+00    0.41036436E+02    0.24703056E+01    0.13613522E+00    0.22642448E-05   -0.53355024E-05    0.00000000E+00    0.26574884E+01   -0.18072620E+01   -0.16002023E-04   -0.17249444E-05    0.38349890E-05
  5.0000   -0.10277724E+02   -0.28996255E+02    0.79865308E+01   -0.43220772E-01   -0.29157717E-05   -0.27485855E-04    0.45156828E+00   -0.16913137E+01   -0.29148164E-03   -0.18837471E-03   -0.80823706E-08   -0.71856448E-08    0.00000000E+00    0.27052408E+02    0.22640117E+01    0.11922494E+00    0.24185333E-05   -0.45465632E-05    0.00000000E+00   -0.37357418E-03   -0.26664753E+01   -0.14317758E-04   -0.27306824E-05    0.54725692E-05
  6.0000   -0.69783417E+01   -0.21171708E+02    0.56888689E+01   -0.43434751E-01   -0.17732835E-05   -0.19274748E-04    0.31167811E+00   -0.43046435E+00    0.14479598E+01   -0.12897559E-03    0.18425219E-05   -0.26120398E-05    0.00000000E+00    0.19422074E+02    0.13173246E+01    0.10567474E+00    0.12906520E-05   -0.27620183E-05    0.00000000E+00   -0.14484156E+01   -0.11287859E+01   -0.11371718E-04   -0.95439826E-06    0.25182440E-05
  7.0000   -0.51202525E+01   -0.15859793E+02    0.46393648E+01   -0.43645060E-01   -0.64728092E-06   -0.14920009E-04    0.16186280E+00    0.91762715E+00    0.10439314E+01   -0.94339130E-04    0.13314110E-05   -0.18801813E-05    0.00000000E+00    0.14320652E+02    0.43371612E+00    0.94443319E-01    0.18036676E-06   -0.11539349E-05    0.00000000E+00   -0.10442618E+01    0.51763984E+00   -0.87301483E-05    0.96452645E-06   -0.62796154E-06
  8.0000   -0.40111431E+01   -0.11976413E+02    0.36490289E+01   -0.43843044E-01   -0.33688089E-06   -0.11562900E-04    0.13309409E+00    0.11750968E+01   -0.16526069E+00   -0.72719093E-04   -0.20781810E-06    0.30059652E-06    0.00000000E+00    0.10640418E+02    0.12987085E+00    0.84908914E-01   -0.12120973E-06   -0.52074961E-06    0.00000000E+00    0.16500794E+00    0.83209317E+00   -0.75238652E-05    0.13233429E-05   -0.12365419E-05
  9.0000   -0.32369321E+01   -0.93554304E+01    0.25228925E+01   -0.44024808E-01   -0.72697983E-06   -0.84885076E-05    0.20979466E+00    0.48248327E+00   -0.84279195E+00   -0.57776200E-04   -0.10754708E-05    0.15173282E-05    0.00000000E+00    0.81643115E+01    0.31755686E+00    0.76669927E-01    0.27528330E-06   -0.70166137E-06    0.00000000E+00    0.84258944E+00   -0.14105851E-01   -0.74636451E-05    0.34880482E-06    0.39220063E-06
 10.0000   -0.26047827E+01   -0.78007380E+01    0.16027717E+01   -0.44188368E-01   -0.11595998E-05   -0.60904310E-05    0.29038965E+00   -0.24583981E+00   -0.53543587E+00   -0.46354114E-04   -0.67945012E-06    0.96778627E-06    0.00000000E+00    0.66831036E+01    0.55192892E+00    0.69451714E-01    0.72020744E-06   -0.97776882E-06    0.00000000E+00    0.53527612E+00   -0.90360481E+00   -0.75797519E-05   -0.67650094E-06    0.21033851E-05
 12.0000   -0.17120435E+01   -0.60440008E+01    0.11318356E+01   -0.44458507E-01   -0.75322929E-06   -0.42352539E-05    0.24510042E+00    0.15434882E+00    0.56985754E+00   -0.30866173E-04    0.72624028E-06   -0.10268923E-05    0.00000000E+00    0.50045840E+01    0.20296799E+00    0.57345155E-01    0.32850705E-06   -0.29591183E-06    0.00000000E+00   -0.56996343E+00   -0.41241516E+00   -0.62303829E-05   -0.11787211E-06    0.11508984E-05
 16.0000   -0.10091887E+01   -0.34534790E+01    0.36757376E+00   -0.44782710E-01   -0.75475856E-06   -0.18855772E-05    0.26761340E+00   -0.67903241E-01   -0.17087193E+00   -0.17128360E-04   -0.21851102E-06    0.30716625E-06    0.00000000E+00    0.26186912E+01    0.11923037E+00    0.39433813E-01    0.35843953E-06   -0.83655619E-08    0.00000000E+00    0.17081384E+00   -0.67793209E+00   -0.51537115E-05   -0.42201085E-06    0.16636066E-05
 20.0000   -0.65034615E+00   -0.23481817E+01    0.33911193E+00   -0.44843155E-01   -0.32801038E-06   -0.13712679E-05    0.21236762E+00    0.40376278E+00   -0.19146843E+00   -0.10509491E-04   -0.24930338E-06    0.33973779E-06    0.00000000E+00    0.16158759E+01   -0.20635377E+00    0.26782124E-01   -0.52218661E-07    0.58261636E-06    0.00000000E+00    0.19143241E+00   -0.93287303E-01   -0.38517187E-05    0.24894322E-06    0.53593602E-06
 25.0000   -0.39715497E+00   -0.16955075E+01    0.17818220E+00   -0.44594696E-01   -0.25121861E-06   -0.79938547E-06    0.20799264E+00    0.40339473E+00    0.72795064E-05   -0.60654632E-05    0.24346518E-08    0.24122569E-08    0.00000000E+00    0.10358650E+01   -0.27817632E+00    0.15479711E-01   -0.10357373E-06    0.75221907E-06    0.00000000E+00   -0.26946632E-04   -0.80960112E-01   -0.31535589E-05    0.24886501E-06    0.49793394E-06
 30.0000   -0.25581017E+00   -0.13203748E+01    0.57597817E-01   -0.44032967E-01   -0.25445064E-06   -0.43164687E-06    0.21210690E+00    0.31833722E+00    0.10625455E+00   -0.36975928E-05    0.12696294E-06   -0.19992284E-06    0.00000000E+00    0.71130163E+00   -0.27716415E+00    0.74459987E-02   -0.77007847E-07    0.77567105E-06    0.00000000E+00   -0.10626785E+00   -0.16945386E+00   -0.27169415E-05    0.13884239E-06    0.66015705E-06
 40.0000   -0.12087691E+00   -0.85406164E+00   -0.88685123E-01   -0.42130497E-01   -0.29842325E-06   -0.25588778E-07    0.21789250E+00    0.14697466E+00    0.70915525E-01   -0.14162578E-05    0.86738117E-07   -0.13142925E-06    0.00000000E+00    0.31931823E+00   -0.22612436E+00   -0.25609588E-02    0.58531349E-08    0.70151118E-06    0.00000000E+00   -0.70919793E-01   -0.34046342E+00   -0.22066072E-05   -0.96616786E-07    0.95079853E-06
 50.0000   -0.60625077E-01   -0.56688368E+00   -0.96566590E-01   -0.39401647E-01   -0.24040728E-06    0.56674049E-07    0.20134731E+00    0.14877797E+00   -0.52567100E-01   -0.46573396E-06   -0.70860962E-07    0.90858574E-07    0.00000000E+00    0.85542843E-01   -0.22471459E+00   -0.76173712E-02   -0.15696915E-07    0.67562407E-06    0.00000000E+00    0.52565617E-01   -0.29085717E+00   -0.16664306E-05   -0.65819840E-07    0.82898482E-06
 60.0000   -0.14273400E-01   -0.42767376E+00   -0.52782853E-01   -0.36054283E-01   -0.14693420E-06    0.15449086E-07    0.17486835E+00    0.21665954E+00   -0.41787486E-01    0.14155176E-06   -0.52002220E-07    0.76554479E-07    0.00000000E+00   -0.18411779E-01   -0.23825989E+00   -0.96783378E-02   -0.73775400E-07    0.65921690E-06    0.00000000E+00    0.41788083E-01   -0.15297397E+00   -0.12160972E-05    0.46319670E-07    0.51693493E-06
 70.0000    0.24098211E-01   -0.36248309E+00   -0.50850405E-01   -0.32265282E-01   -0.12132664E-06    0.35111584E-07    0.15669325E+00    0.19166603E+00    0.34975524E-01    0.53784789E-06    0.44363883E-07   -0.63236222E-07    0.00000000E+00   -0.56753722E-01   -0.19864245E+00   -0.98032099E-02   -0.65955589E-07    0.54515602E-06    0.00000000E+00   -0.34973744E-01   -0.12275877E+00   -0.85833389E-06    0.50707352E-07    0.42836735E-06
 80.0000    0.44880542E-01   -0.28918345E+00   -0.74142274E-01   -0.28194078E-01   -0.13904971E-06    0.89044552E-07    0.14314129E+00    0.11265850E+00    0.30485767E-01    0.73183913E-06    0.37952709E-07   -0.55834929E-07    0.00000000E+00   -0.10085158E+00   -0.12802519E+00   -0.86474349E-02   -0.13793786E-07    0.38006805E-06    0.00000000E+00   -0.30483796E-01   -0.15456474E+00   -0.64864615E-06   -0.39479656E-07    0.43602951E-06
 90.0000    0.53220041E-01   -0.20982419E+00   -0.63899801E-01   -0.23989194E-01   -0.11561804E-06    0.80965872E-07    0.12211545E+00    0.94612176E-01   -0.27502293E-01    0.77550631E-06   -0.37601306E-07    0.47007851E-07    0.00000000E+00   -0.14804015E+00   -0.83230418E-01   -0.66595649E-02   -0.55609493E-08    0.25049245E-06    0.00000000E+00    0.27504828E-01   -0.10983041E+00   -0.40549825E-06   -0.35015142E-07    0.30287154E-06
100.0000    0.61724493E-01   -0.16722687E+00   -0.29659874E-01   -0.19790983E-01   -0.62889485E-07    0.28357343E-07    0.96080107E-01    0.12166044E+00   -0.25576626E-01    0.83389332E-06   -0.33008620E-07    0.45676339E-07    0.00000000E+00   -0.15994727E+00   -0.58690619E-01   -0.41710255E-02   -0.29006408E-07    0.15155177E-06    0.00000000E+00    0.25579004E-01   -0.99854139E-02   -0.12537855E-06    0.26515751E-07    0.57235279E-07
110.0000    0.70023164E-01   -0.15315296E+00   -0.21444722E-01   -0.15731918E-01   -0.44450369E-07    0.21523036E-07    0.76091373E-01    0.10058017E+00    0.24490536E-01    0.86958476E-06    0.30897233E-07   -0.44446433E-07    0.00000000E+00   -0.14350796E+00   -0.11987263E-01   -0.14409034E-02   -0.18863871E-07    0.18014226E-07    0.00000000E+00   -0.24487026E-01    0.29010775E-01    0.11016791E-06    0.34415746E-07   -0.54834168E-07
120.0000    0.68877867E-01   -0.12361743E+00   -0.36427767E-01   -0.11935557E-01   -0.61457424E-07    0.50610420E-07    0.62095543E-01    0.37968183E-01    0.24129659E-01    0.82650335E-06    0.30095046E-07   -0.44138405E-07    0.00000000E+00   -0.13741943E+00    0.52374842E-01    0.13207965E-02    0.24233516E-07   -0.13689455E-06    0.00000000E+00   -0.24126542E-01    0.13248338E-01    0.23854253E-06   -0.38384780E-07   -0.79142499E-07
130.0000    0.59064457E-01   -0.78074791E-01   -0.29371000E-01   -0.85147804E-02   -0.47296007E-07    0.43062116E-07    0.45090244E-01    0.20576516E-01   -0.24512180E-01    0.69531579E-06   -0.30291763E-07    0.45118490E-07    0.00000000E+00   -0.14225111E+00    0.92208097E-01    0.39408330E-02    0.34796723E-07   -0.24887597E-06    0.00000000E+00    0.24514593E-01    0.46911846E-01    0.43417354E-06   -0.26669342E-07   -0.17099083E-06
140.0000    0.50709083E-01   -0.56081456E-01    0.71120934E-03   -0.55699022E-02   -0.40115119E-08   -0.61995049E-08    0.25345253E-01    0.51155426E-01   -0.25809130E-01    0.60152455E-06   -0.28253663E-07    0.51146580E-07    0.00000000E+00   -0.12336140E+00    0.10515492E+00    0.62764915E-02    0.11118850E-07   -0.31238398E-06    0.00000000E+00    0.25810189E-01    0.13169308E+00    0.60615087E-06    0.35405894E-07   -0.36973999E-06
150.0000    0.45227298E-01   -0.60272217E-01    0.69374239E-02   -0.31864863E-02    0.56670123E-08   -0.15675557E-07    0.13144920E-01    0.41614549E-01    0.28470731E-01    0.49703409E-06    0.35761780E-07   -0.51826719E-07    0.00000000E+00   -0.78831528E-01    0.13192074E+00    0.82124079E-02    0.16240451E-07   -0.38960581E-06    0.00000000E+00   -0.28468959E-01    0.15848704E+00    0.72446925E-06    0.33155283E-07   -0.45442061E-06
160.0000    0.32791917E-01   -0.45479066E-01   -0.18992566E-01   -0.14333716E-02   -0.27230247E-07    0.31199246E-07    0.10574694E-01   -0.23187923E-01    0.33762922E-01    0.37876416E-06    0.44535571E-07   -0.59334036E-07    0.00000000E+00   -0.49044540E-01    0.17894365E+00    0.96591633E-02    0.59426242E-07   -0.49108319E-06    0.00000000E+00   -0.33762378E-01    0.10761898E+00    0.76895074E-06   -0.39706994E-07   -0.37079035E-06
170.0000    0.10375205E-01    0.46347162E-02   -0.22993059E-01   -0.36095376E-03   -0.33868687E-07    0.36868082E-07    0.64977174E-02   -0.40342450E-01   -0.46842374E-01    0.14630495E-06   -0.54433216E-07    0.89674544E-07    0.00000000E+00   -0.49030500E-01    0.19711047E+00    0.10552816E-01    0.69043980E-07   -0.53735457E-06    0.00000000E+00    0.46840806E-01    0.10400113E+00    0.76581369E-06   -0.59265305E-07   -0.37921857E-06
179.9000   -0.61333716E-01    0.26166720E+00   -0.11017937E+00   -0.20771882E-06   -0.15298767E-06    0.18597255E-06    0.23582227E-01   -0.20913143E+00   -0.61580895E+00   -0.35280504E-06   -0.73639676E-06    0.11581026E-05    0.00000000E+00   -0.23124857E+00    0.28035276E+00    0.10855034E-01    0.18561898E-06   -0.67686952E-06    0.00000000E+00    0.61581351E+00   -0.96845849E-01    0.50346208E-06   -0.32769213E-06   -0.29751674E-07
180.0000    0.00000000E+00    0.00000000E+00    0.00000000E+00    0.00000000E+00    0.00000000E+00    0.00000000E+00    0.00000000E+00    0.00000000E+00    0.00000000E+00    0.00000000E+00    0.00000000E+00    0.00000000E+00    0.00000000E+00    0.00000000E+00   -0.13792697E+02   -0.14074181E+04   -0.20678209E-04    0.21754199E-04    0.00000000E+00    0.00000000E+00    0.36327657E+02    0.37069038E+04    0.44143351E-04   -0.67616511E-04
