  0.0000    0.00000000E+00    0.00000000E+00    0.00000000E+00    0.00000000E+00    0.00000000E+00    0.00000000E+00    0.00000000E+00    0.00000000E+00    0.00000000E+00    0.00000000E+00    0.00000000E+00    0.00000000E+00    0.00000000E+00    0.00000000E+00   -0.24986941E+07   -0.52380105E+03   -0.12817507E+02   -0.51304242E+01    0.00000000E+00    0.00000000E+00    0.30221163E+08    0.10487898E+04    0.25637030E+02   -0.67336569E+02
  0.0003   -0.54732725E+05   -0.55671377E+05   -0.22209981E+05   -0.67528215E+00   -0.32416458E-01    0.35911220E-01   -0.23040165E+05   -0.73948533E+05   -0.12445535E+07   -0.43522731E+02   -0.15847924E+01    0.22440020E+01    0.00000000E+00   -0.98911326E+05   -0.24672328E+07   -0.52244974E+03   -0.12752617E+02   -0.51623228E+01    0.00000000E+00    0.12443958E+07    0.30093248E+08    0.10460871E+04    0.25507248E+02   -0.67072829E+02
  0.0004   -0.72849917E+05   -0.75068430E+05   -0.39359908E+05   -0.11979578E+01   -0.57455142E-01    0.63633258E-01   -0.22660097E+05   -0.11289041E+06   -0.16541325E+07   -0.57916060E+02   -0.21063430E+01    0.29824965E+01    0.00000000E+00   -0.13061946E+06   -0.24429131E+07   -0.52140255E+03   -0.12702408E+02   -0.51869322E+01    0.00000000E+00    0.16539226E+07    0.29994243E+08    0.10439927E+04    0.25406829E+02   -0.66868664E+02
  0.0005   -0.90859140E+05   -0.95176060E+05   -0.61250791E+05   -0.18667162E+01   -0.89425320E-01    0.99009071E-01   -0.22177778E+05   -0.16261557E+06   -0.20592305E+07   -0.72212095E+02   -0.26221876E+01    0.37129116E+01    0.00000000E+00   -0.16125709E+06   -0.24118367E+07   -0.52006104E+03   -0.12638188E+02   -0.52183167E+01    0.00000000E+00    0.20589688E+07    0.29867569E+08    0.10413096E+04    0.25278387E+02   -0.66607401E+02
  0.0006   -0.10873455E+06   -0.11616032E+06   -0.87765092E+05   -0.26791455E+01   -0.12816255E+00    0.14184150E+00   -0.21597721E+05   -0.22287027E+06   -0.24587747E+07   -0.86387300E+02   -0.31309602E+01    0.44333131E+01    0.00000000E+00   -0.19057082E+06   -0.23741458E+07   -0.51842885E+03   -0.12560204E+02   -0.52562868E+01    0.00000000E+00    0.24584617E+07    0.29713685E+08    0.10380451E+04    0.25122417E+02   -0.66289957E+02
  0.0007   -0.12645106E+06   -0.13817971E+06   -0.11876105E+06   -0.36323296E+01   -0.17346846E+00    0.19189279E+00   -0.20925540E+05   -0.29334859E+06   -0.28517234E+07   -0.10041865E+03   -0.36313340E+01    0.51418221E+01    0.00000000E+00   -0.21831652E+06   -0.23300114E+07   -0.51651035E+03   -0.12468755E+02   -0.53006143E+01    0.00000000E+00    0.28513595E+07    0.29533145E+08    0.10342081E+04    0.24939516E+02   -0.65917435E+02
  0.0008   -0.14398445E+06   -0.16138382E+06   -0.15407378E+06   -0.47228656E+01   -0.22511226E+00    0.24888649E+00   -0.20167505E+05   -0.37369433E+06   -0.32370711E+07   -0.11428375E+03   -0.41220290E+01    0.58366264E+01    0.00000000E+00   -0.24426105E+06   -0.22796335E+07   -0.51431070E+03   -0.12364189E+02   -0.53510336E+01    0.00000000E+00    0.32366570E+07    0.29326594E+08    0.10298086E+04    0.24730382E+02   -0.65491129E+02
  0.0009   -0.16131153E+06   -0.18591211E+06   -0.19351658E+06   -0.59468854E+01   -0.28283252E+00    0.31250965E+00   -0.19330844E+05   -0.46350413E+06   -0.36138546E+07   -0.12796087E+03   -0.46018184E+01    0.65159888E+01    0.00000000E+00   -0.26818376E+06   -0.22232380E+07   -0.51183571E+03   -0.12246903E+02   -0.54072441E+01    0.00000000E+00    0.36133909E+07    0.29094766E+08    0.10248585E+04    0.24495805E+02   -0.65012501E+02
  0.0010   -0.17841021E+06   -0.21189268E+06   -0.23688235E+06   -0.73000797E+01   -0.34633912E+00    0.38241524E+00   -0.18423275E+05   -0.56233012E+06   -0.39811574E+07   -0.14142911E+03   -0.50695353E+01    0.71782571E+01    0.00000000E+00   -0.28987801E+06   -0.21610765E+07   -0.50909193E+03   -0.12117335E+02   -0.54689122E+01    0.00000000E+00    0.39806449E+07    0.28838478E+08    0.10193708E+04    0.24236666E+02   -0.64483185E+02
  0.0012   -0.21184023E+06   -0.26866052E+06   -0.33446214E+06   -0.10374709E+02   -0.48942097E+00    0.53953178E+00   -0.16429730E+05   -0.78503833E+06   -0.46839167E+07   -0.16765964E+03   -0.59644165E+01    0.84453726E+01    0.00000000E+00   -0.32583219E+06   -0.20205752E+07   -0.50282721E+03   -0.11823318E+02   -0.56071400E+01    0.00000000E+00    0.46833091E+07    0.28256167E+08    0.10068410E+04    0.23648625E+02   -0.63279780E+02
  0.0014   -0.24412383E+06   -0.33244952E+06   -0.44481220E+06   -0.13904513E+02   -0.65155118E+00    0.71688691E+00   -0.14259398E+05   -0.10374837E+07   -0.53391183E+07   -0.19282661E+03   -0.67987386E+01    0.96267390E+01    0.00000000E+00   -0.35079684E+06   -0.18605704E+07   -0.49558085E+03   -0.11486431E+02   -0.57624976E+01    0.00000000E+00    0.53384195E+07    0.27587636E+08    0.99234790E+03    0.22974841E+02   -0.61896868E+02
  0.0015   -0.25979492E+06   -0.36715143E+06   -0.50409098E+06   -0.15825468E+02   -0.73879739E+00    0.81200831E+00   -0.13131943E+05   -0.11733709E+07   -0.56472081E+07   -0.20496939E+03   -0.71910548E+01    0.10182243E+02    0.00000000E+00   -0.35882308E+06   -0.17740934E+07   -0.49161197E+03   -0.11303391E+02   -0.58454986E+01    0.00000000E+00    0.56464654E+07    0.27223794E+08    0.98440991E+03    0.22608755E+02   -0.61143616E+02
  0.0016   -0.27513346E+06   -0.40378722E+06   -0.56571928E+06   -0.17842102E+02   -0.82962127E+00    0.91078021E+00   -0.11989273E+05   -0.13148613E+07   -0.59415288E+07   -0.21679833E+03   -0.75658375E+01    0.10712920E+02    0.00000000E+00   -0.36373869E+06   -0.16837755E+07   -0.48742548E+03   -0.11111461E+02   -0.59314268E+01    0.00000000E+00    0.59407432E+07    0.26841804E+08    0.97603670E+03    0.22224890E+02   -0.60352311E+02
  0.0017   -0.29012734E+06   -0.44238382E+06   -0.62939794E+06   -0.19947869E+02   -0.92360176E+00    0.10127033E+01   -0.10841129E+05   -0.14613033E+07   -0.62215949E+07   -0.22829989E+03   -0.79224687E+01    0.11217895E+02    0.00000000E+00   -0.36546371E+06   -0.15899862E+07   -0.48303152E+03   -0.10911299E+02   -0.60198019E+01    0.00000000E+00    0.62207675E+07    0.26442892E+08    0.96724852E+03    0.21824561E+02   -0.59525413E+02
  0.0018   -0.30476606E+06   -0.48295225E+06   -0.69482274E+06   -0.22136042E+02   -0.10203103E+01    0.11172702E+01   -0.96972860E+04   -0.16120336E+07   -0.64869909E+07   -0.23946176E+03   -0.82604193E+01    0.11696420E+02    0.00000000E+00   -0.36393846E+06   -0.14931025E+07   -0.47844051E+03   -0.10703577E+02   -0.61101362E+01    0.00000000E+00    0.64861231E+07    0.26028314E+08    0.95806623E+03    0.21409109E+02   -0.58665441E+02
  0.0019   -0.31904060E+06   -0.52548764E+06   -0.76168668E+06   -0.24399750E+02   -0.11193139E+01    0.12239696E+01   -0.85667762E+04   -0.17663812E+07   -0.67373734E+07   -0.25027291E+03   -0.85792519E+01    0.12147874E+02    0.00000000E+00   -0.35912380E+06   -0.13935071E+07   -0.47366320E+03   -0.10488978E+02   -0.62019367E+01    0.00000000E+00    0.67364664E+07    0.25599353E+08    0.94851134E+03    0.20979905E+02   -0.57774971E+02
  0.0020   -0.33294355E+06   -0.56996945E+06   -0.82968186E+06   -0.26732017E+02   -0.12201777E+01    0.13322888E+01   -0.74588289E+04   -0.19236726E+07   -0.69724689E+07   -0.26072357E+03   -0.88786183E+01    0.12571765E+02    0.00000000E+00   -0.35100059E+06   -0.12915847E+07   -0.46871053E+03   -0.10268194E+02   -0.62947108E+01    0.00000000E+00    0.69715240E+07    0.25157302E+08    0.93860570E+03    0.20538330E+02   -0.56856605E+02
  0.0030   -0.45089840E+06   -0.11071882E+07   -0.15074566E+07   -0.52286577E+02   -0.22397078E+01    0.23978923E+01    0.84658068E+03   -0.35164463E+07   -0.84712341E+07   -0.34415566E+03   -0.10787119E+02    0.15274125E+02    0.00000000E+00   -0.97092764E+05   -0.22651465E+06   -0.41200724E+03   -0.78701098E+01   -0.71732510E+01    0.00000000E+00    0.84699869E+07    0.20299927E+08    0.82519547E+03    0.15742080E+02   -0.46709429E+02
  0.0040   -0.53244895E+06   -0.17274028E+07   -0.20207481E+07   -0.77509796E+02   -0.30477550E+01    0.31689554E+01    0.22643777E+04   -0.47839466E+07   -0.85986850E+07   -0.38962527E+03   -0.10949413E+02    0.15503926E+02    0.00000000E+00    0.38597461E+06    0.70651992E+06   -0.34965887E+03   -0.55364233E+01   -0.77099895E+01    0.00000000E+00    0.85972731E+07    0.15435075E+08    0.70049401E+03    0.11074608E+02   -0.36410474E+02
  0.0050   -0.58367809E+06   -0.22876748E+07   -0.22638452E+07   -0.98066534E+02   -0.34831653E+01    0.34814190E+01   -0.33844802E+03   -0.54702299E+07   -0.78516710E+07   -0.40376013E+03   -0.99981788E+01    0.14157017E+02    0.00000000E+00    0.92947371E+06    0.13385529E+07   -0.28988712E+03   -0.36333503E+01   -0.77513281E+01    0.00000000E+00    0.78502079E+07    0.11296101E+08    0.58094496E+03    0.72683557E+01   -0.27483423E+02
  0.0060   -0.60982480E+06   -0.26928604E+07   -0.22699443E+07   -0.11239128E+03   -0.35786253E+01    0.34047223E+01   -0.18950426E+04   -0.56215823E+07   -0.67383690E+07   -0.39631341E+03   -0.85805197E+01    0.12149669E+02    0.00000000E+00    0.13965965E+07    0.16690203E+07   -0.23709259E+03   -0.22424639E+01   -0.73771049E+01    0.00000000E+00    0.67369328E+07    0.80957894E+07    0.47534975E+03    0.44864758E+01   -0.20419735E+02
  0.0070   -0.61464484E+06   -0.29260790E+07   -0.21267936E+07   -0.12080122E+03   -0.34478158E+01    0.30951373E+01   -0.89553599E+03   -0.54150421E+07   -0.55771764E+07   -0.37596244E+03   -0.71018776E+01    0.10055972E+02    0.00000000E+00    0.17324882E+07    0.17791088E+07   -0.19264263E+03   -0.12855088E+01   -0.67588304E+01    0.00000000E+00    0.55758139E+07    0.57375391E+07    0.38644329E+03    0.25724621E+01   -0.15078733E+02
  0.0080   -0.60314202E+06   -0.30168179E+07   -0.19072376E+07   -0.12434555E+03   -0.31899208E+01    0.26775815E+01    0.45930359E+03   -0.50085834E+07   -0.45102051E+07   -0.34897705E+03   -0.57432153E+01    0.81321605E+01    0.00000000E+00    0.19414873E+07    0.17500879E+07   -0.15629188E+03   -0.65449368E+00   -0.60385343E+01    0.00000000E+00    0.45089404E+07    0.40470223E+07    0.31373505E+03    0.13103349E+01   -0.11140087E+02
  0.0090   -0.58192615E+06   -0.30007359E+07   -0.16558168E+07   -0.12419286E+03   -0.28688133E+01    0.22252078E+01    0.29616113E+03   -0.45043913E+07   -0.35952968E+07   -0.31958609E+03   -0.45781873E+01    0.64825280E+01    0.00000000E+00    0.20455249E+07    0.16384068E+07   -0.12712203E+03   -0.26066809E+00   -0.53011286E+01    0.00000000E+00    0.35941387E+07    0.28671826E+07    0.25538849E+03    0.52259442E+00   -0.82981212E+01
  0.0100   -0.55640870E+06   -0.29070330E+07   -0.14036182E+07   -0.12146652E+03   -0.25309582E+01    0.17871893E+01   -0.65649756E+03   -0.39747074E+07   -0.28542259E+07   -0.29049225E+03   -0.36345207E+01    0.51463343E+01    0.00000000E+00    0.20662142E+07    0.14855792E+07   -0.10393679E+03   -0.29192205E-01   -0.45994877E+01    0.00000000E+00    0.28531732E+07    0.20574640E+07    0.20901114E+03    0.59561185E-01   -0.62701036E+01
  0.0120   -0.49974608E+06   -0.25973511E+07   -0.97639183E+06   -0.11193288E+03   -0.19285319E+01    0.10752791E+01   -0.11015047E+03   -0.30280289E+07   -0.18209473E+07   -0.23803945E+03   -0.23187621E+01    0.32832733E+01    0.00000000E+00    0.19521166E+07    0.11714782E+07   -0.70777683E+02    0.18026797E+00   -0.34237146E+01    0.00000000E+00    0.18200847E+07    0.10903323E+07    0.14267940E+03   -0.35949999E+00   -0.37138420E+01
  0.0140   -0.44135591E+06   -0.22549698E+07   -0.66261789E+06   -0.10040606E+03   -0.14583754E+01    0.58012883E+00   -0.11524519E+03   -0.22896717E+07   -0.11726600E+07   -0.19497716E+03   -0.14932445E+01    0.21143737E+01    0.00000000E+00    0.17584382E+07    0.90451507E+06   -0.49528270E+02    0.23092491E+00   -0.25517615E+01    0.00000000E+00    0.11719535E+07    0.60175333E+06    0.10016751E+03   -0.46092912E+00   -0.23121872E+01
  0.0160   -0.38969723E+06   -0.19292388E+07   -0.44021712E+06   -0.88999338E+02   -0.11053121E+01    0.24898950E+00   -0.32444179E+03   -0.17354332E+07   -0.78359238E+06   -0.16100348E+03   -0.99781271E+00    0.14128623E+01    0.00000000E+00    0.15444369E+07    0.69426750E+06   -0.35646922E+02    0.21841554E+00   -0.19174568E+01    0.00000000E+00    0.78300896E+06    0.35414862E+06    0.72392356E+02   -0.43600513E+00   -0.15255222E+01
  0.0180   -0.34322487E+06   -0.16504333E+07   -0.29115416E+06   -0.78654285E+02   -0.85214050E+00    0.43577838E-01    0.98716907E+02   -0.13374507E+07   -0.53282057E+06   -0.13423325E+03   -0.67848433E+00    0.96070625E+00    0.00000000E+00    0.13479071E+07    0.54020876E+06   -0.26260709E+02    0.19485337E+00   -0.14670665E+01    0.00000000E+00    0.53233416E+06    0.21039807E+06    0.53608110E+02   -0.38895940E+00   -0.10362365E+01
  0.0200   -0.30384157E+06   -0.14141370E+07   -0.18509249E+06   -0.69509499E+02   -0.66107834E+00   -0.91652378E-01   -0.34482692E+03   -0.10378791E+07   -0.37430292E+06   -0.11314953E+03   -0.47663076E+00    0.67488976E+00    0.00000000E+00    0.11736293E+07    0.42163954E+06   -0.19816160E+02    0.16242320E+00   -0.11347256E+01    0.00000000E+00    0.37389291E+06    0.13718306E+06    0.40707817E+02   -0.32416491E+00   -0.74620038E+00
  0.0220   -0.26975083E+06   -0.12183513E+07   -0.11591459E+06   -0.61640431E+02   -0.52479701E+00   -0.16819271E+00    0.12273155E+03   -0.82342850E+06   -0.26942572E+06   -0.96379919E+02   -0.34308199E+00    0.48579011E+00    0.00000000E+00    0.10244079E+07    0.33635114E+06   -0.15206373E+02    0.13865079E+00   -0.89611335E+00    0.00000000E+00    0.26907648E+06    0.85681097E+05    0.31477642E+02   -0.27667591E+00   -0.54026868E+00
  0.0240   -0.24055945E+06   -0.10568753E+07   -0.65012128E+05   -0.54835792E+02   -0.41830667E+00   -0.21830075E+00   -0.25561228E+03   -0.65660724E+06   -0.19619522E+06   -0.82879411E+02   -0.24983156E+00    0.35375127E+00    0.00000000E+00    0.89867400E+06    0.26905400E+06   -0.11895436E+02    0.11391428E+00   -0.71381423E+00    0.00000000E+00    0.19589490E+06    0.60692884E+05    0.24845725E+02   -0.22725066E+00   -0.41396869E+00
  0.0260   -0.21575296E+06   -0.92133217E+06   -0.32033947E+05   -0.49018337E+02   -0.34068680E+00   -0.24213629E+00    0.50390586E+02   -0.53443942E+06   -0.14910065E+06   -0.71956135E+02   -0.18986217E+00    0.26883705E+00    0.00000000E+00    0.79086333E+06    0.21973140E+06   -0.94184425E+01    0.96735252E-01   -0.57925524E+00    0.00000000E+00    0.14883992E+06    0.39888959E+05    0.19882209E+02   -0.19293387E+00   -0.31564986E+00
  0.0280   -0.19399213E+06   -0.81027604E+06   -0.76388523E+04   -0.43995590E+02   -0.27886362E+00   -0.25536315E+00   -0.12729939E+03   -0.43756024E+06   -0.11113571E+06   -0.62939520E+02   -0.14151828E+00    0.20038406E+00    0.00000000E+00    0.70141562E+06    0.18030354E+06   -0.75635863E+01    0.80717609E-01   -0.47397544E+00    0.00000000E+00    0.11090765E+06    0.29239054E+05    0.16163440E+02   -0.16093454E+00   -0.25088674E+00
  0.0300   -0.17565803E+06   -0.71498019E+06    0.87543459E+04   -0.39666764E+02   -0.23147970E+00   -0.25841192E+00   -0.44708452E+02   -0.36309428E+06   -0.88476882E+05   -0.55517255E+02   -0.11266493E+00    0.15952890E+00    0.00000000E+00    0.62348711E+06    0.14990125E+06   -0.61353168E+01    0.68348268E-01   -0.39281394E+00    0.00000000E+00    0.88275720E+05    0.21074071E+05    0.13298281E+02   -0.13622745E+00   -0.20106057E+00
  0.0400   -0.11237744E+06   -0.41804071E+06    0.38414088E+05   -0.25076220E+02   -0.10436325E+00   -0.22254189E+00    0.53495830E+02   -0.16348380E+06   -0.29562598E+05   -0.32372204E+02   -0.37644520E-01    0.53303044E-01    0.00000000E+00    0.37460292E+06    0.68004493E+05   -0.24060832E+01    0.33012251E-01   -0.17619950E+00    0.00000000E+00    0.29445307E+05    0.43490268E+04    0.58021186E+01   -0.65668741E-01   -0.79048261E-01
  0.0500   -0.77584376E+05   -0.27135128E+06    0.39171127E+05   -0.17161768E+02   -0.54935359E-01   -0.17544299E+00    0.21290925E+01   -0.85986805E+05   -0.11805652E+05   -0.21066365E+02   -0.15033133E-01    0.21286247E-01    0.00000000E+00    0.24751225E+06    0.35928300E+05   -0.10301641E+01    0.17784676E-01   -0.92746587E-01    0.00000000E+00    0.11729328E+05    0.14241698E+04    0.30194012E+01   -0.35283372E-01   -0.39664745E-01
  0.0600   -0.56690219E+05   -0.18921198E+06    0.34524506E+05   -0.12447732E+02   -0.31987077E-01   -0.13819965E+00   -0.54442992E+02   -0.50055409E+05   -0.57302011E+04   -0.14767048E+02   -0.72967585E-02    0.10331862E-01    0.00000000E+00    0.17478834E+06    0.20971536E+05   -0.41693576E+00    0.10282497E-01   -0.54235177E-01    0.00000000E+00    0.56767030E+04    0.11081315E+04    0.17668571E+01   -0.20326139E-01   -0.23735240E-01
  0.0700   -0.43218073E+05   -0.13893188E+06    0.29193950E+05   -0.94324062E+01   -0.20311959E-01   -0.11012540E+00   -0.41032625E+02   -0.31743235E+05   -0.35161217E+04   -0.10915467E+02   -0.44773861E-02    0.63397517E-02    0.00000000E+00    0.12957059E+06    0.13345793E+05   -0.10385185E+00    0.65583175E-02   -0.34499215E-01    0.00000000E+00    0.34765793E+04    0.68048118E+03    0.11181301E+01   -0.12911691E-01   -0.15005150E-01
  0.0800   -0.33994692E+05   -0.10625233E+06    0.24407308E+05   -0.73932102E+01   -0.13921529E-01   -0.89009150E-01    0.46577930E+01   -0.21688744E+05   -0.22354268E+04   -0.83892610E+01   -0.28465697E-02    0.40305869E-02    0.00000000E+00    0.99825761E+05    0.91705679E+04    0.71757448E-01    0.46708234E-02   -0.23541880E-01    0.00000000E+00    0.22050376E+04    0.47774316E+02    0.74705098E+00   -0.91622521E-02   -0.93092269E-02
  0.0900   -0.27393845E+05   -0.83962090E+05    0.20589551E+05   -0.59499383E+01   -0.99463724E-02   -0.73288893E-01    0.18254482E+02   -0.15453113E+05   -0.11819796E+04   -0.66425565E+01   -0.15051270E-02    0.21311623E-02    0.00000000E+00    0.79342260E+05    0.65709734E+04    0.17491049E+00    0.34345125E-02   -0.16780694E-01    0.00000000E+00    0.11579190E+04   -0.18724690E+03    0.52301210E+00   -0.67095614E-02   -0.61335075E-02
  0.1000   -0.22540812E+05   -0.67988224E+05    0.17671107E+05   -0.48906173E+01   -0.71770433E-02   -0.61541147E-01   -0.54643672E+01   -0.11144092E+05   -0.58246309E+03   -0.53882306E+01   -0.74171191E-03    0.10502009E-02    0.00000000E+00    0.64553715E+05    0.47544483E+04    0.23701419E+00    0.24222385E-02   -0.12204537E-01    0.00000000E+00    0.56294706E+03    0.36384908E+02    0.38279114E+00   -0.47009905E-02   -0.48129265E-02
  0.1100   -0.18895019E+05   -0.56049651E+05    0.15310302E+05   -0.40915920E+01   -0.52914263E-02   -0.52392654E-01   -0.23547802E+02   -0.82141158E+04   -0.49189781E+03   -0.44603361E+01   -0.62638643E-03    0.88690772E-03    0.00000000E+00    0.53436848E+05    0.35142940E+04    0.27647662E+00    0.17126134E-02   -0.90989017E-02    0.00000000E+00    0.47574351E+03    0.23701498E+03    0.28927007E+00   -0.32948322E-02   -0.40239946E-02
  0.1200   -0.16074567E+05   -0.46946244E+05    0.13262556E+05   -0.34756357E+01   -0.41280778E-02   -0.44929538E-01   -0.12107546E+02   -0.63865849E+04   -0.53504561E+03   -0.37537749E+01   -0.68132917E-03    0.96470660E-03    0.00000000E+00    0.44915290E+05    0.27493410E+04    0.30348542E+00    0.13666535E-02   -0.70915295E-02    0.00000000E+00    0.52145109E+03    0.11984453E+03    0.22184447E+00   -0.26138343E-02   -0.29825289E-02
  0.1300   -0.13823565E+05   -0.39955142E+05    0.11524987E+05   -0.29906598E+01   -0.33717180E-02   -0.38827650E-01    0.77476601E+01   -0.51880224E+04   -0.38951755E+03   -0.32008480E+01   -0.49601546E-03    0.70231195E-03    0.00000000E+00    0.38336026E+05    0.22529813E+04    0.32209242E+00    0.11977393E-02   -0.57334229E-02    0.00000000E+00    0.37792616E+03   -0.10221892E+03    0.17223278E+00   -0.22852556E-02   -0.19707852E-02
  0.1400   -0.11999435E+05   -0.34476104E+05    0.10157287E+05   -0.26008564E+01   -0.27270759E-02   -0.33975361E-01    0.81536462E+01   -0.41829609E+04   -0.14037941E+03   -0.27599691E+01   -0.17876658E-03    0.25310228E-03    0.00000000E+00    0.33156348E+05    0.18289690E+04    0.33384939E+00    0.98606293E-03   -0.46406508E-02    0.00000000E+00    0.13038517E+03   -0.11553820E+03    0.13719053E+00   -0.18698358E-02   -0.15143895E-02
  0.1500   -0.10521362E+05   -0.30019069E+05    0.90872010E+04   -0.22826216E+01   -0.21416344E-02   -0.30097864E-01   -0.68622501E+01   -0.32851876E+04   -0.45768414E+02   -0.24049034E+01   -0.58289973E-04    0.82513812E-04    0.00000000E+00    0.28931642E+05    0.14420716E+04    0.34079264E+00    0.72542177E-03   -0.37110251E-02    0.00000000E+00    0.37060422E+02    0.49078810E+02    0.11253174E+00   -0.13554316E-02   -0.15064197E-02
  0.1600   -0.93151783E+04   -0.26308225E+05    0.81557450E+04   -0.20203530E+01   -0.17223085E-02   -0.26812970E-01   -0.13154617E+02   -0.26386928E+04   -0.13405051E+03   -0.21157113E+01   -0.17070636E-03    0.24169201E-03    0.00000000E+00    0.25407890E+05    0.11642296E+04    0.34540213E+00    0.55399442E-03   -0.30276883E-02    0.00000000E+00    0.12639010E+03    0.12579199E+03    0.93203820E-01   -0.10185976E-02   -0.14055892E-02
  0.1700   -0.83045687E+04   -0.23243076E+05    0.72891255E+04   -0.18022621E+01   -0.14908873E-02   -0.23915445E-01   -0.30772894E+01   -0.22702167E+04   -0.19731061E+03   -0.18757198E+01   -0.25126012E-03    0.35575415E-03    0.00000000E+00    0.22488516E+05    0.10111423E+04    0.34894003E+00    0.51578492E-03   -0.25949339E-02    0.00000000E+00    0.19051953E+03    0.20304848E+02    0.76605805E-01   -0.94749301E-03   -0.10099597E-02
  0.1800   -0.74369285E+04   -0.20737138E+05    0.65372970E+04   -0.16184721E+01   -0.13232856E-02   -0.21434888E-01    0.69575340E+01   -0.20014161E+04   -0.11260850E+03   -0.16730200E+01   -0.14340155E-03    0.20303176E-03    0.00000000E+00    0.20091747E+05    0.90057809E+03    0.35112844E+00    0.50165776E-03   -0.22689168E-02    0.00000000E+00    0.10655165E+03   -0.91371326E+02    0.63229437E-01   -0.92396360E-03   -0.64286518E-03
  0.1900   -0.66931510E+04   -0.18639078E+05    0.59465377E+04   -0.14614434E+01   -0.11144119E-02   -0.19408579E-01    0.32042857E+01   -0.16810835E+04    0.63141217E+01   -0.15008692E+01    0.80329417E-05   -0.11392076E-04    0.00000000E+00    0.18079606E+05    0.76213859E+03    0.35160737E+00    0.41592709E-03   -0.19287466E-02    0.00000000E+00   -0.11747419E+02   -0.52648367E+02    0.53740501E-01   -0.75673039E-03   -0.59476084E-03
  0.2000   -0.60642925E+04   -0.16807674E+05    0.54659635E+04   -0.13263534E+01   -0.89953379E-03   -0.17715243E-01   -0.66973765E+01   -0.13570481E+04    0.81870115E+01   -0.13548433E+01    0.10418129E-04   -0.14768722E-04    0.00000000E+00    0.16323231E+05    0.61904542E+03    0.35101442E+00    0.30036005E-03   -0.16040961E-02    0.00000000E+00   -0.13091399E+02    0.58082701E+02    0.46817680E-01   -0.52940197E-03   -0.70808992E-03
  0.2100   -0.55282938E+04   -0.15197452E+05    0.50099970E+04   -0.12099713E+01   -0.76784470E-03   -0.16180800E-01   -0.76137968E+01   -0.11543227E+04   -0.76037416E+02   -0.12300137E+01   -0.96831398E-04    0.13709316E-03    0.00000000E+00    0.14778815E+05    0.53104955E+03    0.35033838E+00    0.24962130E-03   -0.13841208E-02    0.00000000E+00    0.71585150E+02    0.72670591E+02    0.40443711E-01   -0.43136817E-03   -0.65493490E-03
  0.2200   -0.50562057E+04   -0.13823899E+05    0.45650539E+04   -0.11091772E+01   -0.71754281E-03   -0.14761658E-01    0.73691943E+00   -0.10698469E+04   -0.10156062E+03   -0.11212819E+01   -0.12933196E-03    0.18311320E-03    0.00000000E+00    0.13457432E+05    0.49740303E+03    0.34976115E+00    0.26645543E-03   -0.12637752E-02    0.00000000E+00    0.97502156E+02   -0.17079407E+02    0.34220421E-01   -0.46816761E-03   -0.41562384E-03
  0.2300   -0.46330142E+04   -0.12666972E+05    0.41837207E+04   -0.10208005E+01   -0.66225193E-03   -0.13533218E-01    0.54191726E+01   -0.98093931E+03   -0.29222434E+02   -0.10254042E+01   -0.37217464E-04    0.52683604E-04    0.00000000E+00    0.12339644E+05    0.46056234E+03    0.34871879E+00    0.26753377E-03   -0.11493587E-02    0.00000000E+00    0.25511217E+02   -0.69773276E+02    0.29245821E-01   -0.47318324E-03   -0.25852993E-03
  0.2400   -0.42603927E+04   -0.11651985E+05    0.38890774E+04   -0.94250508E+00   -0.55828107E-03   -0.12522795E-01    0.35380714E+00   -0.82509452E+03    0.33400905E+02   -0.94123993E+00    0.42526240E-04   -0.60229644E-04    0.00000000E+00    0.11357934E+05    0.39111282E+03    0.34695348E+00    0.21093167E-03   -0.99230349E-03    0.00000000E+00   -0.36807311E+02   -0.14893236E+02    0.26009310E-01   -0.36259966E-03   -0.31678151E-03
  0.2500   -0.39387916E+04   -0.10721262E+05    0.36353884E+04   -0.87310562E+00   -0.45661295E-03   -0.11640668E-01   -0.58837159E+01   -0.67383738E+03    0.42200903E+01   -0.86782923E+00    0.53681427E-05   -0.76147125E-05    0.00000000E+00    0.10459706E+05    0.32292964E+03    0.34495667E+00    0.14904941E-03   -0.84442428E-03    0.00000000E+00   -0.73606400E+01    0.55552011E+02    0.23504867E-01   -0.24124614E-03   -0.41214857E-03
  0.2600   -0.36560327E+04   -0.98810578E+04    0.33734039E+04   -0.81176706E+00   -0.41484980E-03   -0.10792925E-01   -0.40646908E+01   -0.60843107E+03   -0.58699840E+02   -0.80309660E+00   -0.74752802E-04    0.10583374E-03    0.00000000E+00    0.96490264E+04    0.29462888E+03    0.34326171E+00    0.14106627E-03   -0.76534184E-03    0.00000000E+00    0.55793712E+02    0.38130690E+02    0.20645313E-01   -0.22750558E-03   -0.34481237E-03
  0.2700   -0.33972781E+04   -0.91580331E+04    0.31144333E+04   -0.75723594E+00   -0.41091692E-03   -0.99922846E-02    0.24028416E+01   -0.59763458E+03   -0.56335892E+02   -0.74480413E+00   -0.71742372E-04    0.10157163E-03    0.00000000E+00    0.89484896E+04    0.29169948E+03    0.34173895E+00    0.16630605E-03   -0.73108993E-03    0.00000000E+00    0.53640858E+02   -0.32386537E+02    0.17671721E-01   -0.28004611E-03   -0.18041087E-03
  0.2800   -0.31592690E+04   -0.85364265E+04    0.29015510E+04   -0.70810326E+00   -0.38133767E-03   -0.93077857E-02    0.37750455E+01   -0.55151552E+03    0.45786636E+01   -0.69202273E+00    0.58253030E-05   -0.82606813E-05    0.00000000E+00    0.83435505E+04    0.27175005E+03    0.33990548E+00    0.16208006E-03   -0.67394268E-03    0.00000000E+00   -0.70825652E+01   -0.48426140E+02    0.15533614E-01   -0.27350774E-03   -0.12452762E-03
  0.2900   -0.29476608E+04   -0.79669641E+04    0.27392499E+04   -0.66353623E+00   -0.31529287E-03   -0.87424311E-02   -0.13187122E+01   -0.45446737E+03    0.32775492E+02   -0.64487283E+00    0.41730813E-04   -0.59101026E-04    0.00000000E+00    0.77900177E+04    0.22737796E+03    0.33769707E+00    0.11792821E-03   -0.58158646E-03    0.00000000E+00   -0.35108660E+02    0.75191572E+01    0.14344847E-01   -0.18698551E-03   -0.21011774E-03
  0.3000   -0.27628269E+04   -0.74262357E+04    0.25868347E+04   -0.62332280E+00   -0.26330569E-03   -0.82215478E-02   -0.47631291E+01   -0.37773724E+03   -0.68324226E+01   -0.60302869E+00   -0.87050248E-05    0.12314514E-04    0.00000000E+00    0.72664263E+04    0.19225512E+03    0.33554668E+00    0.84814154E-04   -0.50664721E-03    0.00000000E+00    0.46507706E+01    0.46934361E+02    0.13226278E-01   -0.12242011E-03   -0.26681086E-03
  0.3100   -0.25955446E+04   -0.69352260E+04    0.24183457E+04   -0.58719307E+00   -0.25678132E-03   -0.76966771E-02   -0.16407255E+01   -0.36574261E+03   -0.47898572E+02   -0.56521893E+00   -0.60997777E-04    0.86359311E-04    0.00000000E+00    0.67906573E+04    0.18748066E+03    0.33373041E+00    0.94795997E-04   -0.48197703E-03    0.00000000E+00    0.45853823E+02    0.14030116E+02    0.11613831E-01   -0.14393929E-03   -0.18710210E-03
  0.3200   -0.24376457E+04   -0.65138532E+04    0.22557864E+04   -0.55443578E+00   -0.26334648E-03   -0.72031382E-02    0.29530694E+01   -0.37274450E+03   -0.28620603E+02   -0.53030635E+00   -0.36449462E-04    0.51600109E-04    0.00000000E+00    0.63799338E+04    0.19155528E+03    0.33199963E+00    0.11603642E-03   -0.47327193E-03    0.00000000E+00    0.26702265E+02   -0.36521524E+02    0.99939463E-02   -0.18787844E-03   -0.75522162E-04
  0.3300   -0.22906769E+04   -0.61430513E+04    0.21300958E+04   -0.52430965E+00   -0.23906562E-03   -0.67921777E-02    0.22469752E+01   -0.33651930E+03    0.18956129E+02   -0.49820245E+00    0.24134091E-04   -0.34183307E-04    0.00000000E+00    0.60171657E+04    0.17508933E+03    0.33000503E+00    0.10479127E-03   -0.43386056E-03    0.00000000E+00   -0.20758229E+02   -0.29399907E+02    0.90553878E-02   -0.16675786E-03   -0.76310802E-04
  0.3400   -0.21601182E+04   -0.57883263E+04    0.20331084E+04   -0.49655801E+00   -0.19276561E-03   -0.64475018E-02   -0.22058724E+01   -0.26938457E+03    0.24168111E+02   -0.46928290E+00    0.30771034E-04   -0.43580713E-04    0.00000000E+00    0.56715358E+04    0.14385652E+03    0.32782465E+00    0.69934630E-04   -0.37263135E-03    0.00000000E+00   -0.25865506E+02    0.19861436E+02    0.86331533E-02   -0.98333669E-04   -0.15943619E-03
  0.3600   -0.19371391E+04   -0.51360088E+04    0.18142044E+04   -0.44824413E+00   -0.17590952E-03   -0.57572006E-02    0.59917807E-02   -0.24276148E+03   -0.37651774E+02   -0.41923881E+00   -0.47949055E-04    0.67884372E-04    0.00000000E+00    0.50379664E+04    0.13185851E+03    0.32409121E+00    0.72145808E-04   -0.33350900E-03    0.00000000E+00    0.36135557E+02   -0.25458853E+01    0.69360616E-02   -0.10511926E-03   -0.97286999E-04
  0.3700   -0.18331637E+04   -0.48723721E+04    0.17079216E+04   -0.42703072E+00   -0.18145929E-03   -0.54357778E-02    0.28593728E+01   -0.24956835E+03   -0.99167396E+01   -0.39663074E+00   -0.12631709E-04    0.17876547E-04    0.00000000E+00    0.47795669E+04    0.13529386E+03    0.32235544E+00    0.85879983E-04   -0.33034348E-03    0.00000000E+00    0.84823702E+01   -0.34203115E+02    0.60121916E-02   -0.13367335E-03   -0.28449512E-04
  0.3800   -0.17364368E+04   -0.46326134E+04    0.16311537E+04   -0.40720971E+00   -0.15794519E-03   -0.51760918E-02    0.94090649E+00   -0.21544876E+03    0.23511749E+02   -0.37569984E+00    0.29935720E-04   -0.42396768E-04    0.00000000E+00    0.45442030E+04    0.11934295E+03    0.32039712E+00    0.69730834E-04   -0.29742061E-03    0.00000000E+00   -0.24870345E+02   -0.13468125E+02    0.56490958E-02   -0.10240355E-03   -0.60969664E-04
  0.3900   -0.16510189E+04   -0.43938264E+04    0.15682356E+04   -0.38878115E+00   -0.12531518E-03   -0.49498982E-02   -0.25281474E+01   -0.16851509E+03    0.13727161E+02   -0.35677946E+00    0.17476267E-04   -0.24754522E-04    0.00000000E+00    0.43114281E+04    0.97251145E+02    0.31838017E+00    0.43633609E-04   -0.25555372E-03    0.00000000E+00   -0.15017264E+02    0.25133926E+02    0.55130875E-02   -0.51184728E-04   -0.12850775E-03
  0.4000   -0.15743209E+04   -0.41619444E+04    0.14935099E+04   -0.37187585E+00   -0.11704283E-03   -0.47117366E-02   -0.22969039E+01   -0.15609232E+03   -0.21046394E+02   -0.33952713E+00   -0.26803711E-04    0.37944261E-04    0.00000000E+00    0.40862347E+04    0.91392791E+02    0.31658031E+00    0.41198810E-04   -0.23996564E-03    0.00000000E+00    0.19818742E+02    0.23452273E+02    0.50472109E-02   -0.47241938E-04   -0.11939145E-03
  0.4100   -0.15004059E+04   -0.39580253E+04    0.14088962E+04   -0.35634103E+00   -0.12974827E-03   -0.44641332E-02    0.10541071E+01   -0.17345602E+03   -0.27251658E+02   -0.32325050E+00   -0.34705269E-04    0.49132825E-04    0.00000000E+00    0.38870750E+04    0.99587084E+02    0.31497294E+00    0.59246362E-04   -0.24712734E-03    0.00000000E+00    0.26082923E+02   -0.13097216E+02    0.42956514E-02   -0.84218753E-04   -0.43925951E-04
  0.4200   -0.14280788E+04   -0.37836898E+04    0.13382838E+04   -0.34179837E+00   -0.13069516E-03   -0.42478453E-02    0.23931574E+01   -0.17432664E+03    0.26726073E+01   -0.30775045E+00    0.33998183E-05   -0.48222982E-05    0.00000000E+00    0.37153336E+04    0.99989079E+02    0.31329204E+00    0.65118011E-04   -0.24249240E-03    0.00000000E+00   -0.37852350E+01   -0.28152614E+02    0.37857218E-02   -0.96801621E-04   -0.10191789E-04
  0.4300   -0.13615264E+04   -0.36179239E+04    0.12901213E+04   -0.32805124E+00   -0.10792153E-03   -0.40769025E-02   -0.87470121E-01   -0.14172757E+03    0.22459504E+02   -0.29340171E+00    0.28596212E-04   -0.40499108E-04    0.00000000E+00    0.35523825E+04    0.84550451E+02    0.31143948E+00    0.46804447E-04   -0.21330995E-03    0.00000000E+00   -0.23520195E+02   -0.10089890E+01    0.37093483E-02   -0.60974866E-04   -0.57870772E-04
  0.4400   -0.13030850E+04   -0.34476649E+04    0.12454425E+04   -0.31521466E+00   -0.86283138E-04   -0.39178124E-02   -0.24411423E+01   -0.11075207E+03    0.39432064E+01   -0.28040380E+00    0.50179464E-05   -0.71130920E-05    0.00000000E+00    0.33865368E+04    0.69827941E+02    0.30961795E+00    0.29152555E-04   -0.18566892E-03    0.00000000E+00   -0.49568512E+01    0.25367013E+02    0.36570309E-02   -0.26435055E-04   -0.10447515E-03
  0.4500   -0.12493069E+04   -0.32847879E+04    0.11871606E+04   -0.30339360E+00   -0.88181006E-04   -0.37404096E-02   -0.11764021E+01   -0.11309311E+03   -0.22637548E+02   -0.26835933E+00   -0.28829431E-04    0.40813630E-04    0.00000000E+00    0.32281363E+04    0.70815154E+02    0.30801145E+00    0.34672137E-04   -0.18318644E-03    0.00000000E+00    0.21667495E+02    0.12042241E+02    0.32569819E-02   -0.38204255E-04   -0.75251488E-04
  0.4600   -0.11958831E+04   -0.31453779E+04    0.11246737E+04   -0.29241206E+00   -0.10057038E-03   -0.35605616E-02    0.16226624E+01   -0.13034915E+03   -0.17159302E+02   -0.25677616E+00   -0.21853451E-04    0.30936114E-04    0.00000000E+00    0.30913243E+04    0.78853490E+02    0.30651464E+00    0.50436834E-04   -0.19215121E-03    0.00000000E+00    0.16231173E+02   -0.18691270E+02    0.27163015E-02   -0.70431951E-04   -0.12929377E-04
  0.4700   -0.11435691E+04   -0.30243243E+04    0.10778202E+04   -0.28198695E+00   -0.96456113E-04   -0.34123054E-02    0.17373928E+01   -0.12434331E+03    0.10480657E+02   -0.24568967E+00    0.13342863E-04   -0.18900252E-04    0.00000000E+00    0.29715768E+04    0.75908784E+02    0.30490693E+00    0.49461382E-04   -0.18406745E-03    0.00000000E+00   -0.11368661E+02   -0.20240334E+02    0.24728861E-02   -0.69149442E-04   -0.68812664E-05
  0.4800   -0.10963047E+04   -0.29029972E+04    0.10464972E+04   -0.27205986E+00   -0.75611783E-04   -0.32950977E-02   -0.81521836E+00   -0.94704661E+02    0.18193601E+02   -0.23547742E+00    0.23164412E-04   -0.32807113E-04    0.00000000E+00    0.28523887E+04    0.61779139E+02    0.30318535E+00    0.31464838E-04   -0.15859498E-03    0.00000000E+00   -0.19044646E+02    0.78607332E+01    0.25294861E-02   -0.33796879E-04   -0.57979954E-04
  0.4900   -0.10547922E+04   -0.27765459E+04    0.10117065E+04   -0.26278528E+00   -0.63175473E-04   -0.31756300E-02   -0.20723156E+01   -0.76952717E+02   -0.40216755E+01   -0.22619010E+00   -0.51240462E-05    0.72483977E-05    0.00000000E+00    0.27293685E+04    0.53234453E+02    0.30155476E+00    0.21593316E-04   -0.14217929E-03    0.00000000E+00    0.32042403E+01    0.22146448E+02    0.24734964E-02   -0.14668215E-04   -0.82800435E-04
  0.5000   -0.10152982E+04   -0.26592417E+04    0.96451613E+03   -0.25421315E+00   -0.70827094E-04   -0.30381032E-02   -0.23126148E+00   -0.87630326E+02   -0.21236678E+02   -0.21741635E+00   -0.27045269E-04    0.38288099E-04    0.00000000E+00    0.26150331E+04    0.58112044E+02    0.30011108E+00    0.31615916E-04   -0.14716231E-03    0.00000000E+00    0.20450993E+02    0.22581550E+01    0.21102823E-02   -0.35303186E-04   -0.42250264E-04
  0.5500   -0.84114713E+03   -0.21979272E+04    0.79798101E+03   -0.21770688E+00   -0.59561930E-04   -0.25145027E-02    0.49564676E+00   -0.71435566E+02   -0.17668843E+02   -0.17969225E+00   -0.22501793E-04    0.31855345E-04    0.00000000E+00    0.21621871E+04    0.49635680E+02    0.29282160E+00    0.29927099E-04   -0.12277410E-03    0.00000000E+00    0.17019666E+02   -0.53160877E+01    0.13495360E-02   -0.34551957E-04   -0.18197332E-04
  0.6000   -0.70800227E+03   -0.18482298E+04    0.67058071E+03   -0.18986389E+00   -0.51457203E-04   -0.21144586E-02    0.98604742E+00   -0.60059651E+02   -0.12793629E+02   -0.15097422E+00   -0.16293559E-04    0.23065273E-04    0.00000000E+00    0.18184562E+04    0.43402714E+02    0.28607440E+00    0.28477405E-04   -0.10504845E-03    0.00000000E+00    0.12248354E+02   -0.10409863E+02    0.83539774E-03   -0.33840373E-04   -0.18150513E-05
  0.6500   -0.60392032E+03   -0.15768973E+04    0.57135641E+03   -0.16814212E+00   -0.44913875E-04   -0.18026577E-02    0.12444211E+01   -0.51076864E+02   -0.74226075E+01   -0.12860648E+00   -0.94540329E-05    0.13381175E-04    0.00000000E+00    0.15514617E+04    0.38321624E+02    0.27980458E+00    0.26702610E-04   -0.91191570E-04    0.00000000E+00    0.69582488E+01   -0.13028072E+02    0.48682265E-03   -0.32141271E-04    0.79388115E-05
  0.7000   -0.52103924E+03   -0.13620682E+04    0.49292199E+03   -0.15086786E+00   -0.39097182E-04   -0.15555422E-02    0.12948143E+01   -0.43215974E+02   -0.22598969E+01   -0.11084777E+00   -0.28797628E-05    0.40726747E-05    0.00000000E+00    0.13398862E+04    0.33815685E+02    0.27395529E+00    0.24391812E-04   -0.79640119E-04    0.00000000E+00    0.18597715E+01   -0.13406587E+02    0.25314307E-03   -0.29105089E-04    0.12139474E-04
  0.7500   -0.45400998E+03   -0.11889007E+04    0.43010487E+03   -0.13690318E+00   -0.33632513E-04   -0.13568244E-02    0.11763731E+01   -0.35895979E+02    0.21411616E+01   -0.96517691E-01    0.27246139E-05   -0.38625415E-05    0.00000000E+00    0.11692393E+04    0.29619294E+02    0.26847820E+00    0.21561905E-04   -0.69560079E-04    0.00000000E+00   -0.24894625E+01   -0.11957693E+02    0.10033378E-03   -0.24818699E-04    0.11968428E-04
  0.8000   -0.39908526E+03   -0.10470556E+04    0.37916130E+03   -0.12545304E+00   -0.28423620E-04   -0.11948906E-02    0.93796259E+00   -0.28951441E+02    0.54048342E+01   -0.84792559E-01    0.68806253E-05   -0.97470233E-05    0.00000000E+00    0.10294132E+04    0.25655832E+02    0.26333269E+00    0.18370852E-04   -0.60557780E-04    0.00000000E+00   -0.57107376E+01   -0.92075625E+01    0.40502862E-05   -0.19637824E-04    0.86886907E-05
  0.8500   -0.35356935E+03   -0.92918194E+03    0.33730972E+03   -0.11594855E+00   -0.23532919E-04   -0.10612461E-02    0.63238863E+00   -0.22453927E+02    0.73421936E+01   -0.75082672E-01    0.93477410E-05   -0.13240078E-04    0.00000000E+00    0.91321121E+03    0.21957141E+02    0.25848461E+00    0.15051241E-04   -0.52498590E-04    0.00000000E+00   -0.76129918E+01   -0.57305001E+01   -0.53949966E-04   -0.14057999E-04    0.35715415E-05
  0.9000   -0.31547539E+03   -0.82997026E+03    0.30244616E+03   -0.10797406E+00   -0.19097359E-04   -0.94955486E-03    0.31078693E+00   -0.16587765E+02    0.79427495E+01   -0.66956078E-01    0.10112577E-04   -0.14322816E-04    0.00000000E+00    0.81542481E+03    0.18606782E+02    0.25390504E+00    0.11856865E-04   -0.45385787E-04    0.00000000E+00   -0.81841710E+01   -0.20856893E+01   -0.87647917E-04   -0.86105577E-05   -0.21940596E-05
  0.9500   -0.28330626E+03   -0.74553724E+03    0.27296564E+03   -0.10122006E+00   -0.15267845E-04   -0.85503030E-03    0.17716991E-01   -0.11561359E+02    0.73502778E+01   -0.60089810E-01    0.93582232E-05   -0.13254466E-04    0.00000000E+00    0.73223523E+03    0.15699139E+02    0.24956919E+00    0.90207116E-05   -0.39276749E-04    0.00000000E+00   -0.75668823E+01    0.12379061E+01   -0.10769025E-03   -0.37800829E-05   -0.75884271E-05
  1.0000   -0.25591178E+03   -0.67301177E+03    0.24764580E+03   -0.95452024E-01   -0.12166827E-04   -0.77403430E-03   -0.21259819E+00   -0.75455864E+01    0.58262090E+01   -0.54237964E-01    0.74175555E-05   -0.10506427E-04    0.00000000E+00    0.66081058E+03    0.13310823E+02    0.24545544E+00    0.67241429E-05   -0.34225808E-04    0.00000000E+00   -0.60216661E+01    0.38637599E+01   -0.12189220E-03    0.55746203E-07   -0.11830880E-04
  1.1000   -0.21204264E+03   -0.55561761E+03    0.20605016E+03   -0.86191010E-01   -0.83528517E-05   -0.64225384E-03   -0.41208019E+00   -0.28303782E+01    0.13474342E+01   -0.44857943E-01    0.17144831E-05   -0.24308177E-05    0.00000000E+00    0.54526753E+03    0.10211202E+02    0.23781955E+00    0.41131296E-05   -0.27301022E-04    0.00000000E+00   -0.15090014E+01    0.62176320E+01   -0.15179617E-03    0.39705182E-05   -0.15157654E-04
  1.2000   -0.17869150E+03   -0.46599819E+03    0.17292268E+03   -0.79161741E-01   -0.73939089E-05   -0.53938017E-03   -0.26989894E+00   -0.20754935E+01   -0.27685970E+01   -0.37730867E-01   -0.35266512E-05    0.49907716E-05    0.00000000E+00    0.45708156E+03    0.91071901E+01    0.23086502E+00    0.39908820E-05   -0.24026843E-04    0.00000000E+00    0.26327722E+01    0.47752962E+01   -0.19520088E-03    0.31266929E-05   -0.11564220E-04
  1.3000   -0.15256607E+03   -0.39679553E+03    0.14598932E+03   -0.73705238E-01   -0.81572571E-05   -0.45728466E-03    0.70791346E-01   -0.36876685E+01   -0.46234106E+01   -0.32170207E-01   -0.58884733E-05    0.83351725E-05    0.00000000E+00    0.38892713E+03    0.92236755E+01    0.22448135E+00    0.53558810E-05   -0.23020204E-04    0.00000000E+00    0.45076648E+01    0.11116245E+01   -0.24610156E-03   -0.52335038E-06   -0.39431965E-05
  1.4000   -0.13158387E+03   -0.34283232E+03    0.12427543E+03   -0.69382446E-01   -0.92004086E-05   -0.39152632E-03    0.40533939E+00   -0.56362600E+01   -0.37970499E+01   -0.27734036E-01   -0.48361116E-05    0.68452849E-05    0.00000000E+00    0.33568629E+03    0.95832917E+01    0.21857678E+00    0.68438965E-05   -0.22638527E-04    0.00000000E+00    0.36973183E+01   -0.25149385E+01   -0.28830747E-03   -0.42872517E-05    0.34498061E-05
  1.5000   -0.11445192E+03   -0.30007772E+03    0.10721750E+03   -0.65893946E-01   -0.94110260E-05   -0.33925924E-03    0.57358886E+00   -0.63565640E+01   -0.12296006E+01   -0.24135351E-01   -0.15667007E-05    0.22160920E-05    0.00000000E+00    0.29342764E+03    0.94322668E+01    0.21307804E+00    0.73909174E-05   -0.21626887E-04    0.00000000E+00    0.11428566E+01   -0.43311176E+01   -0.30815779E-03   -0.60634828E-05    0.72609412E-05
  1.6000   -0.10036013E+03   -0.26532058E+03    0.94125692E+02   -0.63033760E-01   -0.84089554E-05   -0.29798101E-03    0.52575628E+00   -0.53178193E+01    0.14818012E+01   -0.21183712E-01    0.18860163E-05   -0.26726563E-05    0.00000000E+00    0.25905495E+03    0.85080473E+01    0.20792984E+00    0.66476582E-05   -0.19526840E-04    0.00000000E+00   -0.15578960E+01   -0.37779139E+01   -0.30228380E-03   -0.51733183E-05    0.64492075E-05
  2.0000   -0.64441719E+02   -0.17032034E+03    0.61855794E+02   -0.55578645E-01   -0.31528859E-05   -0.19344853E-03   -0.11394128E-01    0.94292109E+00   -0.89896097E+00   -0.13569641E-01   -0.11454164E-05    0.16201832E-05    0.00000000E+00    0.16559898E+03    0.42300687E+01    0.19017116E+00    0.19841233E-05   -0.11029430E-04    0.00000000E+00    0.85031729E+00    0.22447250E+01   -0.22822158E-03    0.23688004E-05   -0.45369615E-05
  2.5000   -0.41021234E+02   -0.11098780E+03    0.38015001E+02   -0.50918285E-01   -0.40372614E-05   -0.12098814E-03    0.31665377E+00   -0.12786549E+01    0.15371929E+01   -0.86554618E-02    0.19568739E-05   -0.27722080E-05    0.00000000E+00    0.10715694E+03    0.42087911E+01    0.17258419E+00    0.31818643E-05   -0.97662296E-05    0.00000000E+00   -0.15681415E+01   -0.13048970E+01   -0.23379255E-03   -0.14484696E-05    0.25659680E-05
  3.0000   -0.28711180E+02   -0.76823009E+02    0.26254559E+02   -0.48445808E-01   -0.29204901E-05   -0.83691069E-04    0.25196845E+00   -0.36074616E+00   -0.13453147E+01   -0.60297651E-02   -0.17135604E-05    0.24252197E-05    0.00000000E+00    0.73762332E+02    0.30581251E+01    0.15832181E+00    0.22085808E-05   -0.71995579E-05    0.00000000E+00    0.13238058E+01   -0.54934026E+00   -0.20200152E-03   -0.44500245E-06    0.12450100E-05
  4.0000   -0.16053448E+02   -0.44408160E+02    0.13990156E+02   -0.46144102E-01   -0.25856534E-05   -0.45625529E-04    0.32201948E+00   -0.72633431E+00   -0.49196659E-01   -0.33758172E-02   -0.62987401E-07    0.88363175E-07    0.00000000E+00    0.42020420E+02    0.23369192E+01    0.13612461E+00    0.19995195E-05   -0.51898726E-05    0.00000000E+00    0.37210912E-01   -0.12872334E+01   -0.17226290E-03   -0.11970393E-05    0.27630570E-05
  5.0000   -0.10193073E+02   -0.29280930E+02    0.88606954E+01   -0.45218482E-01   -0.17098985E-05   -0.28969297E-04    0.25167367E+00    0.31377893E-02    0.60878907E+00   -0.21469176E-02    0.77495079E-06   -0.10979523E-05    0.00000000E+00    0.27284411E+02    0.14610729E+01    0.11922286E+00    0.11776428E-05   -0.33172605E-05    0.00000000E+00   -0.61637795E+00   -0.49843280E+00   -0.13983386E-03   -0.24779556E-06    0.12856031E-05
  6.0000   -0.70881011E+01   -0.20663670E+02    0.62065882E+01   -0.44822627E-01   -0.10657829E-05   -0.20159980E-04    0.19318374E+00    0.57298678E+00    0.21802242E+00   -0.14872271E-02    0.27741132E-06   -0.39332161E-06    0.00000000E+00    0.18963389E+02    0.84212743E+00    0.10567763E+00    0.56362856E-06   -0.20271260E-05    0.00000000E+00   -0.22325823E+00    0.15339705E+00   -0.11577218E-03    0.52243186E-06    0.50515017E-07
  7.0000   -0.52462477E+01   -0.15299182E+02    0.43705101E+01   -0.44667776E-01   -0.99939914E-06   -0.14445012E-04    0.21228289E+00    0.42270963E+00   -0.29666204E+00   -0.10924219E-02   -0.37794977E-06    0.53471322E-06    0.00000000E+00    0.13819829E+02    0.66675896E+00    0.94452496E-01    0.51734646E-06   -0.15338975E-05    0.00000000E+00    0.29283025E+00   -0.52395144E-01   -0.10426035E-03    0.29181588E-06    0.45300640E-06
  8.0000   -0.40136976E+01   -0.11949369E+02    0.30446380E+01   -0.44629743E-01   -0.11403593E-05   -0.10507006E-04    0.25602869E+00    0.39843136E-01   -0.24319929E+00   -0.83220238E-03   -0.30984520E-06    0.43834285E-06    0.00000000E+00    0.10612669E+02    0.66566768E+00    0.84923534E-01    0.67342977E-06   -0.13744570E-05    0.00000000E+00    0.24029057E+00   -0.53229933E+00   -0.98287225E-04   -0.25977101E-06    0.13778160E-05
  9.0000   -0.31372490E+01   -0.97682589E+01    0.22711194E+01   -0.44647689E-01   -0.10583945E-05   -0.80453573E-05    0.25964263E+00    0.12513835E-01    0.11866007E+00   -0.65045787E-03    0.15096362E-06   -0.21408697E-06    0.00000000E+00    0.85260380E+01    0.53940543E+00    0.76686450E-01    0.60372134E-06   -0.10557272E-05    0.00000000E+00   -0.12092557E+00   -0.57246139E+00   -0.90211364E-04   -0.30419039E-06    0.14569528E-05
 10.0000   -0.25271680E+01   -0.81231788E+01    0.18767091E+01   -0.44692164E-01   -0.78902424E-06   -0.65626073E-05    0.23033293E+00    0.27843387E+00    0.21619726E+00   -0.52216842E-03    0.27516847E-06   -0.38994946E-06    0.00000000E+00    0.69659317E+01    0.30438108E+00    0.69467741E-01    0.34473974E-06   -0.59167044E-06    0.00000000E+00   -0.21801011E+00   -0.25125341E+00   -0.80207211E-04    0.68627279E-07    0.84159335E-06
 12.0000   -0.17845840E+01   -0.57318601E+01    0.11828725E+01   -0.44809741E-01   -0.68379294E-06   -0.43228295E-05    0.23289463E+00    0.25421875E+00   -0.16852225E+00   -0.36044681E-03   -0.21469360E-06    0.30375503E-06    0.00000000E+00    0.47283747E+01    0.15592220E+00    0.57363169E-01    0.25681054E-06   -0.22287478E-06    0.00000000E+00    0.16727729E+00   -0.28376049E+00   -0.69656343E-04    0.31153311E-07    0.90412548E-06
 16.0000   -0.99772575E+00   -0.35010044E+01    0.56926771E+00   -0.44980996E-01   -0.48565351E-06   -0.22369715E-05    0.22444994E+00    0.31569203E+00   -0.60559416E-01   -0.19470943E-03   -0.77191836E-07    0.10911558E-06    0.00000000E+00    0.26604537E+01   -0.61752550E-01    0.39452198E-01    0.85956815E-07    0.27593484E-06    0.00000000E+00    0.59892924E-01   -0.20644581E+00   -0.54466522E-04    0.11758411E-06    0.75270228E-06
 20.0000   -0.62896037E+00   -0.24386832E+01    0.28389894E+00   -0.44970901E-01   -0.40194293E-06   -0.12753410E-05    0.22358675E+00    0.29994482E+00    0.20778193E-01   -0.11778908E-03    0.26409733E-07   -0.37513133E-07    0.00000000E+00    0.16957277E+01   -0.15717832E+00    0.26800439E-01    0.24457778E-07    0.50800747E-06    0.00000000E+00   -0.21178668E-01   -0.21889197E+00   -0.45244454E-04    0.97783993E-07    0.77119202E-06
 25.0000   -0.39860443E+00   -0.16892956E+01    0.11135030E+00   -0.44677049E-01   -0.33937419E-06   -0.68193673E-06    0.22182817E+00    0.27721984E+00   -0.14906210E-01   -0.69546910E-04   -0.19016864E-07    0.26841200E-07    0.00000000E+00    0.10304421E+01   -0.21846433E+00    0.15497036E-01   -0.14097820E-07    0.65799460E-06    0.00000000E+00    0.14670928E-01   -0.23456285E+00   -0.37391066E-04    0.70708708E-07    0.79232728E-06
 30.0000   -0.26957343E+00   -0.12619387E+01    0.21754883E-01   -0.44090584E-01   -0.30270327E-06   -0.36963087E-06    0.21950175E+00    0.25071632E+00   -0.31372455E-01   -0.43339868E-04   -0.39974989E-07    0.56540492E-07    0.00000000E+00    0.65981094E+00   -0.24512242E+00    0.74621137E-02   -0.29196005E-07    0.72490845E-06    0.00000000E+00    0.31226192E-01   -0.25177462E+00   -0.31841770E-04    0.39770377E-07    0.81433993E-06
 40.0000   -0.13085190E+00   -0.81177046E+00   -0.58774729E-01   -0.42163396E-01   -0.25865480E-06   -0.77837862E-07    0.21151916E+00    0.20379863E+00   -0.28607883E-01   -0.17078771E-04   -0.36443396E-07    0.51567043E-07    0.00000000E+00    0.28206698E+00   -0.25287614E+00   -0.25473231E-02   -0.34112660E-07    0.74384564E-06    0.00000000E+00    0.28550223E-01   -0.27089610E+00   -0.24200657E-04   -0.98872474E-08    0.82350839E-06
 50.0000   -0.55958412E-01   -0.58681138E+00   -0.81750875E-01   -0.39422986E-01   -0.22140711E-06    0.30094559E-07    0.19818270E+00    0.17694507E+00   -0.56582198E-02   -0.46798319E-05   -0.72117563E-08    0.10195418E-07    0.00000000E+00    0.10317981E+00   -0.23795324E+00   -0.76060917E-02   -0.35006770E-07    0.69704212E-06    0.00000000E+00    0.56423266E-02   -0.25638413E+00   -0.18728441E-04   -0.27106555E-07    0.76164386E-06
 60.0000   -0.88779283E-02   -0.45068422E+00   -0.78544756E-01   -0.36069151E-01   -0.18100027E-06    0.60637970E-07    0.18026235E+00    0.16791399E+00    0.12387579E-01    0.20766293E-05    0.15771623E-07   -0.22338023E-07    0.00000000E+00    0.19371465E-02   -0.21519415E+00   -0.96693237E-02   -0.40461294E-07    0.62157063E-06    0.00000000E+00   -0.12380611E-01   -0.21253182E+00   -0.14242500E-04   -0.15783619E-07    0.63805781E-06
 70.0000    0.21997049E-01   -0.35361910E+00   -0.65691852E-01   -0.32276040E-01   -0.14216417E-06    0.59932880E-07    0.15979771E+00    0.16359489E+00    0.14156526E-01    0.59311978E-05    0.18028735E-07   -0.25522970E-07    0.00000000E+00   -0.64535010E-01   -0.18535224E+00   -0.97963875E-02   -0.45264001E-07    0.52496106E-06    0.00000000E+00   -0.14136395E-01   -0.15706085E+00   -0.10368809E-04    0.47890899E-08    0.48797739E-06
 80.0000    0.42148147E-01   -0.27762475E+00   -0.53832104E-01   -0.28202025E-01   -0.11207620E-06    0.53535047E-07    0.13885157E+00    0.15117727E+00    0.33287960E-02    0.80884622E-05    0.42414348E-08   -0.59994067E-08    0.00000000E+00   -0.11101485E+00   -0.14619208E+00   -0.86426946E-02   -0.42207913E-07    0.40754326E-06    0.00000000E+00   -0.33012058E-02   -0.10748427E+00   -0.70082971E-05    0.15663907E-07    0.34633284E-06
 90.0000    0.55145200E-01   -0.21805245E+00   -0.46985962E-01   -0.23995182E-01   -0.92863300E-07    0.51686198E-07    0.11854508E+00    0.12668850E+00   -0.81036193E-02    0.92161590E-05   -0.10313536E-07    0.14616764E-07    0.00000000E+00   -0.14074765E+00   -0.98365324E-01   -0.66566769E-02   -0.29391965E-07    0.27322307E-06    0.00000000E+00    0.81351903E-02   -0.70628930E-01   -0.40929470E-05    0.10346147E-07    0.22763182E-06
100.0000    0.63239545E-01   -0.17370074E+00   -0.43134009E-01   -0.19795542E-01   -0.80185897E-07    0.52513298E-07    0.98909396E-01    0.96151674E-01   -0.10306378E-01    0.96979399E-05   -0.13120209E-07    0.18586745E-07    0.00000000E+00   -0.15420666E+00   -0.46642637E-01   -0.41698140E-02   -0.11534903E-07    0.13195838E-06    0.00000000E+00    0.10339735E-01   -0.41164232E-01   -0.15080609E-05   -0.35225065E-08    0.12311679E-06
110.0000    0.67301366E-01   -0.14161349E+00   -0.37781689E-01   -0.15735332E-01   -0.67157309E-07    0.49075794E-07    0.79525188E-01    0.69642806E-01   -0.26272816E-02    0.97039797E-05   -0.33395109E-08    0.47431636E-08    0.00000000E+00   -0.15366419E+00    0.26157668E-02   -0.14412732E-02    0.40054372E-08   -0.40418128E-08    0.00000000E+00    0.26607860E-02   -0.88051511E-02    0.86776683E-06   -0.12591582E-07    0.14496938E-07
120.0000    0.67171930E-01   -0.11639008E+00   -0.28360782E-01   -0.11937980E-01   -0.49858052E-07    0.37392194E-07    0.60393104E-01    0.53265651E-01    0.71550162E-02    0.92599743E-05    0.91159909E-08   -0.12895988E-07    0.00000000E+00   -0.14377429E+00    0.45136755E-01    0.13189122E-02    0.12808266E-07   -0.12605226E-06    0.00000000E+00   -0.71229325E-02    0.31940408E-01    0.30900077E-05   -0.90719763E-08   -0.10733473E-06
130.0000    0.62500560E-01   -0.92697202E-01   -0.16470032E-01   -0.85163947E-02   -0.30174561E-07    0.20494506E-07    0.42371206E-01    0.45029447E-01    0.99197653E-02    0.83516120E-05    0.12639712E-07   -0.17877853E-07    0.00000000E+00   -0.12933036E+00    0.80639634E-01    0.39375984E-02    0.16244615E-07   -0.23183839E-06    0.00000000E+00   -0.98907596E-02    0.76792856E-01    0.51084951E-05    0.34007376E-08   -0.23284788E-06
140.0000    0.53565209E-01   -0.68234678E-01   -0.65987022E-02   -0.55708898E-02   -0.13976077E-07    0.63244355E-08    0.26882027E-01    0.37311134E-01    0.28087150E-02    0.70176249E-05    0.35825494E-08   -0.50582942E-08    0.00000000E+00   -0.11262253E+00    0.11166489E+00    0.62721358E-02    0.19709394E-07   -0.32382095E-06    0.00000000E+00   -0.27842886E-02    0.11476634E+00    0.68040931E-05    0.13301052E-07   -0.33977072E-06
150.0000    0.41535476E-01   -0.44592238E-01   -0.25876634E-02   -0.31870296E-02   -0.63389284E-08    0.16218631E-08    0.15148998E-01    0.23570214E-01   -0.84063902E-02    0.53823361E-05   -0.10700346E-07    0.15161410E-07    0.00000000E+00   -0.92655421E-01    0.14040945E+00    0.82071916E-02    0.27845023E-07   -0.40411625E-06    0.00000000E+00    0.84251271E-02    0.13642648E+00    0.80705762E-05    0.10743583E-07   -0.40896431E-06
160.0000    0.28050081E-01   -0.25331676E-01   -0.46911387E-02   -0.14336298E-02   -0.75578270E-08    0.68741802E-08    0.75632743E-02    0.39117566E-02   -0.13629478E-01    0.36139671E-05   -0.17357520E-07    0.24572753E-07    0.00000000E+00   -0.66813198E-01    0.16611167E+00    0.96533541E-02    0.40596967E-07   -0.47043563E-06    0.00000000E+00    0.13642040E-01    0.14073331E+00    0.88829508E-05   -0.46165799E-08   -0.43757418E-06
170.0000    0.14552074E-01   -0.13116530E-01   -0.97303006E-02   -0.36108901E-03   -0.13360186E-07    0.16574501E-07    0.37046083E-02   -0.15213173E-01   -0.50662608E-02    0.18579807E-05   -0.64514648E-08    0.91345833E-08    0.00000000E+00   -0.33363557E-01    0.18520539E+00    0.10546695E-01    0.53424925E-07   -0.51634838E-06    0.00000000E+00    0.50727482E-02    0.13471093E+00    0.92937094E-05   -0.24071790E-07   -0.43850191E-06
179.9000    0.14171222E-02   -0.75079003E-03   -0.92456970E-01   -0.10475591E-05   -0.12392591E-06    0.16051242E-06    0.19436160E-01   -0.17514653E+00    0.35512692E-02    0.55347792E-07    0.44996375E-08   -0.64256296E-08    0.00000000E+00    0.10150196E-02    0.26411140E+00    0.10849604E-01    0.16632660E-06   -0.64619632E-06    0.00000000E+00   -0.35509163E-02   -0.54892948E-01    0.76634983E-05   -0.24765595E-06   -0.78781083E-07
180.0000    0.00000000E+00    0.00000000E+00    0.00000000E+00    0.00000000E+00    0.00000000E+00    0.00000000E+00    0.00000000E+00    0.00000000E+00    0.00000000E+00    0.00000000E+00    0.00000000E+00    0.00000000E+00    0.00000000E+00    0.00000000E+00    0.14037123E+01    0.14323595E+03    0.18734882E-05   -0.24449487E-05    0.00000000E+00    0.00000000E+00   -0.30043121E+01   -0.30656246E+03   -0.36610597E-05    0.55815265E-05
