0.000000000000000000e+00 0.000000000000000000e+00
1.000000000000000000e+00 7.696554660000000325e+00
2.000000000000000000e+00 1.539310930000000077e+01
3.000000000000000000e+00 2.308966260000000048e+01
4.000000000000000000e+00 3.078621860000000154e+01
5.000000000000000000e+00 3.848277279999999934e+01
6.000000000000000000e+00 4.617932509999999979e+01
7.000000000000000000e+00 5.387588120000000202e+01
8.000000000000000000e+00 6.157243729999999715e+01
9.000000000000000000e+00 6.926898959999999761e+01
1.000000000000000000e+01 7.696554570000000695e+01
1.100000000000000000e+01 8.466210169999999380e+01
1.200000000000000000e+01 9.235865019999999959e+01
1.300000000000000000e+01 1.000552059999999983e+02
1.348870750000000029e+01 1.038165740000000028e+02
1.400000000000000000e+01 1.077517619999999994e+02
1.500000000000000000e+01 1.154483110000000039e+02
1.600000000000000000e+01 1.231448749999999990e+02
1.700000000000000000e+01 1.308414150000000120e+02
1.800000000000000000e+01 1.385379790000000071e+02
1.900000000000000000e+01 1.462345280000000116e+02
2.000000000000000000e+01 1.539310910000000092e+02
2.100000000000000000e+01 1.616276400000000137e+02
2.200000000000000000e+01 1.693242030000000113e+02
2.300000000000000000e+01 1.770207519999999874e+02
2.400000000000000000e+01 1.847172999999999945e+02
2.500000000000000000e+01 1.924138639999999896e+02
2.600000000000000000e+01 2.001104129999999941e+02
2.700000000000000000e+01 2.078069920000000081e+02
2.800000000000000000e+01 2.155035249999999962e+02
2.900000000000000000e+01 2.232000730000000033e+02
3.000000000000000000e+01 2.308966220000000078e+02
3.100000000000000000e+01 2.385932009999999934e+02
3.200000000000000000e+01 2.462897490000000005e+02
3.300000000000000000e+01 2.539862980000000050e+02
3.400000000000000000e+01 2.616828310000000215e+02
3.500000000000000000e+01 2.693793949999999882e+02
3.600000000000000000e+01 2.770759580000000142e+02
3.700000000000000000e+01 2.847725219999999808e+02
3.800000000000000000e+01 2.924690550000000258e+02
3.900000000000000000e+01 3.001656189999999924e+02
4.000000000000000000e+01 3.078621830000000159e+02
4.100000000000000000e+01 3.155587160000000040e+02
4.200000000000000000e+01 3.232552800000000275e+02
4.300000000000000000e+01 3.309518429999999967e+02
4.400000000000000000e+01 3.386484070000000202e+02
4.500000000000000000e+01 3.463449400000000082e+02
4.600000000000000000e+01 3.540415039999999749e+02
4.700000000000000000e+01 2.801159999999999854e+02
4.800000000000000000e+01 2.091920000000000073e+02
4.900000000000000000e+01 1.576879999999999882e+02
5.000000000000000000e+01 1.199230000000000018e+02
5.100000000000000000e+01 9.197910000000000252e+01
5.200000000000000000e+01 7.111879999999999313e+01
5.300000000000000000e+01 5.541559999999999775e+01
5.400000000000000000e+01 4.349949999999999761e+01
5.500000000000000000e+01 3.438739999999999952e+01
5.600000000000000000e+01 2.736809999999999832e+01
5.700000000000000000e+01 2.192279999999999873e+01
5.797785950000000099e+01 1.775339999999999918e+01
5.800000000000000000e+01 1.766989999999999839e+01
5.900000000000000000e+01 1.432659999999999911e+01
6.000000000000000000e+01 1.168210000000000015e+01
6.100000000000000000e+01 9.577709999999999724e+00
6.200000000000000000e+01 7.893539999999999779e+00
6.300000000000000000e+01 6.538230000000000430e+00
6.400000000000000000e+01 5.441749999999999865e+00
6.500000000000000000e+01 4.550139999999999851e+00
6.600000000000000000e+01 3.821549999999999780e+00
6.700000000000000000e+01 3.223360000000000003e+00
6.800000000000000000e+01 2.729989999999999917e+00
6.900000000000000000e+01 2.321279999999999788e+00
7.000000000000000000e+01 1.981270000000000087e+00
7.100000000000000000e+01 1.697249999999999925e+00
7.200000000000000000e+01 1.459079999999999933e+00
7.300000000000000000e+01 1.258590000000000098e+00
7.400000000000000000e+01 1.089190000000000103e+00
7.500000000000000000e+01 9.455670000000000464e-01
7.600000000000000000e+01 8.233730000000000215e-01
7.700000000000000000e+01 7.190680000000000405e-01
7.800000000000000000e+01 6.297490000000000032e-01
7.900000000000000000e+01 5.530260000000000176e-01
8.000000000000000000e+01 4.869260000000000255e-01
