0.000000000000000000e+00 0.000000000000000000e+00
1.000000000000000000e+00 3.599023059999999674e+01
2.000000000000000000e+00 7.198046109999999942e+01
3.000000000000000000e+00 1.079706800000000015e+02
4.000000000000000000e+00 1.439609220000000107e+02
5.000000000000000000e+00 1.799511410000000069e+02
6.000000000000000000e+00 2.159413600000000031e+02
7.000000000000000000e+00 2.519316100000000063e+02
8.000000000000000000e+00 2.879218440000000214e+02
9.000000000000000000e+00 3.239120480000000271e+02
1.000000000000000000e+01 3.599022830000000113e+02
1.100000000000000000e+01 3.958925479999999766e+02
1.200000000000000000e+01 4.318827210000000036e+02
1.300000000000000000e+01 4.678729549999999904e+02
1.348870750000000029e+01 4.854616700000000264e+02
1.400000000000000000e+01 4.960708010000000172e+02
1.500000000000000000e+01 5.168204349999999749e+02
1.600000000000000000e+01 5.375700679999999920e+02
1.700000000000000000e+01 5.583197020000000066e+02
1.800000000000000000e+01 5.790693360000000212e+02
1.900000000000000000e+01 5.998189089999999624e+02
2.000000000000000000e+01 6.205686040000000503e+02
2.100000000000000000e+01 6.413181759999999940e+02
2.200000000000000000e+01 6.620678709999999683e+02
2.300000000000000000e+01 6.828175049999999828e+02
2.400000000000000000e+01 7.035670780000000377e+02
2.500000000000000000e+01 7.243167720000000145e+02
2.600000000000000000e+01 7.450663449999999557e+02
2.700000000000000000e+01 7.658160400000000436e+02
2.800000000000000000e+01 7.865656739999999445e+02
2.900000000000000000e+01 8.073152469999999994e+02
3.000000000000000000e+01 8.280648800000000165e+02
3.100000000000000000e+01 8.488145749999999907e+02
3.200000000000000000e+01 8.695641480000000456e+02
3.300000000000000000e+01 8.903137819999999465e+02
3.400000000000000000e+01 9.110634159999999611e+02
3.500000000000000000e+01 9.318129880000000185e+02
3.600000000000000000e+01 9.525626829999999927e+02
3.700000000000000000e+01 9.733123779999999670e+02
3.800000000000000000e+01 9.940618899999999485e+02
3.900000000000000000e+01 1.014811580000000049e+03
4.000000000000000000e+01 1.035561159999999973e+03
4.100000000000000000e+01 1.056310789999999997e+03
4.200000000000000000e+01 1.077060420000000022e+03
4.300000000000000000e+01 9.980760000000000218e+02
4.400000000000000000e+01 7.145819999999999936e+02
4.500000000000000000e+01 5.174519999999999982e+02
4.600000000000000000e+01 3.787690000000000055e+02
4.700000000000000000e+01 2.801159999999999854e+02
4.800000000000000000e+01 2.091920000000000073e+02
4.900000000000000000e+01 1.576879999999999882e+02
5.000000000000000000e+01 1.199230000000000018e+02
5.100000000000000000e+01 9.197910000000000252e+01
5.200000000000000000e+01 7.111879999999999313e+01
5.300000000000000000e+01 5.541559999999999775e+01
5.400000000000000000e+01 4.349949999999999761e+01
5.500000000000000000e+01 3.438739999999999952e+01
5.600000000000000000e+01 2.736809999999999832e+01
5.700000000000000000e+01 2.192279999999999873e+01
5.797785950000000099e+01 1.775339999999999918e+01
5.800000000000000000e+01 1.766989999999999839e+01
5.900000000000000000e+01 1.432659999999999911e+01
6.000000000000000000e+01 1.168210000000000015e+01
6.100000000000000000e+01 9.577709999999999724e+00
6.200000000000000000e+01 7.893539999999999779e+00
6.300000000000000000e+01 6.538230000000000430e+00
6.400000000000000000e+01 5.441749999999999865e+00
6.500000000000000000e+01 4.550139999999999851e+00
6.600000000000000000e+01 3.821549999999999780e+00
6.700000000000000000e+01 3.223360000000000003e+00
6.800000000000000000e+01 2.729989999999999917e+00
6.900000000000000000e+01 2.321279999999999788e+00
7.000000000000000000e+01 1.981270000000000087e+00
7.100000000000000000e+01 1.697249999999999925e+00
7.200000000000000000e+01 1.459079999999999933e+00
7.300000000000000000e+01 1.258590000000000098e+00
7.400000000000000000e+01 1.089190000000000103e+00
7.500000000000000000e+01 9.455670000000000464e-01
7.600000000000000000e+01 8.233730000000000215e-01
7.700000000000000000e+01 7.190680000000000405e-01
7.800000000000000000e+01 6.297490000000000032e-01
7.900000000000000000e+01 5.530260000000000176e-01
8.000000000000000000e+01 4.869260000000000255e-01
