0.000000000000000000e+00 inf
1.000000000000000000e+00 inf
2.000000000000000000e+00 inf
3.000000000000000000e+00 inf
4.000000000000000000e+00 2.011228049417178690e+220
5.000000000000000000e+00 8.226642559934749008e+173
6.000000000000000000e+00 9.888038352148027558e+142
7.000000000000000000e+00 8.202172045833944297e+120
8.000000000000000000e+00 2.275400787644220686e+104
9.000000000000000000e+00 3.041252007785610487e+91
1.000000000000000000e+01 1.538294428742600880e+81
1.100000000000000000e+01 5.833375606340321264e+72
1.200000000000000000e+01 5.635876690354485677e+65
1.300000000000000000e+01 6.571151141048754253e+59
1.348870750000000029e+01 1.736734351272332647e+57
1.400000000000000000e+01 5.422196817525757475e+54
1.500000000000000000e+01 2.140795238377984599e+50
1.600000000000000000e+01 3.015477126166491362e+46
1.700000000000000000e+01 1.210674937690859534e+43
1.800000000000000000e+01 1.163461098173099606e+40
1.900000000000000000e+01 2.331722024044968228e+37
2.000000000000000000e+01 8.727642963305071338e+34
2.100000000000000000e+01 5.580243386130311733e+32
2.200000000000000000e+01 5.665223069393246969e+30
2.300000000000000000e+01 8.597642541117407676e+28
2.400000000000000000e+01 1.854849439294015184e+27
2.500000000000000000e+01 5.453243039924629668e+25
2.600000000000000000e+01 2.108115396453311745e+24
2.700000000000000000e+01 1.039456726050568132e+23
2.800000000000000000e+01 6.368685653561640485e+21
2.900000000000000000e+01 4.740862326657387069e+20
3.000000000000000000e+01 4.204886322170993869e+19
3.100000000000000000e+01 4.368837317596992512e+18
3.200000000000000000e+01 5.238852575038499200e+17
3.300000000000000000e+01 7.156335629812381600e+16
3.400000000000000000e+01 1.100829782983218400e+16
3.500000000000000000e+01 1.887526149054289250e+15
3.600000000000000000e+01 3.574918402925141250e+14
3.700000000000000000e+01 7.418603794006196875e+13
3.800000000000000000e+01 1.674618343753639648e+13
3.900000000000000000e+01 4.085254247104521484e+12
4.000000000000000000e+01 1.070756643290305176e+12
4.100000000000000000e+01 2.999419089862680054e+11
4.200000000000000000e+01 8.936806690424485779e+10
4.300000000000000000e+01 2.819948594789677811e+10
4.400000000000000000e+01 9.386450125757396698e+09
4.500000000000000000e+01 3.283994899663319111e+09
4.600000000000000000e+01 1.203698217387142658e+09
4.700000000000000000e+01 4.608338769398407340e+08
4.800000000000000000e+01 1.837751938304119706e+08
4.900000000000000000e+01 7.614564146435028315e+07
5.000000000000000000e+01 3.270453604926683381e+07
5.100000000000000000e+01 1.452932025882162899e+07
5.200000000000000000e+01 6.663407476238282397e+06
5.300000000000000000e+01 3.148937162339277565e+06
5.400000000000000000e+01 1.530783018934116000e+06
5.500000000000000000e+01 7.642933876017211005e+05
5.600000000000000000e+01 3.913525403080192627e+05
5.700000000000000000e+01 2.052339693773135368e+05
5.797785950000000099e+01 1.115959257805929374e+05
5.800000000000000000e+01 1.100909615730174264e+05
5.900000000000000000e+01 6.033414219713731291e+04
6.000000000000000000e+01 3.374459582520072581e+04
6.100000000000000000e+01 1.924104968101560007e+04
6.200000000000000000e+01 1.117421591019909465e+04
6.300000000000000000e+01 6.603554510122905413e+03
6.400000000000000000e+01 3.967728434140373338e+03
6.500000000000000000e+01 2.421948701405078282e+03
6.600000000000000000e+01 1.500796448066556422e+03
6.700000000000000000e+01 9.434238784596611822e+02
6.800000000000000000e+01 6.012225663216846669e+02
6.900000000000000000e+01 3.881813179687501929e+02
7.000000000000000000e+01 2.537748636091393450e+02
7.100000000000000000e+01 1.678948021370603669e+02
7.200000000000000000e+01 1.123504448008186642e+02
7.300000000000000000e+01 7.600523011151764763e+01
7.400000000000000000e+01 5.195663637417471392e+01
7.500000000000000000e+01 3.587358476666629770e+01
7.600000000000000000e+01 2.500706010692462655e+01
7.700000000000000000e+01 1.759265163749962113e+01
7.800000000000000000e+01 1.248580530176819536e+01
7.900000000000000000e+01 8.936408327673257546e+00
8.000000000000000000e+01 6.447972455381900225e+00
