0.000000000000000000e+00 inf
1.000000000000000000e+00 inf
2.000000000000000000e+00 inf
3.000000000000000000e+00 inf
4.000000000000000000e+00 8.571429019470775649e+266
5.000000000000000000e+00 8.866554166486308747e+208
6.000000000000000000e+00 1.984331672334723939e+170
7.000000000000000000e+00 4.967497758846378932e+142
8.000000000000000000e+00 1.000112756195410583e+122
9.000000000000000000e+00 8.082432705319521793e+105
1.000000000000000000e+01 1.090249561001385039e+93
1.100000000000000000e+01 3.244341135180214511e+82
1.200000000000000000e+01 5.526223426615961346e+73
1.300000000000000000e+01 2.117280545291074631e+66
1.348870750000000029e+01 1.268800466078396145e+63
1.400000000000000000e+01 9.363661032911585387e+59
1.500000000000000000e+01 2.930525462365223211e+54
1.600000000000000000e+01 4.496987026277141882e+49
1.700000000000000000e+01 2.555706789355947204e+45
1.800000000000000000e+01 4.324306015933154752e+41
1.900000000000000000e+01 1.833675806890726885e+38
2.000000000000000000e+01 1.697648604978478566e+35
2.100000000000000000e+01 3.069325964710134852e+32
2.200000000000000000e+01 9.891174306375197223e+29
2.300000000000000000e+01 5.268667814278273481e+27
2.400000000000000000e+01 4.356246187905508304e+25
2.500000000000000000e+01 5.303287281662127537e+23
2.600000000000000000e+01 9.090642137625667830e+21
2.700000000000000000e+01 2.112197886723799450e+20
2.800000000000000000e+01 6.438561573909815296e+18
2.900000000000000000e+01 2.503503864708324160e+17
3.000000000000000000e+01 1.211767807540595400e+16
3.100000000000000000e+01 7.147989864250378750e+14
3.200000000000000000e+01 5.043962024076885156e+13
3.300000000000000000e+01 4.188803254832249023e+12
3.400000000000000000e+01 4.035309038373273315e+11
3.500000000000000000e+01 4.452385991251647186e+10
3.600000000000000000e+01 5.563002478618209839e+09
3.700000000000000000e+01 7.791647708927948475e+08
3.800000000000000000e+01 1.212331505984017253e+08
3.900000000000000000e+01 2.078502011966487020e+07
4.000000000000000000e+01 3.897984056949817576e+06
4.100000000000000000e+01 7.943703497710708762e+05
4.200000000000000000e+01 1.748656640462118376e+05
4.300000000000000000e+01 4.135500484137718740e+04
4.400000000000000000e+01 1.045570466790717364e+04
4.500000000000000000e+01 2.813388312525053152e+03
4.600000000000000000e+01 8.023680154846900905e+02
4.700000000000000000e+01 2.416334659981380355e+02
4.800000000000000000e+01 7.657468137152515908e+01
4.900000000000000000e+01 2.545557424029393090e+01
5.000000000000000000e+01 8.850882539049552022e+00
5.100000000000000000e+01 3.210208256533539029e+00
5.200000000000000000e+01 1.211565927316402780e+00
5.300000000000000000e+01 4.747134966574406145e-01
5.400000000000000000e+01 1.926941949554747402e-01
5.500000000000000000e+01 8.087265748727566483e-02
5.600000000000000000e+01 3.502972944686257029e-02
5.700000000000000000e+01 1.563284934338447785e-02
5.797785950000000099e+01 7.299397437356824371e-03
5.800000000000000000e+01 7.176557482600727685e-03
5.900000000000000000e+01 3.384001249086839892e-03
6.000000000000000000e+01 1.636748211290299211e-03
6.100000000000000000e+01 8.109844699704725317e-04
6.200000000000000000e+01 4.111477423054975050e-04
6.300000000000000000e+01 2.130339379739626924e-04
6.400000000000000000e+01 1.126948348026985959e-04
6.500000000000000000e+01 6.080408561224599382e-05
6.600000000000000000e+01 3.342941895032269074e-05
6.700000000000000000e+01 1.871156733610843866e-05
6.800000000000000000e+01 1.065419589749293616e-05
6.900000000000000000e+01 6.166232193179726555e-06
7.000000000000000000e+01 3.624827469412085782e-06
7.100000000000000000e+01 2.162833811578329750e-06
7.200000000000000000e+01 1.309016382149074208e-06
7.300000000000000000e+01 8.031209117980060750e-07
7.400000000000000000e+01 4.992037865345228868e-07
7.500000000000000000e+01 3.141919528983554377e-07
7.600000000000000000e+01 2.001266308276890015e-07
7.700000000000000000e+01 1.289409053782897474e-07
7.800000000000000000e+01 8.399381059425577999e-08
7.900000000000000000e+01 5.529429717523124863e-08
8.000000000000000000e+01 3.677100953987143586e-08
