0.000000000000000000e+00 inf
1.000000000000000000e+00 inf
2.000000000000000000e+00 inf
3.000000000000000000e+00 inf
4.000000000000000000e+00 2.011228049417179042e+221
5.000000000000000000e+00 8.226642559934749887e+174
6.000000000000000000e+00 9.888038352148028425e+143
7.000000000000000000e+00 8.202172045833945674e+121
8.000000000000000000e+00 2.275400787644221196e+105
9.000000000000000000e+00 3.041252007785611138e+92
1.000000000000000000e+01 1.538294428742600964e+82
1.100000000000000000e+01 5.833375606340322519e+73
1.200000000000000000e+01 5.635876690354487173e+66
1.300000000000000000e+01 6.571151141048755145e+60
1.348870750000000029e+01 1.736734351272332786e+58
1.400000000000000000e+01 5.422196817525758836e+55
1.500000000000000000e+01 2.140795238377985097e+51
1.600000000000000000e+01 3.015477126166491767e+47
1.700000000000000000e+01 1.210674937690859831e+44
1.800000000000000000e+01 1.163461098173099703e+41
1.900000000000000000e+01 2.331722024044968417e+38
2.000000000000000000e+01 8.727642963305072813e+35
2.100000000000000000e+01 5.580243386130312597e+33
2.200000000000000000e+01 5.665223069393248095e+31
2.300000000000000000e+01 8.597642541117408380e+29
2.400000000000000000e+01 1.854849439294015514e+28
2.500000000000000000e+01 5.453243039924630871e+26
2.600000000000000000e+01 2.108115396453312067e+25
2.700000000000000000e+01 1.039456726050568267e+24
2.800000000000000000e+01 6.368685653561641953e+22
2.900000000000000000e+01 4.740862326657387594e+21
3.000000000000000000e+01 4.204886322170994360e+20
3.100000000000000000e+01 4.368837317596993126e+19
3.200000000000000000e+01 5.238852575038499840e+18
3.300000000000000000e+01 7.156335629812382720e+17
3.400000000000000000e+01 1.100829782983218720e+17
3.500000000000000000e+01 1.887526149054289600e+16
3.600000000000000000e+01 3.574918402925142500e+15
3.700000000000000000e+01 7.418603794006197500e+14
3.800000000000000000e+01 1.674618343753640000e+14
3.900000000000000000e+01 4.085254247104522656e+13
4.000000000000000000e+01 1.070756643290305273e+13
4.100000000000000000e+01 2.999419089862680664e+12
4.200000000000000000e+01 8.936806690424487305e+11
4.300000000000000000e+01 2.819948594789678345e+11
4.400000000000000000e+01 9.386450125757397461e+10
4.500000000000000000e+01 3.283994899663319778e+10
4.600000000000000000e+01 1.203698217387142754e+10
4.700000000000000000e+01 4.608338769398407936e+09
4.800000000000000000e+01 1.837751938304120064e+09
4.900000000000000000e+01 7.614564146435029507e+08
5.000000000000000000e+01 3.270453604926683903e+08
5.100000000000000000e+01 1.452932025882163346e+08
5.200000000000000000e+01 6.663407476238284260e+07
5.300000000000000000e+01 3.148937162339278311e+07
5.400000000000000000e+01 1.530783018934116326e+07
5.500000000000000000e+01 7.642933876017211936e+06
5.600000000000000000e+01 3.913525403080193326e+06
5.700000000000000000e+01 2.052339693773135776e+06
5.797785950000000099e+01 1.115959257805929519e+06
5.800000000000000000e+01 1.100909615730174351e+06
5.900000000000000000e+01 6.033414219713732600e+05
6.000000000000000000e+01 3.374459582520073163e+05
6.100000000000000000e+01 1.924104968101560371e+05
6.200000000000000000e+01 1.117421591019909683e+05
6.300000000000000000e+01 6.603554510122907232e+04
6.400000000000000000e+01 3.967728434140374156e+04
6.500000000000000000e+01 2.421948701405078828e+04
6.600000000000000000e+01 1.500796448066556695e+04
6.700000000000000000e+01 9.434238784596613186e+03
6.800000000000000000e+01 6.012225663216848261e+03
6.900000000000000000e+01 3.881813179687502270e+03
7.000000000000000000e+01 2.537748636091394019e+03
7.100000000000000000e+01 1.678948021370603783e+03
7.200000000000000000e+01 1.123504448008186728e+03
7.300000000000000000e+01 7.600523011151766468e+02
7.400000000000000000e+01 5.195663637417471818e+02
7.500000000000000000e+01 3.587358476666630622e+02
7.600000000000000000e+01 2.500706010692462939e+02
7.700000000000000000e+01 1.759265163749962539e+02
7.800000000000000000e+01 1.248580530176819678e+02
7.900000000000000000e+01 8.936408327673260032e+01
8.000000000000000000e+01 6.447972455381902535e+01
